rewardsSnapshot0,rewardsSnapshot1,rewardsSnapshot2,rewardsSnapshot3,rewardsSnapshot4,rewardsSnapshot5,rewardsSnapshot6,rewardsSnapshot7,rewardsSnapshot8,rewardsSnapshot9
"[ -4.90861525 -12.55448772 -16.39413566  -4.61594642  -2.67647014
 -11.0403117   -7.75002338  -9.92334551  -5.59886437 -10.38412259
  -5.73741519  -4.90861525 -12.55448772 -16.39413566  -4.61594642
  -2.67647014 -11.0403117   -7.75002338  -9.92334551  -5.59886437
 -10.38412259  -5.73741519  -4.90861525 -12.55448772 -16.39413566
  -4.61594642  -2.67647014 -11.0403117   -7.75002338  -9.92334551
  -5.59886437 -10.38412259  -4.90861525 -12.55448772 -16.39413566
  -4.61594642  -2.67647014 -11.0403117   -7.75002338  -9.92334551
  -5.59886437 -10.38412259  -5.73741519  -4.90861525 -12.55448772
 -16.39413566  -4.61594642  -2.67647014 -11.0403117   -7.75002338
  -9.92334551  -5.59886437 -10.38412259  -5.73741519  -3.76076777
  -4.90861525 -12.55448772 -16.39413566  -4.61594642  -2.67647014
 -11.0403117   -7.75002338  -9.92334551  -5.59886437 -10.38412259
  -5.73741519  -4.90861525 -12.55448772 -16.39413566  -4.61594642
  -2.67647014 -11.0403117   -7.75002338  -9.92334551  -5.59886437
 -10.38412259  -5.73741519  -4.90861525 -12.55448772 -16.39413566
  -4.61594642  -2.67647014 -11.0403117   -7.75002338  -9.92334551
  -5.59886437 -10.38412259  -4.90861525 -12.55448772 -16.39413566
  -4.61594642  -2.67647014 -11.0403117   -7.75002338  -9.92334551
  -5.59886437 -10.38412259  -4.90861525 -12.55448772 -16.39413566]","[-19.29072864 -17.7023538  -24.37344234 -24.93376717 -10.90002695
 -14.3298062  -24.75182886 -29.4602827  -17.79938796 -21.6491145
 -20.02228876 -30.3200348  -25.84217024 -25.23180991 -23.69323541
 -20.75216485 -15.74646778 -26.99484344 -31.60783048 -22.22188683
 -15.98936177 -27.72721129 -26.40825857 -16.02693337 -24.22331118
 -24.46946138 -25.83956384 -21.83257708 -28.0094249  -20.99160816
 -19.29072864 -17.7023538  -24.37344234 -15.19777991 -23.39214467
 -19.20084249 -24.90800705 -23.34122813 -16.10623285 -23.52417503
 -30.97649067 -16.97710279 -33.23849371 -23.66689124 -24.67767018
 -25.20641542 -19.27048395 -25.47439891 -25.9380831  -20.65333158
 -33.44699862 -20.77763858 -19.59229236 -24.82885105 -27.92445693
 -25.9380831  -20.65333158 -33.44699862 -20.77763858 -19.59229236
 -24.82885105 -27.92445693 -27.72721129 -26.40825857 -16.02693337
 -24.22331118 -19.44668095 -30.02165843 -26.88877867 -20.43579251
 -21.97059412 -31.13243506 -23.4522132  -34.04911686 -24.67767018
 -25.20641542 -19.27048395 -26.77319314 -21.82463656 -21.00807193
 -35.16947955 -23.93012263 -23.11868185 -22.13410714 -27.45629291
 -20.26742176 -27.82822352 -16.02693337 -24.22331118 -24.46946138
 -25.83956384 -21.83257708 -28.0094249  -20.99160816 -19.29072864
 -17.7023538  -24.37344234 -24.93376717 -23.4522132  -34.04911686]","[  8.04621892  -5.65760919  -9.33389351  -9.71381283   0.08416972
  -1.25667855   2.25035917  -0.5956109  -10.97506913  -0.09226566
  -5.0681471   -3.0155067    4.54794826 -10.24455229   8.78892838
   3.38918222   5.49565259   4.47940016   5.33127257   1.75442133
   0.73578489   4.3460957    3.38918222   5.49565259   4.47940016
   5.33127257   1.75442133   0.73578489   4.3460957   -0.54813241
   0.74212627   6.88427465  -3.40182033  -0.32316012  -4.45550068
  -3.33787332  -9.00144748  -3.98197567   7.813628    -2.77942435
  -0.31819353  -7.10261984  -2.0533328   -2.87772836  -4.45550068
  -3.33787332  -9.00144748  -3.98197567   7.813628    -2.77942435
  -0.31819353  -7.10261984  -2.0533328   -2.87772836   3.29946581
  -9.33389351  -9.71381283   0.08416972  -1.25667855   2.25035917
  -0.5956109  -10.97506913  -0.09226566  -5.0681471   -6.52620423
   0.39815454  -4.51250851  -8.93868822  -9.45575775   1.59204441
   0.28270989  -3.71409481  -0.03919398  -3.68286326  -6.7846093
   3.49244864  -0.57257494   9.52119163  -0.21185441  -0.83398123
   1.74201115 -10.38425385  -7.4546364    6.12891529   0.60086918
   1.35688395   0.88359417   0.72780142  -5.09337402 -10.52986442
   1.94032828   2.18210455  -2.96353176   0.52397445  -8.48569628
   4.93261861  -2.9501751   12.21761665   8.41947501   3.14726582]","[ -4.76531506  -1.86239867 -10.77261744  -5.83786933  -3.96902426
  -0.09830675  -6.45700348  -6.75247688  -1.67066805   1.21640947
  -7.59706516  -8.21168802 -10.72282559  -8.58067991  -2.82899327
  -4.59612548   1.29044616  -5.21192127   0.2473929   -7.65463407
  -4.16577778  -8.53597665  -5.72136925  -5.0075504   -5.61757381
  -8.38258699  -7.30718224  -3.17203818  -4.5921774   -1.38109875
  -4.31784028  -2.59900898  -1.9247246   -6.45228833  -4.03014967
  -2.04535707  -5.85424058  -2.41442865  -2.51540503  -8.81675247
  -8.83989663  -7.27203436  -6.63142163   2.70564314  -1.3684676
  -4.7385174   -6.07809269 -11.58187742  -5.141468    -9.84352567
  -3.47793063  -4.73782504  -4.11880558  -8.21168802 -10.72282559
  -3.89294142  -9.51631391  -3.37715158   0.22724344  -2.14559597
  -9.08488308  -0.75426396  -0.72854421 -12.82840728  -9.73924668
  -3.63512728  -7.58554775  -9.17734424  -4.42027545  -1.3684676
  -4.7385174   -6.07809269 -11.58187742  -5.141468    -9.84352567
  -3.47793063 -12.27679561 -10.64646101 -10.02227513  -6.62669875
  -7.25765287  -6.1152922    3.18115882  -7.239619    -3.69070346
  -8.6591277  -10.74601106  -4.5921774   -1.38109875  -4.31784028
  -2.59900898  -7.92324226  -2.24565602  -7.74859989 -11.43770323
   0.01752901  -1.25919303  -4.80263104  -2.26887075  -2.84589859]","[ -6.75057791  -7.57594809  -0.47020886  -0.61539445  -9.34290043
  -5.50166265  -5.95116108  -4.13108774  -2.48055581 -11.83889017
  -6.9284723   -8.8654711    0.85526321  -5.19582637 -10.93691647
 -10.38308285  -3.7248492   -9.17193457  -7.59100586   1.19571908
  -7.2523728   -7.9462802  -11.51060108 -11.52836848 -10.80377212
 -10.76009042  -5.16490174  -6.73525095  -8.20487836  -9.4157668
  -7.00331453  -2.1233822   -4.04689021 -11.51060108 -11.52836848
 -10.80377212 -10.76009042  -5.16490174  -6.73525095  -8.20487836
  -9.4157668   -7.00331453  -2.1233822   -4.04689021  -6.32575592
 -10.48617123   0.35439464   2.76381151  -7.37976713 -13.90626427
   4.47498173 -13.93007119  -3.40480444  -1.28854834  -7.75635306
  -6.4812354   -2.1489284   -6.46294636  -7.10562874   1.40308183
  -8.1551966   -9.26925328   2.05266956 -11.17306938  -5.95133384
  -3.56852886 -10.76009042  -5.16490174  -6.73525095  -8.20487836
  -9.4157668   -7.00331453  -2.1233822   -4.04689021  -4.19168096
  -4.71734859  -8.09848288  -6.32575592  -5.11679375 -11.56289044
  -9.85450387  -8.22120209   1.57127227  -4.82989256  -6.16487881
  -7.95775729  -2.11914368 -10.37160575  -5.50166265  -5.95116108
  -4.13108774  -2.48055581 -11.83889017  -6.9284723   -8.13547278
   1.4536542    2.20408821   4.62469866  -6.4812354   -2.1489284 ]","[  0.64449843   8.02828191   3.11736653   3.67689329   3.66569236
   7.15113436   7.79798219   7.56690959   2.95932822   2.34170499
  -0.28850526   3.17375465  10.53853228   9.94708148   5.73548705
  -5.75327233   3.87900226  -3.20120634   9.65978782  -0.21948335
   6.66953992   2.42988376   8.00345088   5.42172548   4.44996191
  10.60846933   3.57776363   6.34824401  -0.91059173   2.46011984
   6.88509279   3.35738195   6.92083065   1.35956061   8.86919554
   5.01920467   9.88160302   8.28171264   8.72552007   5.73740088
   8.08745598   3.37569487   3.33440857   5.84011058   2.55004051
   8.88136126  -5.29495788  -3.78045159  -0.60995675   6.18283716
   9.93986944   4.10575178  -4.00411237   5.30883742   2.95932822
   2.34170499   5.40010709  -1.38327056   9.04180115   8.45573645
  -3.09953783   4.86532049   2.51592291   3.58714962   7.23383818
   0.48264754  -1.03696726   8.08928516   3.50460706   4.12024326
  14.05718467   5.66576692   1.78092587   5.13659796   1.8618661
   5.82653018   4.7302926   -3.87294896   5.99310693   4.48068722
  -0.5167454   -0.96411848   2.27542258   4.73250233   2.65407397
   1.4334484   -5.25867776   4.64336837   9.27461085   3.45586853
  -3.8186372   -2.81108974   4.09350513  -3.47564816  13.23172031
  -0.50963297  -3.50238117   9.45750712   2.34170499   5.40010709]","[ 3.07604806 -3.34477884  5.71203528 -6.0946198  -0.81917719 -7.90981158
  2.1459711  -3.85591241 -1.38245279 -1.77913372  1.74537516  7.94795888
 -3.35274598  4.21755896 -5.67490263 -5.07608581  2.26400323 -0.73080099
 -2.29049085  1.35441527 -6.13781415  0.97992319 -6.90980431 -3.50934849
  1.67865469  0.38859259 -1.53694625 -0.70380589 -5.65364129 -5.0067728
  7.94795888 -3.35274598  4.21755896 -0.95422146  1.40474809  2.59414212
 -6.66421602  3.15765085 -2.94412266 -0.35765079 -1.72272393 -7.0004357
  2.27929762 -5.02349713  5.91169161 -2.56183364  0.16420247  0.77636833
 -1.14927007 -0.07399632 -7.61332067  3.75896418  0.11037272 -3.70401551
  0.15100761 -3.67012204  1.60241593  3.94953712  5.54875259 -0.78902675
 -7.18244819  6.9211144   2.55137646 -0.74770078  5.40434772 -1.4394831
 -0.03672436 -3.79154382  3.18934457 -3.30073852 -2.46511273 -7.12872686
  3.0321502   5.64077511 -2.1993252   3.6874432  -3.39344275 -1.25472341
  2.43023893  2.92385647  6.70370112  4.04300602  1.01666463 -1.25945266
 -2.53819437 -2.79038207  6.31008772 -0.67327026 -3.79069525  4.20234026
 -3.16488936 -6.90980431 -3.50934849  1.67865469  0.38859259 -1.53694625
 -0.70380589 -5.65364129 -5.0067728   5.71203528]","[  2.43882798   8.42847291  10.04626047   8.39842168   4.78846741
   7.37143831   4.06168935   2.62223459   2.64532588  10.48421199
   7.53089801   1.03657409   8.57288951  10.52468476   8.18194436
   3.91374437   4.92157115   1.59109589  10.19136708   8.11661116
  10.59887708   8.65749634  15.14316116   3.53233642   9.9059519
   4.31091335   3.85061185   8.51144636   5.01697994   6.73940621
   1.51027009   9.8322065    1.03657409   8.57288951  10.52468476
   8.18194436   3.91374437   4.92157115   1.59109589  10.19136708
   8.11661116  10.59887708   8.63696408  -1.04400314  11.68302228
  -0.97909594   6.4068356   10.52728783   5.36938523  11.13531934
   5.90901032   7.76654237   3.97189934   6.06078429   6.50975089
   2.38086569   9.22109775   2.66501546  10.70968813  -1.89456694
  -0.09775313   9.60390635   4.50721191   7.45927753   5.27112775
   5.87743745   8.51144636   5.01697994   6.73940621   1.51027009
   9.8322065    4.52518727   4.93405569   3.30400124   6.62533888
  11.02502551   4.51251496   4.13933629   3.84203889   8.73176703
   3.43572373   7.14195155   4.9237671    8.70034754   6.05591235
   7.59220792   5.83390318  11.70834325   2.08202093  -0.42113554
   6.00786985   2.65854284   0.42239902  10.864129     1.09736535
  11.38777786   2.10481402  -1.84295767  -0.60550548   8.65749634]","[ -2.38628044  -2.86891072  -4.77265302  -9.13397005  -2.6800981
 -14.60553437  -5.80726918  -6.11529914  -3.61576467   4.38701659
   7.97126813   4.90138856  -7.45300324   1.6364966   -9.50641708
   4.61082385   2.90374063  -6.3253338  -11.3002021   -2.0128129
  -9.74926648  -1.94578743  -0.77191571   1.99946338   4.64680685
  -8.25249194   7.41704585   1.52215442   4.74397932   3.07621749
   4.90138856  -7.45300324   1.6364966    2.90374063  -6.3253338
 -11.3002021   -2.0128129   -9.74926648  -1.94578743   2.10541456
  -1.29620588   0.43838611  -0.40500495   6.16000005  -3.15054487
   2.6923566    0.47542854  -7.47373374   0.46993792   5.28284963
   3.6926357   -0.07280291  -9.33503667  -4.01189773   3.24011965
  -0.74529397   6.26311272   2.22417183  -4.4914801   -0.05563976
  -7.30673586  -3.48895959  -2.65485285   2.96347099   5.2195671
  -1.4210931    5.44600626  -2.68831248   2.52322093  -6.75013239
  -2.85082948   1.82668319  -8.24030039  -1.65316504  -7.96243277
 -14.3081635    6.15114387   1.4688029    0.84503744  -0.99083578
  -5.84213055  -3.47767536   5.76392857  -0.82646695  -4.01501646
  -5.59004918   0.99008376  -3.2808466   -6.33184841  -6.11540411
   3.12845249  -0.9254121    1.46980078   0.39182056  -2.75378734
  -0.92511412   0.7275341    3.57148883   1.4688029    0.84503744]","[ -5.79203472  -0.58463216  -2.68474757  -7.89371832  -4.30930508
  -6.84725076  -7.62500134  -9.91329686  -0.15220925  -4.32227924
  -7.40767807   2.66797367  -7.79739103  -0.60850225  -4.03026882
   0.03313518   1.67000442  -4.94679404  -4.54214358  -4.00997969
  -6.71633261  -4.76596709  -0.82575683 -12.66067076  -6.66258938
  -5.80547515  -9.43561134  -1.12968349   3.98514605  -1.47200161
  -2.18323816  -7.08984042  -0.0986074   -2.35583537  -6.98933717
  -0.48072187 -10.83174119  -6.82378602   2.66797367  -7.79739103
  -0.60850225  -4.03026882   0.03313518   1.67000442  -7.21458036
 -13.41991243  -0.71757001  -6.27737157  -6.03844469  -5.89422224
  -7.34619463   3.35250019  -4.47836463  -4.74800542  -5.46833392
  -8.7866891   -9.71272582  -0.72336981  -2.55299215  -4.94511107
 -11.79219197 -11.93588314  -4.42065013  -7.99017535  -1.40876962
  -8.98257085  -9.43561134  -1.12968349   3.98514605  -1.47200161
  -2.18323816  -7.08984042  -0.0986074   -3.44077884   4.17687544
  -2.95180004  -4.95573952  -2.79776369  -6.16909773  -3.54872738
  -3.58931042  -9.22911634  -4.75180321  -9.73318401  -1.47723525
  -6.82228229  -2.17219046   0.62344924  -3.5808139   -2.94938942
  -4.4124261   -6.86497414  -0.07821251  -7.06832844   3.4581414
  -1.98559589  -4.73113138  -2.03665873  -0.45011229  -2.95189532]"
"[-8.69128793 -0.57029621 -6.84515919 -7.2361973  -7.37812085 -6.24939924
 -1.99591864 -9.1241249  -6.0706964  -4.56414597 -3.44993333 -7.2361973
 -7.37812085 -6.24939924 -1.99591864 -9.1241249  -6.0706964  -4.56414597
 -3.44993333 -7.84190779 -5.23925925 -8.82341    -7.37812085 -6.24939924
 -1.99591864 -9.1241249  -6.0706964  -4.56414597 -3.44993333 -7.84190779
 -5.23925925 -8.82341    -7.41001939 -6.84515919 -7.2361973  -7.37812085
 -6.24939924 -1.99591864 -9.1241249  -6.0706964  -4.56414597 -3.44993333
 -7.84190779 -5.23925925 -6.84515919 -7.2361973  -7.37812085 -6.24939924
 -1.99591864 -9.1241249  -6.0706964  -4.56414597 -3.44993333 -7.84190779
 -5.23925925 -6.84515919 -7.2361973  -7.37812085 -6.24939924 -1.99591864
 -9.1241249  -6.0706964  -4.56414597 -3.44993333 -7.84190779 -5.23925925
 -0.57029621 -6.84515919 -7.2361973  -7.37812085 -6.24939924 -1.99591864
 -9.1241249  -6.0706964  -4.56414597 -3.44993333 -7.84190779 -7.2361973
 -7.37812085 -6.24939924 -1.99591864 -9.1241249  -6.0706964  -4.56414597
 -3.44993333 -7.84190779 -5.23925925 -8.82341    -0.57029621 -6.84515919
 -7.2361973  -7.37812085 -6.24939924 -1.99591864 -9.1241249  -6.0706964
 -4.56414597 -3.44993333 -7.84190779 -6.84515919]","[-14.99479598 -21.60612004 -11.95196369 -20.41801674 -24.92341328
 -28.73651524 -20.47753866 -27.75118955 -29.7591928  -25.45595194
 -20.12899445 -23.5137155  -22.48735585 -24.2254206  -15.59581748
 -27.95496215 -23.98933805 -24.78943815 -26.54177397 -23.43449751
 -21.68085189 -20.58763385 -18.05270109 -16.70193951 -30.25095506
 -18.02946056 -29.58855868 -25.22406213 -28.01624311 -22.76274586
 -18.86170311 -21.48146779 -22.40738493 -20.47753866 -27.75118955
 -29.7591928  -25.45595194 -20.12899445 -15.58508192 -25.05470638
 -18.86486593 -20.8139941  -29.30909884 -20.70313617 -27.24010826
 -17.28740563 -20.25281068 -20.26804166 -28.8143715  -18.25764155
 -26.44492018 -14.43542998 -24.8682058  -21.50814093 -18.36411503
 -14.43542998 -24.8682058  -21.50814093 -18.36411503 -22.84928962
 -23.63614012 -15.25618097 -14.20523898 -12.79848462 -16.25811452
 -21.37223203 -15.25618097 -14.20523898 -12.79848462 -16.25811452
 -21.37223203 -12.51274647 -13.58354567 -25.04355367 -24.71744225
 -14.99479598 -21.60612004 -21.50814093 -18.36411503 -22.84928962
 -23.63614012 -15.25618097 -14.20523898 -12.79848462 -16.25811452
 -21.37223203 -12.51274647 -13.58354567 -20.53204796 -16.18131536
 -17.38616247 -24.73611943 -24.24396066 -24.39292996 -28.93692591
 -22.58655523 -21.13298794 -18.40840094 -24.71744225 -14.99479598]","[ -5.00393892   1.15319923   1.26015635   0.3621417    9.56900983
   1.07921577  -0.72294857  -1.17623909   8.01612052   6.48526285
  -4.41174518   4.47108877   2.66542591   5.99091879  -7.63678276
  -0.4993358    3.79114353   9.34253572   4.16146941  -2.721829
   7.86436199  -4.41174518   4.47108877   2.66542591   5.99091879
  -7.63678276  -0.4993358    3.79114353   9.34253572   4.16146941
  -2.721829     7.86436199   5.30357222   5.01444047   7.8156044
   2.99656189   1.5100198    2.67398565   1.25974563   7.53112636
  16.52853423  -3.30882844   7.04902487   8.81778424   1.50019968
   8.24730914  -3.5671064    3.49458684   6.63962379   2.07696603
   9.72386725   7.95464009   0.03040998   0.09555093  -5.28950757
   2.3546791    3.27105273   5.30357222   5.01444047   7.8156044
   2.99656189   1.5100198    2.67398565   1.25974563   7.53112636
   0.13002502  -0.92734403  -3.62686139   0.07836081   6.82864976
  -2.66335189  -3.76887777   6.66467112   4.27502578   5.73633421
   0.16671454   0.74935742   1.88754931   2.60516145   6.99317445
   3.63644698   8.50229742   3.1627918    9.48968053   7.9878027
   8.91865264  -3.91727753   5.30610008  11.591896     0.76311986
   4.16950987   1.34979443  -8.66826339   5.76158541   7.64361633
   7.83640102  12.50254521   4.70973608   6.36278318   7.15529956]","[ -8.53929303   2.88910085  -4.22630407   0.6266038   -4.47535494
  -5.20531115  -7.45910602  -3.53321172  -3.34916557  -7.29341491
  -8.13311903  -0.90242434  -6.25154145  -8.00308932  -7.81257306
  -2.74630229  -5.48110394  -3.0517086   -1.39695973  -5.82166597
  -3.50492596  -3.63518824  -4.7057875   -5.73002483  -8.23372265
  -0.7070231   -6.01157719  -8.46192015  -4.73729021  -0.90242434
  -6.25154145  -8.00308932  -5.63521804  -6.0275042   -2.7566994
   3.25854988  -4.20116471  -4.12390113  -8.07567484  -9.21494986
  -4.90429901  -9.08512511  -0.1776394   -4.96899685  -7.55125612
  -9.2300576   -8.82192696  -7.54289717  -1.40824422   1.30385963
   1.46802104  -3.13460343  -3.09425294   0.01236697  -1.27430901
 -11.27514024  -0.72314834 -12.01696736  -1.50887286  -0.34721287
  -5.268568    -0.43301869  -9.44215111   1.63870084  -7.59851658
  -6.96764986  -3.7984025   -9.58790822 -10.79518192  -4.63352771
   2.97066317  -5.42304698  -4.92533019 -10.38126283  -3.88604754
  -8.81065878  -6.5248962   -7.11219732  -6.91276829  -7.09567382
  -1.3073905   -5.8952963   -3.76984364  -6.20275916  -0.78503303
  -1.37413443  -9.42828958  -5.66502174   1.07008906  -5.45694062
  -7.13258882  -3.63518824  -4.7057875   -5.73002483  -8.23372265
  -0.7070231   -6.01157719  -8.46192015  -3.34916557  -7.29341491]","[ -3.60481498  -9.37447812  -4.9705629   -2.38299637   1.6964089
  -9.49816961  -6.40866529  -2.62465091  -1.13579113 -11.02384671
   1.60921241  -6.55404842  -3.84506385 -10.30318319  -4.42839822
  -9.55902632  -5.84012561 -14.13911269  -7.11959954   1.37115905
  -2.62997265  -4.29090023  -6.95383372 -13.65549257   4.71718434
 -13.2377262   -0.18871126  -1.36918567  -7.19818194   2.3916132
  -8.35385753  -2.95111802 -10.48188289  -3.61037419  -2.28472199
 -11.69208243   3.06543395  -1.25478896 -10.02421283  -4.70620816
  -8.79511201  -4.30791698  -9.11438409  -4.60539492  -6.95383372
 -13.65549257   4.71718434 -13.2377262   -0.18871126  -1.36918567
  -7.19818194   2.3916132   -8.35385753  -2.95111802 -10.48188289
  -4.10318528  -3.93428882   0.11895459 -12.00828726  -1.98133582
  -0.57891297   0.61557652  -6.95971001  -0.12370249  -8.99909594
  -3.51216993   1.18202344  -2.73691765  -6.55404842  -3.84506385
 -10.30318319  -4.42839822  -9.55902632  -5.84012561 -14.13911269
  -7.11959954  -4.10318528  -3.93428882   0.11895459 -12.00828726
  -1.98133582  -0.57891297   0.61557652  -6.95971001  -0.12370249
  -8.99909594  -7.32343666  -1.36918567  -7.19818194   2.3916132
  -8.35385753  -2.95111802 -10.48188289  -5.04221848  -6.70504734
  -7.70468362  -3.44122844  -3.61037419  -1.21313443  -3.19994431]","[ 15.34612288  20.8968927   15.17232278  15.11187503  18.83529019
  24.41314522   5.94543051  12.62271509  19.07319638  18.82905392
  10.43430711   9.02397624  10.26307473  13.18249233  15.07178767
   8.88674609   5.96771964  16.60326355  12.302263    15.83213358
  17.24007151  12.25640119  17.2197228   20.10441937  10.85592281
   5.83998954  10.46141264  16.55719554  14.33922795  17.7851969
  13.10234024  14.88982068  16.53767464  22.40222574  10.07508309
   3.48836016  16.02882362   7.01824858   2.28985779  14.17539136
  18.2967749    8.86360173  19.79437467  21.59318749  18.86730326
  13.31530321   9.36881954  10.29880834  11.12862098  11.85299253
  20.52988195  17.22818062  12.34491459  14.58048248  15.21638947
  13.09077342  10.56333599  19.49825602  16.28081225  22.92855295
  13.70659166  16.03183223   5.78032727  18.56634141  14.38672135
  18.83550652  11.56340803   3.06122907  15.76798345  17.59775434
  15.81168557  16.98577463  15.95039102  16.18381578  14.31343323
  17.22721236  16.88170292  14.88982068  21.59318749  18.86730326
  13.31530321   9.36881954  10.29880834  11.12862098  11.85299253
  20.52988195  17.22818062  12.34491459  14.57019866  12.56310211
  22.15643863  13.02642798  15.85998176  18.47065518   8.18156569
   2.43107525  12.52743269  12.60534268  15.90595468  18.49010121]","[  6.20755886  -3.90655784   3.11719255   7.62646673   2.07869276
   5.72861504   5.26478917  -3.83782526  -6.41253927   6.92559727
   3.50469931   3.86368499  -2.6572019   -0.08773867   4.55132611
   5.51264382  -4.75917394  -3.29573212   7.97941717   4.53247689
   2.19806115   6.74106697   1.27239566   2.67789325  -0.29002354
   7.66408719   1.25823212   1.94169921   8.87052614   2.16519635
   2.03831748   1.43177268   5.95430609  10.24532037   2.05820479
   6.10584041   3.45965196   8.27279585   4.09066404  -3.07617681
  -3.72374921   1.27239566   2.67789325  -0.29002354   1.95269039
  -0.31349299  -5.99744227   4.47786448   2.18947658   0.68424919
  -0.10473597   1.42327226   6.64997424   7.07862061   6.00932768
  -5.99744227   4.47786448   2.18947658   0.68424919  -0.10473597
   1.42327226   6.64997424   7.07862061   6.00932768  12.1228467
  -6.18354765  -0.46038148   1.94660769  -6.06936417   3.08441784
   3.98091611  -2.94629181   4.21898612   4.45889555  -2.93796663
   3.7035033    2.56589737   4.38466914   5.84841206   2.82452081
  -1.50420494   3.71225063   6.77384638   4.20578069   2.27106746
   3.49178034   2.94395722   6.92535044   1.52405654   7.99078584
   2.90060203   5.00756618   3.14609414   5.90020349   5.27443011
   2.40389578   2.46556425   3.5415183    5.5203862    0.96748779]","[  8.33797357   8.07853388   2.29785047  12.18040864  11.93400241
   6.69088657   8.41493442   5.71812232   7.29034875  13.08483694
   8.04452293   4.30240549   5.15123985   8.85278007   9.64896075
   5.93101149   8.06152766   6.36886631   8.41202261   6.5035778
   8.29341864   8.5209838    2.47811071   4.22629849   5.07090197
   8.20664876  12.4628679    8.72754183  10.14891076   5.81441343
   4.38108532   8.72973352  10.89739751   8.33797357   8.07853388
   2.29785047  12.18040864  11.93400241   6.69088657   8.41493442
   5.71812232   7.29034875  13.08483694   8.04452293   3.041944
   1.20448662   6.3915638   11.80355005   4.92268945   7.83050379
   5.44735261   5.91927659   5.35795456   2.63599895   0.92444969
   4.92268945   7.83050379   5.44735261   5.91927659   5.35795456
   2.63599895   0.92444969   9.96973905  -0.78424529   9.41669188
   8.84777705   7.57777079   3.99244631  16.6019037    7.43556613
   2.07399296  12.85720175   4.7375804    6.17641685   5.69383764
   8.49856429  11.26631502   5.71812232   7.29034875  13.08483694
   8.04452293  10.63021896   8.63266914   3.9866215    2.59227045
   8.66512557  11.30265745   7.48580712  11.75501038  10.28557502
   6.47550352   6.42151062   4.00758401   4.07360888   6.83779722
   9.64913929   7.34878382   6.75229505  11.22424192   6.68718258]","[ -3.42333922   1.83368117   3.03809381   2.45081653   1.74316622
   3.27643108  -0.42182392   2.70232663  -2.73921229  -4.45760221
  -1.3912761    1.83368117   3.03809381   2.45081653   1.74316622
   3.27643108  -0.42182392   2.70232663  -2.73921229  -4.45760221
  -1.3912761    5.41666132  -2.20168815  -3.1021557   -2.54956751
   2.99031493   6.03997905  -0.49363242  -5.28410096  -9.30162525
  -4.28168835   5.53394358  -3.54472201   4.70916737   7.18669543
  -6.08292934   4.03546396   9.90775318   3.67578124   2.05413225
   4.25365967  -4.81448281  -0.91353981   8.26606063   4.65465494
   1.1606658    2.06108897  -0.12844912  -4.9113067   -0.72884263
  -1.68928192  -0.6607221    3.9769017  -13.434415    -1.15267735
   7.10246375  -2.93496822   5.56314125   0.72403525   1.19482125
  -3.49232679   6.66870974  -7.88238254   0.56856061  -5.03711465
  -0.60957126  -4.00729452  -3.82067802   5.8228861    4.44226174
  -1.53661821   4.53405431  -7.57031295   4.98544437  -3.86732865
   0.82390916   1.41093581  -0.84009836   3.47466807  -4.26899396
   0.61461518 -11.28727511   4.36769152  11.36480925   0.38375091
  -5.13290897   8.58564998  -8.02843877   6.81566515   5.6239276
   5.66389831   2.89302886   5.87774111  -3.08975888   4.25502515
  -6.32624656   3.93128984   5.08594945  -4.81448281  -0.91353981]","[ -4.02589259  -9.59330146  -2.89139832  -4.03018938  -6.33010677
  -5.59582538  -3.05874868  -3.9694458   -7.61406978  -6.35295458
  -7.74831409  -7.61406978  -6.35295458  -7.74831409  -1.01145286
  -7.84936142  -6.21102437  -4.05113884  -9.21940498  -1.69748874
   3.87442674  -1.7940721   -3.17934952  -2.74016324  -6.96726885
  -0.52137058  -3.81023505 -10.93417253  -3.91000821  -4.31133466
   1.28627924   4.36688583  -3.26027971  -6.02223486  -6.46358726
  -8.02685632  -2.60198486  -1.90712161  -4.13197121  -8.57201164
  -3.79367463  -2.6628906   -4.56222851  -0.08054155  -7.39196906
   0.17720573 -10.90633014  -7.5992916    2.50169393  -7.81071362
   0.11893307  -4.13687924   0.14233829   2.42835048  -4.97698553
  -4.76022925  -7.97527844  -6.80138223  -3.33585282  -6.79604905
  -5.76625859 -10.70750452  -3.23111432  -3.77905733  -2.83176926
  -5.10104673   2.85096185 -11.99644484   0.64386355  -2.56294996
  -1.17207297  -6.42251314  -4.15438095  -8.07485719  -6.00954751
  -3.56419542  -7.84936142  -6.21102437  -4.05113884  -9.21940498
  -1.69748874   3.87442674  -1.7940721   -2.3888563   -5.54085473
   0.68730238  -3.02327074  -1.51755678  -0.89523954  -7.27131649
   7.13664363  -4.76022925  -7.97527844  -6.80138223  -3.33585282
  -6.79604905  -5.76625859 -10.70750452  -4.66071094  -0.1990147 ]"
"[ -4.77563192 -11.849386    -4.47400307 -15.7196172   -7.65065099
  -7.76293241 -10.70234305 -10.00392694  -5.12137854  -5.63156732
  -8.58265971  -7.65065099  -7.76293241 -10.70234305 -10.00392694
  -5.12137854  -5.63156732  -8.58265971 -11.31960494  -8.50274421
  -8.66521271  -8.80160642  -7.76293241 -10.70234305 -10.00392694
  -5.12137854  -5.63156732  -8.58265971 -11.31960494  -8.50274421
  -8.66521271  -8.80160642 -11.849386    -4.47400307 -15.7196172
  -7.65065099  -7.76293241 -10.70234305 -10.00392694  -5.12137854
  -5.63156732  -8.58265971 -11.31960494  -7.65065099  -7.76293241
 -10.70234305 -10.00392694  -5.12137854  -5.63156732  -8.58265971
 -11.31960494  -8.50274421  -8.66521271  -8.80160642  -9.32406429
  -4.47400307 -15.7196172   -7.65065099  -7.76293241 -10.70234305
 -10.00392694  -5.12137854  -5.63156732  -8.58265971 -11.31960494
  -8.50274421  -4.47400307 -15.7196172   -7.65065099  -7.76293241
 -10.70234305 -10.00392694  -5.12137854  -5.63156732  -8.58265971
 -11.31960494  -8.50274421 -15.7196172   -7.65065099  -7.76293241
 -10.70234305 -10.00392694  -5.12137854  -5.63156732  -8.58265971
 -11.31960494  -8.50274421  -8.66521271  -4.77563192 -11.849386
  -4.47400307 -15.7196172   -7.65065099  -7.76293241 -10.70234305
 -10.00392694  -5.12137854  -5.63156732  -8.58265971 -11.849386  ]","[-20.56496846 -13.02235104 -15.11606475 -18.68382718 -26.27984194
 -16.65561295 -22.46493813 -15.06233201 -14.34592386 -26.36190334
 -30.43671267 -26.36190334 -30.43671267 -18.42092425 -26.51330848
 -27.19131133 -18.20193544 -18.33191442 -13.41115719 -20.32428664
 -23.12531155 -18.75686241 -29.64437416 -20.37894807 -25.33277841
 -12.94386079 -20.77748516 -22.95085649 -13.54641172 -14.45072517
 -15.61765684 -19.19626973 -21.35152609 -20.74454269 -19.88871244
 -26.51330848 -27.19131133 -18.20193544 -18.33191442 -13.41115719
 -20.32428664 -23.12531155 -18.75686241 -29.64437416 -20.37894807
 -25.33277841 -12.94386079 -15.61765684 -19.19626973 -21.35152609
 -20.74454269 -19.88871244 -23.52443941 -27.16880048 -22.11549578
 -21.6094568  -16.874752   -13.2186994  -15.06233201 -14.34592386
 -26.36190334 -30.43671267 -18.42092425 -26.51330848 -27.19131133
 -18.20193544 -18.33191442 -13.41115719 -20.32428664 -26.42917752
 -19.67700044 -24.38459167 -17.88035797 -23.42914842 -21.44171891
 -16.17286038 -24.56920108 -17.67019289 -14.00356348 -20.36323482
 -24.06298973 -24.98255835 -18.08683022 -15.08339104 -14.23208048
 -24.46794391 -20.84998902 -18.60619939 -20.67233666 -21.0322175
 -20.37894807 -25.33277841 -12.94386079 -20.77748516 -22.95085649
 -13.54641172 -14.45072517 -15.61765684 -19.19626973 -21.35152609]","[ -1.8061527    4.53649476   6.90429148  13.21477947  12.89098618
  11.94080077   5.6024733    3.99546646   5.69193216   3.89687966
  12.62904684  10.31026774   0.2524068    1.60780768   2.94232991
   5.02136961   6.50395565   4.96464964   2.46342613  10.08096048
   5.77812269  -2.35445644   9.88058856   5.25381416  12.62904684
  10.31026774   0.2524068    1.60780768   2.94232991   5.02136961
   6.50395565   4.96464964   5.8135274    5.74742184  -0.86475791
   0.74049154  11.54389306   7.97984583  -1.74105237   9.97628582
   4.27055283  10.11934234   8.27734487   7.36229079   6.6067722
   6.24567385   5.10317512  -2.02549769   8.42237789   8.56791472
   9.92764555  10.41564792   4.52011337   5.38569869   3.2193668
   2.59352909   3.08234982   4.06386322   4.24138425   4.04752893
   5.86747091   1.94459923  11.07860035   2.90663934   9.81650899
  11.54389306   7.97984583  -1.74105237   9.97628582   4.27055283
  10.11934234   8.27734487   4.62716961  10.50665424  -1.69889114
   8.2416396    3.21348584   6.51184462  14.21547206   3.46474465
   7.10626207   5.72755347   5.51875553   1.10586414  -2.14920988
   0.36984919   5.91568788   3.21348584   6.51184462  14.21547206
   3.46474465   7.10626207   5.72755347   5.51875553   1.10586414
  -2.14920988   0.36984919   5.91568788   9.66150304  15.95611378]","[ -9.4367077   -6.58849583  -3.62524796 -10.88788133  -2.92057863
 -11.11474801  -3.32993074   0.81794739  -6.39125468  -9.12886315
  -7.42631527  -0.31211563  -3.68326369  -5.69798349 -11.65021722
  -6.79274738  -9.60059502  -2.61661276  -7.01511462  -3.94923585
  -7.63238523 -12.25739612  -9.81478796  -7.29973979  -6.43260534
   3.1201419   -8.53986651  -9.35312656   2.60604783  -6.67045429
  -8.53415766  -8.98291017  -9.40393884  -5.60954013  -7.76071879
  -1.4703252   -0.93734172  -4.0364411   -0.06278138  -8.5273805
  -0.91521963  -9.19534035  -9.21141532  -7.63238523 -12.25739612
  -8.67627039  -1.88627166  -2.80253222   1.8035474   -5.3730078
   2.14616364  -4.90644724  -6.9678934   -3.77455076  -4.73517304
  -3.20790403  -1.01623089  -5.02882691  -4.56145077  -1.56746578
  -8.89002787  -9.81478796  -7.29973979  -6.43260534   3.1201419
  -6.50261602  -2.5545357   -8.27469136  -1.70776014  -4.73517304
  -3.20790403  -1.01623089  -5.02882691  -4.56145077  -1.56746578
  -8.89002787  -8.56368522  -6.32185068  -9.78876246  -3.87667478
  -7.35661729  -8.14393677  -2.25925267  -2.4243654   -9.69688087
  -8.44874593  -6.24374495  -2.5485868    1.34557122   0.65522807
  -3.24105368  -4.10409354  -0.58414618   3.16143643  -0.98343159
  -0.16099639  -4.54398126  -4.42951786  -7.12181799  -6.92293978]","[ -2.65640203  -8.76503223   3.40371287  -1.11910695  -9.7545828
  -4.65004762  -9.00855076  -4.67941739  -6.54536494  -3.97717032
  -9.03206461  -2.65640203  -8.76503223   3.40371287  -1.11910695
  -9.7545828   -4.65004762  -9.00855076  -4.67941739  -6.54536494
  -3.97717032  -9.03206461 -10.00995361  -2.13847933  -6.49030176
   1.94669651  -9.5937656   -3.60343504  -2.48700256  -5.36661716
  -7.83551109   0.25235169  -6.47671002  -5.76254978  -6.21512691
  -4.00799516  -5.03456326  -3.18612     -1.52956451  -4.05965144
  -5.45140357  -2.94664889 -10.41196097  -6.81627773  -2.37730445
  -3.115938    -4.19250803  -9.57976596   1.77659705  -6.42732161
  -4.50894907  -4.64120761  -1.13401699  -9.91213377  -6.49030176
   1.94669651  -9.5937656   -3.60343504  -2.48700256  -5.36661716
  -7.83551109   0.25235169  -6.47671002  -1.80943175 -10.8896055
  -2.37730445  -3.115938    -4.19250803  -9.57976596   1.77659705
  -6.42732161  -4.50894907  -4.64120761  -1.13401699  -9.91213377
   0.60908243  -7.37541163 -12.5017522   -7.51570326  -6.89985625
  -3.04503822  -5.22153012  -8.20863408  -2.12423712  -3.20560354
  -3.07172741  -7.48903031  -9.00855076  -4.67941739  -6.54536494
  -3.97717032  -9.03206461  -0.16651029  -6.3740619   -0.52964707
  -8.42417512  -7.21306942   2.59111112   2.59111112  -9.80358335]","[ 17.46748386   6.5125455   15.88513402  22.52877814  16.50034015
   8.12644962  17.54045533  24.50387498  22.07850647  21.03731821
  11.00331626   8.9055917   15.46033666  14.2640831   16.34018678
  10.8665639   16.86393286   3.74906752  10.84847744  19.307348
  16.83539376  11.38023255  12.86268914  15.10260805  17.3971439
  16.21854076  20.46189992   5.64497778  13.30040095   8.52951671
  14.5086017   11.89684066  15.37434184  15.33430692  13.51442584
  19.18597408  15.90739477  19.67543161  10.38718785  23.22062737
  17.94137248  10.60517646  12.19528206  12.19528206  22.26516092
   9.0586431   11.89851587  15.05386092  15.74242233  20.04473442
  19.8277862    7.20692144  22.84278514  17.51682358  16.22919555
  16.9010156   14.39160107  14.86300526  17.40156167  10.81717696
  14.01470319  14.22277563  14.328275    19.2634001   13.30883369
  10.88039614  18.25136197  13.74270843  15.66085612  23.45497645
  23.72132968   5.6343519    7.31698453  13.00959794  13.07706061
  10.26740229  17.13054607  10.33000405  19.29172556  14.60922692
  12.33999129  18.87323214  14.41910745   8.49371343  14.27814959
  18.55828787  17.51682358  11.61714449  17.35657258  11.38023255
  12.86268914  15.10260805  17.3971439   16.21854076  20.46189992
   5.64497778  13.30040095   8.52951671  21.93351452  15.84201957]","[  2.14353616  -1.22892092   2.00376663   4.84329055  -4.95562002
   2.20839374   4.55610106  -5.19839247  -7.23563919  10.33173367
   1.16892268   3.81599589  -5.16910435  -2.03574246   6.46288808
   3.14516076   6.26819174   1.86251739  -1.64541288   2.81528817
   6.07405537  -2.79201432   5.50263777   3.39336408   7.27344197
  -4.35059715  -0.78014835   0.07699359   4.44767039   0.04149388
   4.00608077  -1.83101855   6.9916028    5.13348599  -0.60766651
   2.4111894    3.05766287   1.9309372   -3.63808553   2.61792577
   7.27059892   3.80786042   9.70091579   6.10427708  -3.69073577
   2.14265223   3.48888569   1.27156502   6.47958281  -3.28719771
   4.96898768  -1.84578373  -3.35031647   1.574812     0.22720461
  -3.66824065   4.37773534   1.1937231    8.89760122   8.85703837
  -3.34225386   1.8742811   -1.08515049   6.23366647   3.27287658
   5.42888847  -3.7854701    2.52084483   2.7887062    5.61518773
  -1.81941135   1.87901035   1.22179854   7.5423217   -4.89074373
   4.20635007  -1.09557985   6.46288808   3.14516076   6.26819174
   1.86251739  -1.64541288   2.81528817   6.07405537  -2.79201432
   7.44525795  -1.64085202  -0.28620907   7.44525795  -1.64085202
  -0.28620907   3.46746498   1.53755082   6.9858755    2.2912229
   3.81909371  -1.32862775   4.83097729   1.1937231    8.89760122]","[  4.54280922  11.32677263   1.38819557   3.48799124   9.31308754
   6.69203244   2.26756857  12.03001422  10.61863662   6.13128002
   1.38898145   5.5028375    3.36037018   3.14637513   9.15003899
   2.3033934    9.12278293  10.54873931   7.25548461  11.33004364
  16.3071018    1.1988246   11.13120648   4.46984357   9.1962385
   3.83418188   4.96027711   5.5028375    3.36037018   3.14637513
   9.15003899   2.3033934    9.12278293  10.74063593   4.62205288
   3.13014523   4.54280922  11.32677263   1.38819557   3.48799124
   9.31308754   6.69203244   2.26756857  12.03001422  10.3591995
   3.02987486   9.01865645   1.91658033  12.19170264   8.98103355
   8.62472931   5.3761345    6.75232924  -1.70184972  11.05238146
   4.54698981   7.76357926   6.6457187    2.20049134   4.86716236
   0.62146394   7.23764762  -0.31528361  11.03894338   2.32793018
   5.42963795   9.842458     6.88215054   9.91069501   8.88455248
   9.07609948   8.27569013  10.27252299  12.11066275   1.16595227
   7.5940842    7.78164475  11.13120648   4.46984357   9.1962385
   3.83418188   4.96027711   5.5028375    3.36037018   3.14637513
   9.15003899   2.3033934    9.12278293  -1.20807627   7.10946713
  15.64097916   8.26645923   7.0074962    3.54752754  11.59313931
   1.45295153  10.02514267   2.79030203   3.58814328   1.84819977]","[  2.60742064  -0.7378903    0.4747904   11.18914362   1.44296022
   1.64582302   8.33135071   6.77309326   4.14354145  -4.23945587
   2.40586633  -1.43605562   5.41641284   7.96571105  -2.80391293
  -4.52337451  -2.59227666   2.74377225   7.0263011  -14.37019755
   8.09881269   3.30188803  -5.0974233   -0.7271967   -0.08561478
  -6.93653059   4.06404487   0.35294234  -9.5638991   -0.27152256
  -8.47911923   0.69696161   8.81527325   0.60289892   6.03453141
   2.60742064  -0.7378903    0.4747904   11.18914362   1.44296022
   1.64582302   8.33135071   6.77309326   4.14354145   4.42945668
   3.40221799  -1.84696607   0.07288531   0.84969065  -9.70861014
   0.79759741  -7.68285005  -0.94725879   1.35317379   4.50273964
   1.13718718  -1.17585025  -5.0974233   -0.7271967   -0.08561478
  -6.93653059   4.06404487   0.35294234  -9.5638991   -0.27152256
  -8.47911923  -0.08887755  -6.76852314  -4.61949744   5.63975226   3.21469
   2.86936941  -2.13889968  -1.07704102   3.1534637    4.79977913
  -0.57330373   2.36694795  -0.41227809   0.09290805   3.34047974
  -0.18144907  -8.11919615  -4.4526223   -6.38930672  -0.44014642
  -1.0215722    3.16796205  -8.29677975   1.17167765  -8.1930202
  -7.90061533  -2.23608351   8.36010524   5.82864715   4.99117355
   3.5531076    7.48830976   2.67775824   2.21121906]","[ -4.002719    -2.00008606  -2.07186602  -3.37957031  -4.60526331
  -7.04196859  -0.96220655   3.65125972  -8.09588695  -0.65551096
   6.96671885  -4.11581721  -3.78901493  -3.09070432  -1.86617099
  -4.36793028   1.46138225 -14.35055246  -2.6415707   -5.27983582
   1.00324078   1.46751926   0.435193     0.53495942  -2.83343546
   3.50645978  -6.20566998   0.84736456   1.38779366  -2.88890704
  -5.48283975   0.40696486   0.3613052    1.39038765  -5.19785458
  -1.0698039   -4.11581721  -3.78901493  -3.09070432  -1.86617099
  -4.36793028   1.46138225 -14.35055246  -2.6415707   -3.68161385
   0.52002465 -11.17216499 -10.54492994  -2.88396607   1.59575225
   2.41757896  -1.52032074   2.19128986  -5.16693257  -3.35498492
  -5.55746533  -4.11721959  -1.73682657  -1.82517647  -2.73817108
  -1.31821858   0.45336244  -4.71478638   1.6618868   -2.12405165
  -4.002719     0.74005995  -1.96877684  -1.42269626  -1.61755907
   1.9430191   -7.09113715  -2.45574415  -1.01888322  -7.36940091
  -5.72848314  -6.4457077   -1.78850067   1.25748698  -7.00921528
  -8.26812158  -5.47021965 -11.01964119  -3.82122666  -7.13089911
  -0.85801446  -2.45510889   6.96671885  -6.96588454   9.55016635
  -1.37512464  -7.8661644   -7.10515875  -5.47644536  -6.59781906
  -5.40588271  -9.6564141   -0.58064965  -1.37512464  -7.8661644 ]"
"[-10.15058066  -9.68034874   1.21781509  -8.61945003  -6.94152935
  -5.88430044  -0.22593522  -5.28569913  -3.37981134  -3.92763853
 -12.74412127  -2.47165457  -4.21229215 -10.44185347 -10.15058066
  -9.68034874   1.21781509  -8.61945003  -6.94152935  -5.88430044
  -0.22593522  -4.21229215 -10.44185347 -10.15058066  -9.68034874
   1.21781509  -8.61945003  -6.94152935  -5.88430044  -0.22593522
  -5.28569913  -3.37981134  -3.92763853  -3.31708268  -4.08045993
  -2.22878225  -2.69942549 -12.74412127  -2.47165457  -4.21229215
 -10.44185347 -10.15058066  -9.68034874  -4.21229215 -10.44185347
 -10.15058066  -9.68034874   1.21781509  -8.61945003  -6.94152935
  -5.88430044  -0.22593522  -5.28569913  -3.37981134  -3.92763853
 -10.44185347 -10.15058066  -9.68034874   1.21781509  -8.61945003
  -6.94152935  -5.88430044  -0.22593522  -5.28569913  -3.37981134
 -10.44185347 -10.15058066  -9.68034874   1.21781509  -8.61945003
  -6.94152935  -5.88430044  -0.22593522  -5.28569913  -3.37981134
  -3.92763853  -9.68034874   1.21781509  -8.61945003  -6.94152935
  -5.88430044  -0.22593522  -5.28569913  -3.37981134  -3.92763853
  -3.6724263   -6.57882657  -2.47165457  -4.21229215 -10.44185347
 -10.15058066  -9.68034874   1.21781509  -8.61945003  -6.94152935
  -5.88430044  -0.22593522  -5.28569913  -3.31708268  -4.08045993]","[-11.63012829 -15.83646367 -20.54682598 -15.76706119 -13.88775589
  -9.46554641 -19.78689664 -18.75592237 -21.29429388 -18.35646709
 -21.40391593 -11.05664428 -19.57967934 -24.52051969  -8.8957858
 -16.5012355  -12.01753709 -23.06677473 -24.20633002 -17.19188886
 -20.43541608 -18.90972597 -21.40391593 -20.27354403 -14.64641397
 -13.62216389 -19.94847168 -16.65128209 -15.60713441 -25.04917564
 -16.43419757 -12.94598151 -16.15303131 -18.75592237 -21.29429388
 -18.35646709 -21.40391593 -20.27354403 -14.64641397 -13.62216389
 -19.94847168 -16.65128209 -15.60713441 -25.04917564 -16.15303131
 -22.866814   -16.01031284 -19.94106857 -23.72081041 -11.70597193
 -13.42431291 -20.69085805 -11.05664428 -19.57967934 -24.52051969
  -8.8957858  -14.64641397 -13.62216389 -19.94847168 -16.65128209
 -15.60713441 -25.04917564 -16.43419757 -12.94598151 -16.15303131
 -22.866814   -16.01031284 -15.71574012 -22.63866748 -13.38909109
 -25.26582903 -17.5848393  -14.96541983 -12.10835591 -18.21770468
 -14.47582658 -22.13130314 -17.07219    -24.29476509 -21.46734434
 -20.88485141 -20.10242495 -18.87051271 -20.94143759 -21.71290965
 -13.51092693 -19.09451505 -17.79334189 -16.01031284 -19.94106857
 -23.72081041 -11.70597193 -13.42431291 -20.69085805 -11.05664428
 -19.57967934 -24.52051969  -8.8957858  -16.5012355  -15.5662534 ]","[ 10.46644338  16.39499275   9.43731727  10.97573858   9.80628925
   9.20701397  10.10588005  15.23821727   9.14557834   4.72761386
   7.27631729   9.24619468  11.25002583   8.49187584  14.13871023
   1.87106355   7.3431728   11.51007382  10.39159581   8.63986044
   3.52789679  14.76521526   7.54876909   9.07312426  16.2221679
   8.03675614   2.57894097   1.89290316   8.42638969  13.65376562
  12.67221723  12.03697229   8.77367063  12.97282391   2.09874115
   7.27573833  10.62229095  13.81622483   9.52324523  12.88763138
   5.85880583   3.58415635  11.06255381  10.8255743    2.57894097
   1.89290316   8.42638969  13.65376562  12.67221723  12.03697229
   8.77367063   3.15596606   8.24247005   8.77423616  -0.11556419
  10.6378727    7.86123681  12.17973563  14.97249072   9.24619468
  11.25002583   8.49187584  14.13871023   1.87106355   7.3431728
  11.51007382   1.23364448   7.17203023  10.85458687   7.1863082
   7.44037238  10.6264573   14.18321386  10.07322876  14.20574489
   9.10489289   6.29691682  12.97282391   2.09874115   7.27573833
  10.62229095  13.81622483   9.52324523  12.88763138   5.85880583
   3.58415635  11.06255381  10.8255743   15.73985751   9.01209013
   1.30208159  16.16934199  10.6437541    6.65867277   1.34510852
  10.27533503   2.92326963  10.11463636   5.99342595   6.21587962]","[  0.61623354   3.08539321  -1.6370841   -5.8289362   -1.71267045
  -8.59724202  -7.28183473  -8.48814863  -8.35040004   0.11642393
  -7.21801754  -7.38791702  -0.05338192   1.65787328   2.08173726
  -1.87461115  -3.4632051    0.05426311  -9.2370649    2.12213737
  -9.57722442  -5.85018614 -11.43430814  -8.9749079   -2.32387191
  -1.48981075   0.72934783  -5.46891535  -2.23268846  -5.63414793
  -1.27978469   0.91151901  -8.30552206  -1.87709822 -10.00478773
  -8.14081999  -6.24294266  -5.63858163  -7.48474341  -7.09243149
   4.28428984  -4.8179665   -4.86331048  -4.36613767   3.12020373
  -7.45702234  -8.02831811  -8.63729745  -9.43054735  -6.36804944
  -2.33748328  -7.27277736  -5.28186167 -10.13026103   0.28576216
   3.72664041  -0.86757931   0.53451505  -4.55838606  -4.27838459
  -9.13548015  -9.79289393 -11.76973525  -7.93868242  -2.06828614
  -4.77871557  -7.29848727  -3.52737796  -3.47368654  -5.17160379
  -8.73277598   0.2007301   -6.40616346  -7.73852461  -4.53178529
  -0.83038163  -8.63729745  -9.43054735  -6.36804944  -2.33748328
  -7.27277736  -5.28186167 -10.13026103  -7.38791702  -0.05338192
   1.65787328   2.08173726  -4.53178529  -0.83038163  -5.80377896
  -1.99974923  -9.17904354  -2.3048804   -3.70493076  -0.66610139
  -0.37598299  -4.58119649  -4.25537808  -6.06730281 -12.84607735]","[ -6.61493019e+00  -4.17434720e+00  -8.42447841e+00   3.91039856e+00
   8.27655737e-02  -1.69800061e+00  -9.57425056e+00  -8.13766767e+00
   5.52356307e+00  -1.05368898e+01  -4.78178798e+00  -1.30585550e+00
  -1.22259119e+01  -2.19591566e+00  -1.61165133e-01   4.69272158e-01
  -6.96020231e+00  -5.65112477e-01  -9.46780729e+00  -6.26973817e+00
   9.85023039e-01   2.88324826e+00  -4.17434720e+00  -8.42447841e+00
   3.91039856e+00   8.27655737e-02  -1.69800061e+00  -9.57425056e+00
  -8.13766767e+00   5.52356307e+00  -1.05368898e+01  -4.78178798e+00
   3.06685579e+00  -1.86684136e+00  -1.21052703e+00  -2.21888015e+00
   7.67690273e-01   2.22200646e+00  -1.25435339e+01  -7.12277068e+00
  -2.57227987e+00  -1.10904862e+01  -9.64745982e+00  -1.60248254e+00
   2.31038096e+00  -9.71809745e+00  -7.25570133e+00   3.08216795e+00
  -8.66398357e+00  -5.39137775e+00  -4.51243828e+00  -5.18259074e+00
  -6.42814292e+00  -2.53297110e+00  -9.51317493e+00  -9.71809745e+00
  -7.25570133e+00   3.08216795e+00  -8.66398357e+00  -5.39137775e+00
  -4.51243828e+00  -5.18259074e+00  -6.42814292e+00  -2.53297110e+00
  -9.51317493e+00   4.90060099e+00  -5.18259074e+00  -6.42814292e+00
  -2.53297110e+00  -9.51317493e+00   4.90060099e+00  -8.28349546e+00
  -7.95009266e+00  -5.90384753e+00  -5.45431464e+00  -3.49149380e+00
  -1.24887398e+01  -2.47533381e+00  -1.06840008e+01  -6.54862717e+00
  -7.51732873e+00   1.40759275e-02  -4.65055107e-01  -2.34894693e+00
  -7.74090575e+00  -2.37172936e+00  -4.19856210e+00  -8.18526023e+00
  -1.09854356e+01   1.64130598e+00  -8.50154373e+00  -5.07288344e+00
  -5.31970246e-01  -4.43514549e+00  -1.45819938e+01   1.85755660e+00
  -1.10728548e+01  -7.39803343e+00  -8.50154373e+00  -5.07288344e+00]","[ 11.37729816  11.30777532  16.14479017  18.72400131  14.37806778
  18.17032267  17.03159717  13.16674601  17.52731367   7.31337229
  14.95635093  21.31416212  12.27306644  14.62907761   7.06858991
  18.9763187   15.21752473   9.82556685  16.69473421  12.58641326
  14.6422728    6.85741101  17.86069141  17.62392872   9.81717171
  17.71432639  17.58316525  16.32289101  16.01604456  13.17221192
  18.61888281  13.97017432   7.31337229  14.95635093  21.31416212
  12.27306644  14.62907761   7.06858991  18.9763187   15.21752473
   9.82556685  16.69473421  12.58641326  13.80888481  16.09773711
  19.42629236  15.63136548   7.03322741  17.26684274  14.47052782
  12.07106601  18.70290907  12.27088986  10.19269707  15.8467276
   7.52263852  18.13153137  18.31773545  11.02390491  14.7115013
  16.21277095  12.27841025  17.76409702  17.72205987  12.54846757
  13.72247851   8.10219168  10.00600158  11.26810003  10.14690891
  14.68084061   8.07876762  16.67804646  22.81431792  16.84946417
  17.54565798  18.79391725  11.13205525  21.54640005  16.16573943
  15.16113361  10.79044114  19.41214699  12.40261401   9.40608191
  13.80888481  16.09773711  19.87945102  13.49127771  12.75755626
   5.39257223  15.42097078  13.19722816  17.02619542  12.8008699
  18.92257615  18.38782446  14.64924202  13.00405587  11.73234352]","[  3.61943698   7.84810209   8.92735484   6.83747803   7.5575456
   7.7629809    8.56366338   5.85141032   8.11219875   7.78825891
   6.32818698   6.41468359  11.67166021  -2.15170033   0.44556342
   5.0197288    5.14589405   7.1626382    3.82535196   4.63278463
   5.02989959   0.35095364  -1.614822     1.15250496   9.68915026
   3.18666939   2.68660967  12.48208087  11.0403332    8.43019836
  10.99585951   3.74396458   8.40696075  11.83483931   8.137244
   6.27364777  12.05788165   7.21321884   3.11674563   9.92718338
   9.53968343   7.09175928   5.61670764   9.48441499  13.66138349
   8.82865869   7.49237445  -1.04747889   1.79280074   9.00001741
   7.85360088   7.93596498  11.43886382   8.53144207   5.37630126
   7.45696769  10.6571366    4.95259625   3.22622251   8.71043607
   3.06610598  12.87276663   4.25721251  14.67525718   6.87724602
  10.33000567  11.43886382   8.53144207   5.37630126   4.72069481
  10.80096264   7.98196545   9.15922154   7.64840807   7.28933519
   6.14172343   2.2299418    9.68915026   3.18666939   2.68660967
  12.48208087  11.0403332    8.43019836  10.99585951   3.74396458
   8.40696075   9.60721255  14.48827213   9.37103232  12.04893399
   4.17499199   7.12392392   8.35761295   5.71053843   7.784179
   3.55042408   4.54185055   4.62057804   7.84646053  14.48827213]","[ 10.88118889   4.16693046   4.46872329   5.37830369  11.84878248
   1.35961279   2.99623023   6.19727125   7.47496729  -3.22783251
   9.88984416   1.84126462   6.84099621  11.46487516   4.22479092
   5.96730566   6.54998184   7.23533504   2.06558652   5.44045881
  12.57998183   3.43092592   5.69797882   5.85211157   9.28087674
   9.25738736  12.94923507  11.6701152    8.61756988  11.49354256
   5.09093439   9.98949025   9.25738736  12.94923507  11.6701152
   8.61756988  11.49354256   5.09093439   9.98949025   0.41454295
  10.97636508   4.19800293   7.5134913    6.83714444   1.59923014
   7.04827371   5.53570245   6.58276921   7.16591981   9.97571778
   6.39891223   0.74806842   1.2964756    3.26068759   7.214319
   5.47883663   6.25477823   6.95762637  -2.18509821   6.71593001
   2.20290274   5.67849271   6.18999859   9.23060812   7.3421072
   5.98704423  10.88750936   2.28605285   6.80139678   5.61615446
  -1.14571082   2.94127101   7.00500819   7.75257239   1.62891107
   3.66129372   3.09827884   6.15447269   6.45350615  10.9623961
   5.57478575   6.43031392   4.77631283   2.50179424   3.76718788
  -1.4575057    4.20632352   1.35961279   2.99623023   6.19727125
   7.47496729  -3.22783251   9.88984416   7.17640409   9.14606753
  -0.50500783   4.33795174  10.50363047   4.16693046   4.46872329]","[ -8.69700042   0.90497362   5.65745136   2.83418446  -7.44934113
  -5.86342527  -1.34525305   2.27111745  -0.34126017  -5.35504833
   0.76901002   2.61044185   0.13035924  10.30744797   0.63509078
   1.75860641   8.48434488   0.81856182   3.2003207   -3.15241298
   3.26784477   9.78634851  -5.63029402  -0.6052703   -6.77993484
   2.40643039   7.3958292   -8.16396758   3.40797596  -2.45639179
   3.06034713   0.70184216  -3.81145379  -4.0883486   -7.7198529
   2.34610788  -4.12863076  -3.82554851   1.0538981   10.99109419
   6.11320628   5.0310955    4.24753141  11.0388285   -4.36886862
   5.76527345   6.84663658   1.75422659   4.79028957  -3.56492179
  10.48710866   2.71354806   3.45530835   1.54605254   2.57935212
  -7.33030192   6.90991687  -3.81608736   2.63843397  10.95209021
  -4.30332739   6.13493573   2.79575168   3.47405037   1.32639591
   1.26961854  -2.00865828   1.88985963  -4.21040129   7.30827441
   5.91603994   2.53463416   2.62113683   4.21009621  -1.29089101
  -1.47261851   2.50931022   8.21219288   1.32419525   2.61044185
   0.13035924  10.30744797   0.63509078   1.75860641   8.48434488
   0.81856182   3.2003207   -3.15241298  -7.40272822  -2.89411829
   7.89621205  -0.05907231   1.16042336   3.14989146   2.10698072
  -9.25393415   2.51630373   6.84070331  -4.38698135  -6.15013682]","[ -1.36788108  -5.08732528  -1.5665369   -1.75883056  -2.41134568
  -9.85009982  -3.19808382   0.08255017  -0.95440249  -2.61159336
  -2.06267874  -0.14789289   3.4830449   -1.66176424   1.29489738
  -1.97283495  -3.23923978  -9.31153372   1.69288258  -5.05675625
   5.00603563  -4.36556872  -6.99561897  -6.09071268   2.84827988
  -1.72048792  -1.75696806  -4.54651583   2.68532673  -2.37399702
  -2.70686111  -2.719704     3.10160694  -1.65519305  -9.11129628
   0.86661628  -4.6094444   -4.53936606  -5.38974489  -7.08090787
  -1.02199875  -0.46215293  -4.76019589  -4.28327435 -11.07748078
  -4.8206059   -1.86939497 -12.71991208  -0.31539772  -5.24584834
   3.83477439  -5.8371162   -5.09024928  -8.06241619  -3.8166843
  -1.75696806  -4.54651583   2.68532673  -2.37399702  -2.70686111
  -2.719704     3.10160694 -14.43192423  -2.22876855  -5.68432577
   2.98692881  -4.76019589  -4.28327435  -4.03484663   0.98625771
 -11.20885161  -5.35468464   1.20815707   0.6932593    0.03160035
  -3.90381701  -6.99561897  -4.84120904  -0.65987337  -3.44803967
   4.72384159  -1.58013914  -2.99303062  -3.51846132 -10.46682319
  -0.16865898  -5.13792212   2.74050899  -1.13389747   0.42926279
  -1.70913213  -5.11365311  -4.84120904  -0.65987337  -3.44803967
   4.72384159  -1.58013914  -2.99303062   3.78713205   4.20797268]"
"[ -5.9369938   -6.07733363 -10.29598472  -6.80253893  -8.76426795
  -6.82983493  -2.32153641  -4.94942343  -8.31679788  -5.43530628
   1.51417973  -5.9369938   -6.07733363 -10.29598472  -6.80253893
  -8.76426795  -6.82983493  -2.32153641  -4.94942343  -8.31679788
  -5.43530628   1.51417973  -6.42587539  -2.21342537  -4.76460578
   0.35615626  -7.12809755  -7.07330652  -5.27610397  -7.29780722
  -5.9369938   -6.07733363 -10.29598472  -6.80253893  -7.29780722
  -5.9369938   -6.07733363 -10.29598472  -6.80253893  -8.76426795
  -6.82983493  -2.32153641  -4.94942343  -8.31679788  -5.27610397
  -7.29780722  -5.9369938   -6.07733363 -10.29598472  -6.80253893
  -8.76426795  -6.82983493  -2.32153641  -4.94942343  -8.31679788
  -7.29780722  -5.9369938   -6.07733363 -10.29598472  -6.80253893
  -8.76426795  -6.82983493  -2.32153641  -4.94942343  -8.31679788
  -5.43530628  -7.29780722  -5.9369938   -6.07733363 -10.29598472
  -6.80253893  -8.76426795  -6.82983493  -2.32153641  -4.94942343
  -8.31679788  -6.80253893  -8.76426795  -6.82983493  -2.32153641
  -4.94942343  -8.31679788  -5.43530628   1.51417973  -6.42587539
  -6.02135214  -4.32595653  -5.27610397  -7.29780722  -5.9369938
  -6.07733363 -10.29598472  -6.80253893  -8.76426795  -6.82983493
  -2.32153641  -4.94942343  -8.31679788  -2.21342537  -4.76460578]","[-21.64251514 -16.44550198 -19.30042059 -19.1198425  -19.18012807
 -19.76410405 -14.61679923 -18.09268968 -18.95115053 -17.40472473
 -13.77907022 -16.70331274 -17.61493559 -20.37910596 -18.07104375
 -20.82674482 -20.9744383  -14.66251523 -17.76093273 -19.02992955
 -19.63282775 -26.44240498 -16.24370453  -9.82226546 -17.95514087
 -21.76613316 -16.84650733 -19.37145581 -22.20940111 -16.05412341
 -13.75317851 -16.32317558 -22.20940111 -16.05412341 -13.75317851
 -16.32317558 -13.71484568 -19.40725899 -23.42191576 -10.99279266
 -17.13453421 -14.49417123 -21.15457507 -24.21587716 -16.70331274
 -17.61493559 -20.37910596 -18.07104375 -20.82674482 -20.9744383
 -14.66251523 -17.76093273 -19.02992955 -19.63282775 -15.21952055
 -14.66251523 -17.76093273 -19.02992955 -19.63282775 -15.21952055
 -23.52045267 -23.38941521 -21.09016006 -18.59555786 -19.30158579
 -19.40725899 -23.42191576 -10.99279266 -17.13453421 -14.49417123
 -21.15457507 -24.21587716 -19.22698443 -20.10706153 -13.77907022
 -16.70331274 -17.61493559 -12.07570957 -17.90341924 -23.03072061
 -24.60592253 -19.0912841  -16.1302879  -23.78736631 -20.00583956
 -21.54049411 -10.34286342 -17.75523841 -16.32317558 -13.71484568
 -19.40725899 -23.42191576 -10.99279266 -17.13453421 -14.49417123
 -21.15457507 -24.21587716 -19.22698443 -20.10706153 -16.26235386]","[  2.10955568   3.18503557  10.03280611  11.16429428  10.0722019
  16.30536568  18.85580592  16.54686872  13.07531363   2.58016847
  15.39221224   7.44850932   9.9817192   16.9480633    8.19975877
  10.11380863  13.04915858   7.36110815  18.95377839  11.50999394
  13.71546489   1.3257361    3.18503557  10.03280611  11.16429428
  10.0722019   16.30536568  18.85580592  16.54686872  13.07531363
   2.58016847  15.39221224   3.82922978  19.21173269   7.21486696
   4.27051742  18.64087853   6.57709184  13.01238689   9.763911
  -0.23583292  11.02097586   8.54117762  16.39565331  14.28165572
  11.74892625   4.93045725   5.62762392  14.23152501   8.37560754
   7.72638096   7.42917186   0.31237438   9.57315469  16.27088256
  12.33142127  11.98312475   8.0884911   14.62871326   5.99192127
  10.23778125  13.07272805  14.68926609   6.63414019   8.30480595
   9.46410275  12.07739163   9.09041491  19.65593211   5.38995302
  19.21173269   7.21486696   4.27051742  18.64087853   6.57709184
  13.01238689   9.763911     9.9817192   16.9480633    8.19975877
  10.11380863  13.04915858   7.36110815  18.95377839  11.50999394
  13.71546489   1.3257361   20.91121448  11.84700698   9.34870766
   3.6866048    9.89878547  10.82330155   8.2733654    4.45277167
  18.8878429    1.79605605   3.59074435  14.54227335  13.60307904]","[ -8.17621071  -1.56031031  -7.8985422    2.34576195  -3.16733793
   0.04047141  -2.08516243   1.59336126  -6.16383745  -5.70382424
 -10.36210573  -8.22909241  -5.15731597  -6.31631309   0.81960743
   3.19493115  -2.27464738   1.96010041  -7.38699621   0.77616636
  -9.1030843   -7.86296605  -7.83195251   2.75999662   0.61202918
  -7.90998191  -5.37112029  -3.18376743   2.15413421   2.38503099
   3.60848268  -3.90280084  -3.33713588  -9.1030843   -7.86296605
   5.74922202  -3.4249067    0.64882827   1.97877041  -2.84847923
  -7.43123869 -12.56636645  -8.42706003   0.56890132   1.21877374
  -5.29808802  -2.6143825    1.23524761   3.0486515   -5.30129886
   5.46726459  -6.14277689   0.92807408  -7.67676587  -3.70481624
   0.27445338   0.73458907  -7.83195251   2.75999662   0.61202918
  -7.90998191  -5.37112029  -3.18376743   2.15413421   2.38503099
   3.60848268  -2.98901722  -7.7729315    1.93287887  -6.37643186
  -8.00277363   1.85405941   2.21019585  -3.73805157  -5.1207925
  -5.99658341  -5.59420976   3.51993169  -5.62454671  -0.83346715
  -3.23722946   2.68328987  -7.66474193  -4.43126069  -2.42846768
   1.21877374  -5.29808802  -3.90280084  -3.33713588  -5.12963934
   1.63058059   0.69682057   3.2114122   -0.67889618  -3.01936359
  -5.84105305   0.44425845  -2.98732893  -9.95118859  -9.84871973]","[  0.50506093  -6.41681629  -6.28443586  -5.248852    -1.94861129
 -12.26555407  -0.03534974  -0.51009735  -3.95278018  -8.5833262
  -6.66186303  -7.40979853  -8.15718193  -9.9945778   -1.78159592
  -0.32268325  -4.89483105  -7.61655387  -5.80035942  -6.56417634
  -4.01864167  -3.91443448  -4.34515152  -1.3940312   -4.77954135
  -7.35341803  -3.20766667  -6.27846154   0.74013252  -8.3017767
  -5.74247769  -5.28762544 -11.3945105   -8.07242511  -6.3638703
  -4.4870923   -7.45638758  -7.29186747  -2.64870157  -9.61189106
  -9.59079516  -5.6528612   -9.89180405  -1.62747461  -4.4870923
  -7.45638758  -7.29186747  -2.64870157  -9.61189106  -9.59079516
  -5.6528612   -9.89180405  -1.62747461  -9.2297468   -6.57972059
 -12.6663909   -3.22368372  -0.70497376   0.24034438  -6.12728191
  -0.63697749  -8.15718193  -9.9945778   -1.78159592  -0.32268325
  -4.89483105 -10.0423714  -10.59154714  -1.60624529  -8.72836279
  -8.88033048  -0.88851249  -0.09410718  -8.50653128   0.12968528
   0.04319929  -6.96921645  -5.1149301    2.7784801   -5.64583582
 -10.0423714  -10.59154714  -1.60624529  -8.72836279  -8.88033048
  -0.88851249  -0.09410718  -8.50653128  -6.50476173  -6.75941341
  -5.82311047  -6.92654901  -4.16793527  -6.58895863  -4.73579507
 -10.8653178   -5.0770141    2.0791975   -0.70497376   0.24034438]","[ 21.02687827   5.9845992   18.20891156  11.72906666  17.97871587
  20.49177671  14.40556179  14.2118334    7.60336588  18.09287154
   7.953396    18.43283162  18.72538573  14.17086022  15.98675866
  15.62265603  11.66056118  19.47060231  23.90223421  16.05275519
  14.20136155  12.45203492  11.56293969  17.64401766  13.39173914
  17.36166043  15.59295543  15.51068173  13.01378862  18.87345178
  17.08001725  20.30317397  17.98973818   9.95092704  18.70426628
  14.42189784  22.67748483  22.01417728  19.17343269  15.92769753
  11.32830515  14.60290915  21.99119438  10.35566276  12.08201597
  19.5168811   11.49281217  19.20126079  15.18583314  11.83474531
  18.29311132  17.92879795  17.51030659  22.20367308  22.01417728
  19.17343269  15.92769753  11.32830515  14.60290915  21.99119438
  14.46796218  15.3874649   10.35865495  23.70823185  14.16142531
  12.77612685  21.02687827   5.9845992   18.20891156  11.72906666
  17.97871587  20.49177671  14.40556179  14.2118334    7.60336588
  18.09287154  18.2331373   19.26932658  15.49012055  20.22207388
  12.33881147  16.93748092  22.74091     18.9332763   18.82156652
  16.9168587   13.7897711   17.44817619   9.47799621  16.20488463
  20.44394669   9.27651284  16.17205345  13.85615298  22.07257877
  17.4600546   16.51520997  13.51703557  15.05201189  17.51030659]","[  6.80265227   7.34830064  11.62738204   8.97770283  11.54846977
   8.66813467   4.79060026   5.55538847  10.42411129   4.40320296
  -1.65829644   6.66821281   2.42185027   4.80142337   6.57950965
  12.02440723   7.83898186   6.38110078   7.54786174   2.32580611
   6.64060843  13.86027706   8.5982528    5.48772101   6.76224385
  11.27648086  14.21482072   8.64786891   2.53808993   6.92133732
   8.05843162   4.72854282   5.62448817  12.08898661  10.24215009
   3.65430706   3.12701718   9.7165115   11.00717548   9.6028132
  11.37803477   7.31409349   6.66821281   2.42185027   6.76224385
  11.27648086  14.21482072   8.64786891   2.53808993   6.92133732
   8.05843162   4.72854282   5.62448817  12.08898661  10.24215009
   9.38227697   8.53820403   8.60758047   3.79791798   7.45707794
   7.84366696   3.35209866   8.64569587   7.41427468   2.77307901
  11.02761054   6.89227278   0.75141731   9.84535748  15.85891755
   0.71912769   2.36254812   6.54573049   9.08492107   8.06604048
   4.23379176   5.10320713   2.32580611   6.64060843  13.86027706
   6.45981254   0.59613498  10.23381137   2.11264701   1.45472706
   5.79637222   9.42740962   9.45267658   4.46526571   6.45206273
   9.1175439   11.50990192   4.58318454   6.302356    11.62580301
  12.80005318   9.77534001   2.85020069  -2.38894804   9.34579194]","[ 11.40270129   3.72444524   5.93237492   4.63746261  11.07250636
   8.21759397  14.27287142  13.86822453   4.13683403   7.65992309
   4.50175017   8.22061697  12.1983395    8.46831276   6.63490944
  15.68508461   5.46628671   3.98910533  -2.77769896   9.70527558
   3.20876106   9.00778827  14.27287142  13.86822453   4.13683403
   7.65992309   4.50175017   8.70776305  -0.48755236  11.15201488
   3.27072542   5.41032828   8.06356055   9.41543687   7.90265736
  10.44003702   1.80976641   6.92916957   7.09646573  13.84922156
   4.23577252  12.1544736    6.5779334    4.97968986   1.40304948
   8.10885817  12.9813696    9.90586128   2.19325782   9.41543687
   7.90265736  10.44003702   1.80976641   6.92916957   7.09646573
  -1.31561828   8.41148867   8.36535991  -0.04039877  10.98626664
  10.41618027   2.43645739   0.99258866   6.47386243  11.69689974
   3.11487462   0.84363217  11.98485265   6.71411505   6.62461187
  -2.02755974  -6.48611775   6.31674933   2.80891146   3.52188053
   4.81012068  11.5333191   16.02007742   6.3295169    6.9443764
  -2.64958479  11.86280056   7.05922829  11.04074012   0.85767778
  10.91060457   8.45823342   5.54989545   5.93237492   4.63746261
  11.07250636   8.21759397  14.27287142  13.86822453   4.13683403
   7.65992309   4.50175017   8.70776305   9.79583812  -5.99717039]","[ -3.19289558   3.78093095  10.14783809  -2.06607113  -0.62109344
  -0.15585147  -1.11020388   5.79315399   2.60152138  -1.86969784
  -1.90977331  -0.19386651   0.38918279  -6.63227425   1.22301637
   6.09232033   2.24541457   4.15590037   3.71790761  -8.79936662
   7.60912936   0.46698421  -1.79773103  -6.25092376  -2.95927739
   6.36579962   0.03332535  -1.46870584  -1.57640162  -0.76510933
   2.60210664  -0.75520562  -1.21941685  -0.50037984  -0.19386651
   0.38918279  -6.63227425   1.22301637   6.09232033   2.24541457
   4.15590037   3.71790761  -8.79936662   7.60912936   3.18342655
   0.1544912    3.02189341   1.0614876   -3.61674243   5.14910177
  -3.84495799   6.95170826   0.14033394  -0.41531602  -2.61303207
   2.95266571   2.45600996  -0.25392651   1.98512511  -1.13129095
  -0.04782183   0.87746318   0.71836041   2.22896715   2.71718107
   3.53990775   1.73374802   1.65306444  -2.84272182   7.26162849
   1.88020682  -2.592581     8.26932753   2.50474096   3.36743436
   4.7482951   -2.592581     8.26932753   2.50474096   3.36743436
   4.7482951    4.3818948    9.30886415   3.3163676    8.25390621
   4.02083076   3.82009357   2.47275048  -2.00592039  -5.00725068
   4.10079181   3.7153862   10.52724178  10.33931471  -6.46604181
   6.35886181   1.88499446   8.23628979   5.24334697  -2.38407505]","[ -2.96348392  -3.58023663   3.25479788   4.2743051   -3.39440425
  -1.79263027   3.95294085 -14.51441606   1.26264399  -6.99946978
   4.06533135   0.28197267  -6.70597037  -2.53528206   1.30579864
 -10.58355599  -0.42855389   2.85862171  -0.36121756  -2.66833462
   0.53128826  -5.98381056   2.35656768  -6.18053366   1.90398161
  -4.72911474  -3.90003906   3.25196504   0.14295618  -2.7594649
  -0.72057083  -6.23374902  -5.05941451  -0.58159251  -1.78524949
   0.43307636  -0.75467978   3.52715993  -5.17745024  -1.40005371
  -4.42723974   1.36493037  -1.27578432  -1.55293395  -1.13758153
   3.90896743   0.10586673   4.11985709  -3.08464794  -7.63367252
  -0.99889102  -3.87404178   3.14707833  -4.41876609  -3.79425978
   0.96908867   1.4995403   -2.84317264   0.19826873   2.78353732
   0.14564304  -0.5326309    0.28010005   1.8750322    0.15147165
  -8.38448398  -0.79481235   4.23433887  -1.46574411   0.06298051
  -1.24052681  -2.58219112  -3.23360179  -6.996813     0.21718508
  -1.63683538   0.09709799   2.2070395   -4.9653892   -1.36784007
  -1.55293395  -1.13758153   3.90896743   0.10586673   4.11985709
  -3.08464794  -7.63367252  -1.74171841   1.95640629   0.60284997
  -0.41971231  -3.45529581  -5.78539543   0.66386563  -1.44474056
  -5.20716047   2.26062491  -6.99992477  -7.66181531  -5.3673445 ]"
"[ -4.76635372  -9.86465314  -3.20324912  -9.10201809  -4.48968171
   0.07692405  -2.43928401  -5.79435821  -7.81054011  -9.46823595
  -8.9463711   -6.84004549  -4.76635372  -9.86465314  -3.20324912
  -9.10201809  -4.48968171   0.07692405  -2.43928401  -5.79435821
  -7.81054011  -9.46823595  -3.67174281 -10.07857429  -6.84004549
  -4.76635372  -9.86465314  -3.20324912  -9.10201809  -4.48968171
   0.07692405  -2.43928401  -5.79435821  -6.84004549  -4.76635372
  -9.86465314  -3.20324912  -9.10201809  -4.48968171   0.07692405
  -2.43928401  -5.79435821  -7.81054011  -9.46823595  -8.9463711
 -10.07857429  -6.84004549  -4.76635372  -9.86465314  -3.20324912
  -9.10201809  -4.48968171   0.07692405  -2.43928401  -5.79435821
  -7.81054011  -3.20324912  -9.10201809  -4.48968171   0.07692405
  -2.43928401  -5.79435821  -7.81054011  -9.46823595  -8.9463711
  -2.76516084  -3.67174281 -10.07857429  -6.84004549  -4.76635372
  -9.86465314  -3.20324912  -9.10201809  -4.48968171   0.07692405
  -2.43928401  -5.79435821  -9.86465314  -3.20324912  -9.10201809
  -4.48968171   0.07692405  -2.43928401  -5.79435821  -7.81054011
  -9.46823595  -8.9463711   -2.76516084  -7.43246416  -5.68878578
  -7.71115603  -3.83445751   1.55103224  -5.69581835  -3.67174281
 -10.07857429  -6.84004549  -4.76635372  -9.86465314  -5.68878578]","[-14.33307676 -15.66478969 -17.48303117 -25.06983857 -11.98445653
 -15.19569182 -12.71502939 -17.05561355 -10.74782773 -21.16960411
 -17.15033388 -15.57486181 -22.19901851 -15.59257181 -23.02667048
 -16.38915274 -10.21039631 -14.37942799 -12.60296786 -11.56855059
  -9.42474173  -6.74936371 -12.91184199 -21.78605322 -16.19728526
 -21.80958891 -13.09946409 -20.51659974 -15.4507581  -20.84393652
 -16.97760493 -12.74754716 -11.98445653 -15.19569182 -12.71502939
 -17.05561355 -10.74782773 -21.16960411 -19.56573175 -19.1928136
 -16.01663703 -13.59627211 -10.35115707 -16.01663703 -13.59627211
 -10.35115707 -15.10867875 -11.84444526 -18.16159993  -6.74936371
 -12.91184199 -21.78605322 -16.19728526 -21.80958891 -13.59627211
 -10.35115707 -15.10867875 -11.84444526 -18.16159993  -6.74936371
 -12.91184199 -21.78605322 -16.19728526 -21.80958891 -13.09946409
 -20.51659974 -13.75680213 -14.33307676 -15.66478969 -17.48303117
 -25.06983857 -11.98445653 -15.19569182 -12.71502939 -17.05561355
 -10.74782773 -21.16960411 -18.64850206 -18.31721465 -13.63899262
  -9.21499015 -13.48913329 -22.85163148 -14.71177166 -20.34191856
  -9.78179477 -19.12960389 -14.30785706 -11.71286934 -21.10892494
 -17.47473458 -15.20160229 -16.59651979 -11.38518195 -16.90858003
 -13.75680213 -14.33307676 -15.66478969 -13.99607613 -12.58873419]","[  8.36059654   6.84381939  -0.0492274    2.92029141  12.64128757
   2.01727885   5.45856656  14.68490703  15.43792429   5.62999793
  10.12831072   1.48255815  10.66957855  10.46787138  16.49651799
  16.90527302   7.74507707  13.32359287  -2.88904138   7.85166403
   5.34605245  10.33052406   4.13744547   9.48632431   3.24746363
   4.95144973  17.75844447   8.80128376   2.28641126  13.71902426
   0.49221124   8.11998786   7.64068957  11.34153783   4.76900089
  10.71693014   6.64238893   6.61112892  12.96960068   2.61174224
  14.0017148    5.9734111   16.39998373  10.84892756   2.99664998
  -2.9121272   10.35119998   5.45555374  16.19384863  12.70475034
  17.07310731   3.08793244   8.89869988   9.89311656   7.95133859
  10.33052406   4.13744547   9.48632431   3.24746363   4.95144973
  17.75844447   8.80128376   2.28641126  13.71902426   0.49221124
  13.66621078   9.46028607   6.81323408   7.38552647  -0.71942188
  14.54224612  15.43104403  10.47417558  11.79223752  20.04606583
   3.68454327   9.36294083   9.82472833  13.66621078   9.46028607
   6.81323408   7.38552647  -0.71942188  14.54224612  15.43104403
  10.47417558  11.79223752  10.71693014   6.64238893   6.61112892
  12.96960068   2.61174224  14.0017148    5.9734111   16.39998373
  13.0922302    7.44485918   8.03353318  -6.47295055   7.74140036]","[ -3.52538113   0.43718065   2.71844029  -4.47768514   0.34871514
   0.80628541  -7.83678971   2.54602064   0.65681295  -7.87943648
  -5.37752255  -5.95094706   0.2971917   -3.02247912  -5.16358486
  -3.92896711   2.80210796  -8.34841278   4.88402253  -5.42826304
  -8.9496337    2.55351739 -13.0094737   -4.13881857  -7.09997082
  -9.81257712 -10.4331462   -3.64491617   4.1473182   -8.68702475
   0.73414855  -5.83177815 -12.55847801  -8.41031829   0.5490273
   3.29818372   3.71413746  -3.11700622  -0.59399452  -3.52538113
   0.43718065   2.71844029  -4.47768514  -2.78439552  -3.25701163
  -7.10712444  -9.09276926  -2.66190418 -10.15556964   1.69787119
  -6.1087687    2.42506059  -7.54394673  -3.61063218  -0.62085613
  -2.9676347   -5.95094706   0.2971917   -3.02247912  -5.16358486
  -3.92896711   2.80210796  -8.34841278   4.88402253  -5.42826304
   0.94564681  -7.7320832   -3.74265488  -0.73192764   5.54700144
  -2.33810149  -3.66790737  -1.69802681   4.3713026   -2.78439552
   2.35319486   1.04921604  -3.18379987  -9.02095472   4.30809984
  -1.66594004   3.01676682  -9.20119768  -2.9193752   -7.98300841
  -1.77389313  -8.9496337    2.55351739   2.20980378  -0.32942437
   1.03218148  -7.06238483  -5.61018933  -3.34955934  -7.75498554
   1.96105591  -6.59136186   0.960878     1.34196074   2.14376082]","[ -6.4821078   -5.97649844  -4.17202511  -2.70719021   0.57937791
 -11.34570521  -8.50950184  -5.89032096 -10.33543995  -9.69801524
 -10.84801633 -13.85204768  -4.4335813   -5.98712474 -12.28866595
  -8.10314984  -0.35787232 -11.15332828  -7.78117092   0.24330206
  -5.10785149  -8.93792449  -4.1296807   -3.689308   -12.03987002
  -3.65384988  -3.99084693 -11.27766773  -6.69164325  -9.86921913
  -7.05502662  -7.84670152 -13.71231147  -7.78117092   0.24330206
  -5.10785149  -8.93792449  -4.1296807    0.94815311 -10.65526115
  -4.34701945  -5.38430162 -13.43896051  -5.18835185  -7.0252291
  -4.35550421 -12.51170147 -13.45128212  -6.45466367 -11.94231301
  -6.42311599 -13.07808535  -8.03285411  -9.68622694 -12.53498798
 -14.35939471  -9.3475824   -1.60368937  -8.21845581  -8.06751628
 -10.96296665  -3.56191054 -11.89720999  -4.44926844  -7.05901862
 -11.27766773  -6.69164325  -9.86921913  -7.05502662  -7.84670152
 -13.71231147  -9.71065485  -7.73208138 -10.84394355  -5.36725222
  -3.74171446  -6.41607578  -9.3475824   -1.60368937  -8.21845581
  -8.06751628 -10.96296665  -3.56191054 -11.89720999  -4.44926844
  -7.05901862  -9.42066064 -12.28866595  -8.10314984  -0.35787232
 -11.15332828  -7.78117092   0.24330206  -5.10785149  -8.93792449
  -4.1296807    0.94815311 -10.65526115  -9.65361206  -1.17839118]","[ 20.84606401  16.81991014  17.57364954  21.3122763   14.25548994
  22.80895643  22.9967604   17.18928107  16.3729841   16.30242886
  16.85004713  19.1548733    6.09297843  20.28209043  18.89557442
  20.85857236  16.27109641  18.49801912  20.1302986   21.82621748
  20.70882057  12.76298736  13.9266651   19.43856202  14.90783931
  19.5010428   15.00107224  19.30099119  19.25702724  11.11376027
  10.74438566  19.51980541  16.98722895  17.11588244  21.30155024
  13.43259436  19.50720798  18.89917046   7.20661827  20.49873186
  17.29513488  19.02461407  11.91232065   9.31967646  14.90783931
  19.5010428   15.00107224  19.30099119  19.25702724  11.11376027
  10.74438566  19.51980541  16.98722895  17.11588244  26.50167912
  18.20354638  11.36455812  13.33452799  22.70784998  18.66674585
  15.34728515  14.16195766  11.21194238  20.24567776  22.37708536
  14.46532166  23.40620712  15.9740554   15.44091233  14.40183592
  20.35772854  16.16101282  15.33977851  20.84606401  16.81991014
  17.57364954  21.3122763   18.04345171  15.12556808  16.42794511
  17.21315771  18.95489818  22.0145265   20.7964043   18.34853174
  18.67810503  15.62716979  20.39258454  15.30468083  16.50521964
  19.14905621  19.02852949  26.55166043  10.53815804  18.20354638
  11.36455812  13.33452799  22.70784998  18.66674585  17.60643407]","[  1.42334414   0.4850287    9.29178889  13.22846984   8.42580132
   0.25569479  12.0449277    9.67882016   9.50076682   5.65735518
  11.04682578   5.17346431   6.83468677   7.77332447   9.71528957
   7.54566616   5.40392405   7.76599633  16.6129572   12.50649747
  11.71542774   7.21638118   4.73854722   9.97368588  14.46536271
   1.57045929   8.18782125   2.48523923  11.19125783   6.03526251
   8.91585235   6.42653015   9.3930082    7.39601193   3.70965168
  10.0386538   -3.28548043   1.53993483   7.0605052   12.80397431
  11.62820665   5.54933125  11.52075966   4.9317283    9.91234199
  10.18005686  10.80663357   5.3346784   11.73386414  -0.07625911
   2.26943241   8.71445758   9.32618216   5.58714491  13.29877552
   7.2518944    6.84951437   7.18626499   2.14776747  16.16124779
  11.04280057   4.74815939  10.10940807  11.44006504   6.52521791
   6.20448405   5.10209271  14.96885493   4.98987404   6.07903938
   6.38028272   9.60165241   5.42597504  10.05104034   5.25674092
  -1.78839478   2.77674171   2.76611789   4.31921557  14.24189395
   7.39601193   3.70965168  10.0386538   -3.28548043   1.53993483
   7.0605052   12.80397431  11.62820665   5.42597504  10.05104034
   5.25674092  -1.78839478   2.77674171   9.3532144    7.32215922
  10.34423863   6.24822692   3.61521688   5.61994775   5.54933125]","[  6.36445548   6.72706854  10.41704009  12.93938306   7.19375405
  13.4982309    6.81477242   4.95028666   0.48919174   3.56227117
   7.00306414  10.56781973   6.21130096   8.57481303  12.00793316
  13.71496605   7.344011     8.21517626   8.96302409  18.20898674
   4.82671898  11.73819896   5.03249239   9.71962776  16.55841432
  -0.90628513   9.79621838   8.69664673   7.81576526   1.88095602
   7.73372594   8.41082313  12.95017196   7.0713552   11.72039712
   5.3652389   10.31400705  14.71918818   6.32007593   3.43682933
   9.94874039   9.04860519   8.81388756   5.91247752   6.0954489
  13.63715136   1.90132199   5.9694821    6.60206166   5.03249239
   9.71962776  16.55841432  -0.90628513   9.79621838   8.69664673
   4.29047288   4.21354335  11.10989446  13.83172333  12.08112268
   5.72208567   6.31511966   4.19978195   4.94087369  13.6618467
  11.30838437   9.37498199   2.28205289   4.93541431  16.63198737
  10.56781973   6.21130096   8.57481303  12.00793316  13.71496605
   7.344011     8.21517626   7.59674185   9.37498199   2.28205289
   4.93541431  16.63198737  10.56781973   6.21130096   8.57481303
  12.00793316  13.71496605   7.344011    -1.46139483  18.48120179
  12.94418233   8.76423672  10.06094317   9.04603229   9.70321083
  13.82681279   9.65888093   8.28896945  10.33237687   9.6681769 ]","[ -0.05125229  -3.50379251   8.58512249   5.42493511   5.1143393
   3.57499827   4.69156592   9.32769504   2.22599401   9.72640609
   3.54260263   2.21753845   0.64132626  -3.6674886   -1.64098404
   0.86516702   4.04358837   1.61394656   1.60816937   3.86007006
  -3.32137712   0.32470748  -8.73161454  -1.26609362   2.58061952
   0.56544714  -0.0121302    4.77549091   1.0193101   -0.88666358
  -2.82282016   6.87446509  -2.39928965   4.60333088   8.95390423
   1.94604748  -0.13927727   8.10632304  -0.73693367  -2.32923285
   4.66153479  -4.296101     8.94598247   4.32656969   3.68055458
   6.81303213   1.55841526  -0.62407807   8.89253186   5.801524
  11.90004333   5.58884671   3.45886522  -7.68080664   1.67566032
   2.10549647   1.49512581  -2.37351647   3.39745321   3.29408854
   1.9258084    1.88575666   2.02087303  -0.73118522   0.72417598
  -0.05125229  -3.50379251   8.58512249   5.42493511   5.1143393
   3.57499827   4.69156592   9.32769504   2.22599401   9.72640609
   3.54260263   0.81623059   8.23040214   0.30399467   4.34199488
   1.99813806   3.73419556  -1.44742987   1.95280692   4.10202894
   4.89371053   3.61460398   0.43426138  -5.07536117   3.32969518
  -6.18852591   8.53465093   4.32656969   3.68055458   6.81303213
   1.55841526  -0.62407807   8.89253186   8.08693556   1.06688878]","[ -1.34325734   0.43506873  -5.37193768  -0.84902901  -2.82132795
   1.60308487  -4.32318885   6.45438055  -0.49599065  -3.50358466
  -0.55702413  -6.21999058  -2.90130767   0.94887469  -0.85245265
  -1.98450875   0.5719179    6.40768067  -3.63543126   0.75428565
  -2.33258924  -8.69113031   1.86046033  -4.37901846   1.37551827
  -7.09889116  -3.30173888  -7.09916182  -1.41674343  -0.91616297
  -2.3374991   -0.71405278  -8.55208705   3.2847959   -1.70182608
  -9.7567493   -1.46135269   1.89510906   4.63557286  -1.70508411
   3.05717239  -9.34249156  -2.05657545  -0.27948287   3.73915646
   0.05754055   2.3730704   -3.05155027 -10.44756696  -0.63115408
  -3.5288769    2.68340129  -4.85927411  -0.27902084  -1.10667275
   2.36298168   0.01249531  -2.58586085  -0.41509367   1.54431314
   2.615061    -4.0744055   -5.23047461  -0.32279226  -0.07268919
  -6.15551053  -0.21241669  -7.11047436   0.55369871  -4.53765729
  -7.61567968  -5.00168265   4.88351214  -0.92329466  -3.05102686
 -11.64158929   1.2641258    1.63203169   0.74344155  -1.4471588
   3.6579142   -7.44650534   2.75572312   4.10663643  -0.78343293
   1.00608177  -3.03550138  -4.53765729  -7.61567968  -5.00168265
   4.88351214  -0.92329466  -3.05102686 -11.64158929  -2.02354868
   1.66528456   0.5941842   -0.47761712  -6.26476819  -6.2775778 ]"
"[ -8.05485975  -5.57314043 -12.08243321  -8.83437271  -9.40562685
  -8.6799823   -4.84813137  -8.84152188  -8.59737408  -6.98273504
  -9.23879413  -7.26766735  -8.05485975  -5.57314043 -12.08243321
  -8.83437271  -9.40562685  -8.6799823   -4.84813137  -8.84152188
  -8.59737408  -6.98273504  -6.71556944  -6.73311352  -4.74784586
  -7.26766735  -8.05485975  -5.57314043 -12.08243321  -8.83437271
  -9.40562685  -8.6799823   -4.84813137   2.17748876  -7.7103348
  -5.68678267  -7.22037384  -6.75941112  -6.31028443  -3.41908692
  -6.71556944  -6.73311352  -4.74784586  -7.26766735  -8.05485975
  -5.57314043 -12.08243321  -8.83437271  -9.40562685  -8.6799823
  -4.84813137  -8.84152188  -8.59737408  -6.98273504  -9.23879413
  -7.26766735  -8.05485975  -5.57314043 -12.08243321  -8.83437271
  -9.40562685  -8.6799823   -4.84813137  -8.84152188  -8.59737408
  -6.98273504  -5.57314043 -12.08243321  -8.83437271  -9.40562685
  -8.6799823   -4.84813137  -8.84152188  -8.59737408  -6.98273504
  -9.23879413  -7.38288802   1.40269138  -8.83437271  -9.40562685
  -8.6799823   -4.84813137  -8.84152188  -8.59737408  -6.98273504
  -9.23879413  -7.38288802   1.40269138  -3.52181135  -5.68678267
  -7.22037384  -6.75941112  -6.31028443  -3.41908692  -6.71556944
  -6.73311352  -4.74784586  -7.26766735  -8.05485975  -7.26766735]","[ -2.93059769 -10.8123832   -7.17159257  -8.01488255  -2.79098008
  -8.73302678  -4.95536513 -10.60931694 -10.36350643  -4.83188258
  -7.21343175  -7.21343175  -7.50186703  -7.8269026   -3.51806704
 -10.95990274  -6.75651733 -12.01800435 -11.73919657 -11.59538386
 -16.63183305  -5.48033362  -6.75651733 -12.01800435 -11.73919657
 -11.59538386 -16.63183305  -5.48033362  -6.28535742  -8.53548225
  -6.06092061 -11.01704174  -9.8058126   -7.26120707 -12.53717865
  -8.65644169 -10.84831774 -10.86340335  -7.86769579  -7.88355958
  -8.49510871  -8.16129292  -8.04284241  -9.10319723  -2.77697364
  -6.89687464  -6.5480679   -6.74715693 -11.44933723  -9.12458884
 -13.46075362  -7.92423864  -8.46415435  -6.95845726  -5.68189306
 -10.36350643  -4.83188258  -7.21343175  -7.50186703  -7.8269026
  -3.51806704 -10.95990274  -6.75651733 -12.01800435 -11.73919657
 -11.59538386  -5.68189306  -6.56303608 -10.36687417  -3.95845487
  -2.93059769 -10.8123832   -7.17159257  -8.01488255  -2.79098008
  -8.73302678  -4.95536513  -5.68189306  -6.56303608 -10.36687417
  -3.95845487  -2.93059769 -10.8123832   -7.17159257  -8.01488255
  -2.79098008  -8.73302678 -10.16675192 -10.92344701  -8.92944969
  -6.87997171  -4.88218642  -6.18868365  -3.26231589  -8.43899952
  -7.01854174  -7.83008423  -7.68577875 -13.54840024 -12.734398  ]","[ -1.65032654  16.73053797  16.94713621  13.78516686   9.42874712
  14.9043836    5.52282483   7.72294961   2.78857116   7.61571565
  16.35924998  10.32717569   7.04918466  11.76416976   3.55321823
   7.42926241   9.34284657  11.42872135   7.14976567   9.84103125
   9.63401879   9.29178149  -0.92985508  12.71428185   7.56044909
  15.47948514   5.46702447   2.62903917  11.94897941   5.23651511
  10.73047917   6.95750266  14.32248579  11.76416976   3.55321823
   7.42926241   9.34284657  11.42872135   7.14976567   9.84103125
   9.63401879   9.29178149   1.35579107   8.65832322   7.93341032
   3.48227747  15.60920124  10.20432107   2.45024226   5.19129358
  12.62061863  10.23285831   2.53656676  14.49694234  11.67507476
  10.60723614  -0.86200658  13.24241931  17.09383186   9.78543881
  16.67697553  11.58285979  14.49985998   5.75851662  13.07375573
  -1.65032654  16.73053797  16.94713621  13.78516686   9.42874712
  14.9043836    5.52282483   7.72294961   2.78857116   7.61571565
  16.35924998   6.57198017  10.59737662   5.93168346   9.95539481
  10.29059969   9.78500854  13.3117092    7.63613332   4.06101539
   9.54734672  17.89156612   9.95539481  10.29059969   9.78500854
  13.3117092    7.63613332   4.06101539   9.54734672  17.89156612
   9.87384784  14.03914085   3.0351476    6.46388192  14.12449487]","[  1.65124754  -6.50895846   2.14738192  -7.96285553  -3.69592669
  -1.17457795 -10.41176079  -1.87864557 -12.04412191   1.05441149
   1.87797728  -7.87181623   2.11423797  -6.75939432  -7.98921695
   1.74942641   2.31824258  -3.47779664  -6.97639559  -6.1703657
 -10.57351551  -2.85086692 -10.57351551  -2.85086692  -2.80527509
  -9.78994265 -10.2771231  -12.17232899 -12.63470694  -4.43715709
  -7.95380698 -10.01607136 -10.5271058   -1.05374253  -3.72534521
  -9.40377453  -5.79715498  -8.99144923  -0.9488731   -4.99428921
  -3.29434819  -6.91313319 -11.54183418  -8.43972337  -4.81471224
  -3.83258725 -10.70864401 -11.59885732  -1.7580079   -3.01405638
  -8.99799953 -12.0121733   -8.21382436  -1.22133796  -2.45071318
   1.22477092  -5.64505847  -3.37386405   2.1490774    0.39856574
   3.49002629  -3.89636193  -3.60960014  -5.20767335   1.74853282
   0.99730059   3.1351845    1.87797728  -4.20481051  -7.06897511
  -4.49678763   3.5460243   -2.77521902  -2.96395628  -3.9965521
   3.62586013  -0.03012722 -10.73633142  -5.93135474  -2.55970576
  -7.87181623   2.11423797  -6.75939432  -7.98921695   1.74942641
   2.31824258  -3.47779664  -6.97639559  -5.20767335   1.74853282
   0.99730059   3.1351845   -0.67172951  -3.01411195  -5.5054896
   0.39867784  -3.09553694  -4.92712746   2.42311874  -7.55216133]","[ -8.93366543  -3.43278752 -11.26057895 -12.5362167   -4.75784102
 -12.54375595  -4.97537443 -13.36285179 -12.37652605 -10.66044446
  -9.81978611  -9.39060049  -7.46310596  -7.77634043  -3.81251066
  -3.89368912  -4.24622348 -14.84561222 -12.35708194  -4.86809117
 -12.48976425  -2.96932012 -11.26057895 -12.5362167   -4.75784102
 -12.54375595  -4.97537443 -13.36285179 -12.37652605 -10.66044446
  -9.81978611  -7.06217931  -5.08618162  -3.10079446 -14.48377243
  -7.19968773  -4.67787503 -10.42722084  -9.52040188 -12.12811512
  -8.53533153  -9.63951884  -3.92197473  -9.79585346  -3.10079446
 -14.48377243  -7.19968773  -4.67787503 -10.42722084  -9.52040188
 -12.12811512  -8.53533153  -9.63951884  -3.92197473  -9.79585346
  -1.00227896 -11.2415848   -8.43890607  -1.44226337  -9.16513391
  -5.37396889  -4.15839327  -6.12490117 -14.55706024 -14.004644    -4.8659032
 -10.4377707  -13.34793798 -11.71383625  -8.98099017  -6.75793219
 -10.60962962  -6.6818086   -1.00227896 -11.2415848   -8.43890607
 -13.36285179 -12.37652605 -10.66044446  -9.81978611  -7.06217931
  -5.08618162  -7.28857981 -13.37801429 -10.90495703  -4.40751278
  -3.25929116  -9.39060049  -4.35836702  -7.46783761  -8.29737601
  -7.69035288 -13.25736935  -1.08502846   1.22143958  -8.90627607
 -15.32045592   2.72504052 -11.13615146  -9.72236582]","[ 20.51693093  20.13848135  13.40564119  16.72008816  18.95614851
  19.2694595   22.15887567  17.35030062  16.96461619   5.33233553
  19.31842014  19.3613113   24.64868218   8.71989527  12.92004096
  16.34478079  10.82524701  23.46637537  15.38815226  15.76920007
  11.70346542  11.67116011  17.53052539  10.47905475  22.88375048
  12.28812945  16.0265846   18.17084229  19.72727034  17.34403705
  19.3613113   24.64868218   8.71989527  12.92004096  19.09926383
  19.17102972  18.51466456  15.68853563  25.29833571  15.65781516
  19.01799078  16.91814794  14.09391328  18.59246535  19.46391152
  13.55049089  20.54619452  13.40392839  18.43685094  18.00187312
   9.22818444  19.09926383  19.17102972  18.51466456  15.68853563
  25.29833571  14.64521081  11.01987207  13.33714639  15.09262808
  13.12559675  21.20422308  18.51199178  19.96753877  15.71247845
  17.03974518  11.8054012   12.66222457   8.52705074  22.37358536
  18.47672865  14.17944548  17.69187609  16.14385622  23.04604036
  14.69000168   9.93385702  19.07311772  21.47102756   9.59752645
  22.90937018  11.20393553   9.70332622  18.33476248  10.65893772
  19.86162451  20.11648087  16.87813062  15.84456328  19.07311772
  21.47102756   9.59752645  22.90937018  11.20393553   9.70332622
  18.33476248  10.65893772  19.86162451  22.65225825  17.82748987]","[ 14.2502351   12.27268198  13.5480184   14.23892034   6.03294657
   5.37631508   7.74819535  14.87866801  14.67352062  11.2749116
  12.41418559   9.7200908    4.21154901  11.52964041  12.70177083
  11.43256718   8.65081227  11.68220551   7.17198499   9.64117076
  10.99112876   6.67321252  11.21419958   8.80548331  13.48543672
   8.65966087  10.84121202  11.0133204   -0.98459959   4.34370038
   8.18674794  13.80125479   6.06846537  -2.6004195    9.77475073
   5.36600469  14.36751901  10.73373187   7.9684272    5.62345352
  12.43678104   8.3022551   11.5353747    9.32934493  10.84018501
  10.88732128   8.45579448   9.18859352   6.33761245   5.34755446
  16.7223332   11.17820954   9.7200908    4.21154901   7.48656986
  15.94979891   7.69925029   4.98871044  12.07647184   9.09242733
   5.75743161  16.02529843   5.81733564  15.48369957   4.06322532
  12.19753025  10.41154719   7.45047591   7.19423887   8.94339032
  10.40794401   9.26579876   0.2928561    9.01054431  14.96812726
   7.29289055   9.18859352   6.33761245   5.34755446  16.7223332
  11.17820954   9.7200908    4.21154901  11.52964041  12.70177083
  11.43256718   8.65081227  16.02529843   5.81733564  15.48369957
   4.06322532  16.87754298   6.57795945  19.54054274  10.91786889
   8.38681126   6.9089141   12.81758005   8.39109858  16.33798459]","[  4.80009377   2.19847812   4.86944226   4.82718194   5.07630496
   3.69255261   1.98841877   4.34288023   6.48929932   4.62141413
   6.32374435   6.38960071   2.19240778   9.31733899   8.28697204
   7.13264266   6.93676785  12.09561314  12.25657226  12.42119208
   6.60850352   6.10780551   8.28697204   7.13264266   6.93676785
  12.09561314  12.25657226  12.42119208   6.60850352   6.10780551
   5.16650097  15.66527503   9.74670189   3.14471589  11.54639338
   7.78888054  12.79793547   6.27957993   5.44137257   8.42860821
   4.85000971   8.05934699  -0.53231372  13.94234243  10.17744448
   9.14322037   6.06902637   5.58951748  14.35540887   1.33222252
   3.14471589  11.54639338   7.78888054  12.79793547   6.27957993
   9.86716128   1.45701669  17.0275447    2.91801105   9.1969557
   8.99530982  10.73550119   5.93467856   5.76130713   7.97514379
  14.35540887   1.33222252   3.14471589  11.54639338   7.78888054
  12.79793547   6.27957993   5.44137257   8.42860821   4.85000971
   8.05934699  15.3897414    8.29852376  12.59320925   7.20444961
   9.69403616   5.58125962  10.14008129   4.12137513   4.59327304
   8.07114735   9.4912817   13.37185235  13.0334435    9.83941797
   5.57213339   5.49439061   7.26843462   9.26062125   8.50516538
   7.51199896  10.34346106   0.92795584  12.93642837   1.11426087]","[  3.07558861   5.35096453  -7.45067416  14.20118922   7.80673647
   7.3596555    1.45444108   2.23711714   2.49788199  -0.29927263
   4.66477044  -5.29639413   7.45221603  10.04143668   7.65187699
   7.13638517   4.98079979   3.35941421   9.95615288   6.02538986
  11.78164722   8.09158214  -2.04940143  -0.45433571   9.1319393
  11.57127289   9.57673049  -5.77790321   3.50306095  -2.88410057
   7.66581999   4.47129161   5.02892732  -5.29639413   7.45221603
  10.04143668   7.65187699   7.13638517   4.98079979   3.35941421
   9.95615288   6.02538986  11.78164722   8.09158214  -5.63818723
   5.9455698   10.03358746  -0.46693781   3.18468473  -4.37656375
   9.70479336   7.72343338  -5.89631793   4.10027045  16.57519077
  -0.36372734   1.77541405   2.96427052  13.61608303  12.45839093
  15.37498385  -4.73295302  11.52039986   5.97304846   2.67900827
  11.37295423  13.96374384  16.70261263  14.96243149  -0.07218212
   6.60420757   9.4705087    3.42412942  -3.80417045   4.0794951
   5.68822163   7.10928321   6.05101418   2.06070686   2.41133415
   7.20773625   0.96717603   0.60431412   7.09485809   7.15034354
   9.81010347   5.97528487   6.79174367  13.67544677 -11.23831358
  12.7792765    1.9806762    4.2376608    0.68906124  11.71770586
  -3.86640402   6.40894826   9.73208353  10.88743283   8.36535964]","[ -9.26358762  -0.78151165  -0.83433599   1.05748712  -0.24753149
  -3.48105259  -0.74560292  -2.4809669    0.60154694   2.47816768
  -0.53475609  -3.80098799   2.92924372  -5.35067763  -7.54455837
  -2.3517083   -1.49588743   0.70854554  -1.52804548  -4.62707038
   2.8729366   -1.62075534   0.61337729  -4.06408577  -8.03140709
  -5.40043045   3.11508779  -0.46230159  -2.68571194 -10.22489721
  -3.00128618   1.71815979   0.54560319  -3.51679415  -5.021552
   5.26606453  -0.48524967  -3.66038743   1.78783824   1.89319197
   2.06987346  -3.64433699 -10.4561305    4.58253921  -4.01378368
  -5.39336635   0.5572549   -3.07716194  -3.80098799   2.92924372
  -5.35067763  -7.54455837  -2.3517083   -1.49588743   0.70854554
   1.44767436  -8.71308668  -0.7737744   -3.52690615   3.54780642
  -0.07306956   4.93376331   1.58649312  -1.60186163  -3.66878116
  -3.77795349  -5.45836503   0.72397383  -3.84150025   2.63578898
  -4.16187652   1.01757083   1.41384795  -4.63898626  -1.56744753
  -8.55561614   0.61337729  -2.4809669    0.60154694   2.47816768
  -0.53475609  -5.23187967   5.32349242  -5.0786353    3.244665
   3.38838039  -1.19152885  -5.24485496   2.32575952  -2.22693787
   1.73023807  -0.11454578   6.04816228  -6.02575219   0.36671703
   0.11300783  -0.06793692  -0.29851329  -6.31438537   0.77859475]"
"[-4.98754836 -6.72701819 -0.78440938 -8.81744614 -4.34425899 -2.95363263
 -6.49465164 -3.4293075   1.28904105 -4.13762681 -7.99557661 -4.13762681
 -7.99557661 -4.02403775 -7.48474521 -3.75418318 -7.9114793  -3.08995149
 -3.36937657 -7.5068177  -8.09471116 -6.4552245  -4.98754836 -6.72701819
 -0.78440938 -8.81744614 -4.34425899 -2.95363263 -6.49465164 -3.4293075
  1.28904105 -4.13762681 -7.99557661 -7.48474521 -3.75418318 -7.9114793
 -3.08995149 -3.36937657 -7.5068177  -8.09471116 -6.4552245  -2.42587486
 -6.10760668 -5.13859782 -7.99557661 -4.02403775 -7.48474521 -3.75418318
 -7.9114793  -3.08995149 -3.36937657 -7.5068177  -8.09471116 -6.4552245
 -2.42587486 -6.10760668 -4.13762681 -7.99557661 -4.02403775 -7.48474521
 -3.75418318 -7.9114793  -3.08995149 -3.36937657 -7.5068177  -8.09471116
 -6.4552245  -7.99557661 -4.02403775 -7.48474521 -3.75418318 -7.9114793
 -3.08995149 -3.36937657 -7.5068177  -8.09471116 -6.4552245  -2.42587486
 -4.13762681 -7.99557661 -4.02403775 -7.48474521 -3.75418318 -7.9114793
 -3.08995149 -3.36937657 -7.5068177  -8.09471116 -4.02403775 -7.48474521
 -3.75418318 -7.9114793  -3.08995149 -3.36937657 -7.5068177  -8.09471116
 -6.4552245  -2.42587486 -3.4293075   1.28904105]","[ -1.23790351  -4.75259236  -3.43783584  -5.33756963  -8.50724625
  -3.39951642  -9.84871564  -6.35549253  -5.9473371   -7.40893753
  -2.53492517  -6.32583339  -3.75703823  -7.03638999  -2.00604145
  -4.94051019  -1.92568618  -8.08023088  -8.26403756 -13.54099648
 -12.05739435  -0.15567088  -5.29213389  -6.24777285  -6.66387969
  -4.81900025  -7.3596778   -2.68927472  -6.41542892  -1.88466412
  -3.84128961  -2.40814597  -4.51044382  -3.84128961  -2.40814597
  -4.51044382  -6.21757969  -7.59984745   0.02003561  -7.24041832
  -2.57894365  -4.84324527  -9.40825192  -7.61365138  -4.00792709
   0.37309368  -1.50431591  -6.11102977  -5.48334079  -2.46057675
   1.42441811  -6.07721252  -3.92476756  -2.60311796  -3.6878562
  -0.15567088  -5.29213389  -5.37172322  -6.07400709  -8.5994046
  -6.04880361  -4.59898446  -4.37164418  -3.09777844  -8.31751135
  -2.8643997   -5.29213389  -5.37172322  -6.07400709  -8.5994046
  -6.04880361  -4.59898446  -4.37164418  -3.09777844  -8.31751135
  -2.8643997  -10.41763265  -8.5994046   -6.04880361  -4.59898446
  -4.37164418  -3.09777844  -8.31751135  -2.8643997  -10.41763265
  -5.91550447  -6.24777285  -6.66387969  -6.66387969  -4.81900025
  -7.3596778   -2.68927472  -6.41542892  -1.88466412  -3.84128961
  -2.40814597  -4.51044382  -6.21757969  -7.59984745  -0.45452854]","[ 16.38281923   8.2490914    2.08951845   9.9285292   16.99431636
   6.92558995  10.614116    10.56648419  13.62569607   4.6216679
  18.76597235  12.85168229  14.10072919   2.47488586   6.98097161
  16.86348366   9.40677988  12.24806558  12.44177679   7.40735262
  10.88664824   2.53375012  10.73747233  17.92119532   5.53448923
  16.17806475   9.52450853   6.65813631   7.93821003  12.01299195
   9.42433608  12.13450489  15.43961332  10.85653766  18.06021637
  16.87912998  14.51960804   8.0044023   14.88461072  13.92704795
   9.98160759   8.96344938   7.78349436  10.77052274   9.3671922
   7.62980988  15.53802544  10.85653766  18.06021637  16.87912998
  14.51960804   8.0044023   14.88461072  13.92704795  16.17948155
   7.3415225    1.76021264  11.32709629   5.0437969   10.75897768
  19.6046607   11.31310411  -0.21876393  15.94514268   3.53053931
   9.9285292   16.99431636   6.92558995  10.614116    10.56648419
  13.62569607   4.6216679   18.76597235  14.04223015  10.06316389
  18.50266186   3.14202364  12.50744162  12.98748068  10.17408683
   3.35273643   6.14489334  10.4123623    9.50578211  16.06283028
  11.79128299   8.92831791   8.42006369   7.13593373   8.62281103
  19.7132277   10.82419206  11.62219003  13.51483479   4.22663461
  10.47419173   9.27964644   8.55884396  12.85168229  14.10072919]","[  4.22696946  -4.7039911    3.63604437  -1.36168516  -5.60705003
  -1.49347985  -2.23030187  -6.29926369  -7.38972589   1.99102992
  -4.32600007  -9.54200214 -10.12735599 -11.98987165 -12.39021493
  -4.10920515  -7.68863092  -9.84535942 -10.38404878  -3.66721414
   4.29967871  -5.40052133   0.51645463  -2.86807609  -4.92676511
  -2.20774884   2.95243869  -8.47351284   4.93645933  -5.10012557
  -8.96670252   2.34966269  -8.47351284   4.93645933  -5.10012557
  -8.96670252   2.34966269   2.49217781  -0.16152866   1.08836539
  -6.91491445  -5.63248236  -2.32478106  -8.68155547   1.08337946
  -5.38438147  -3.26842251 -10.80491838  -1.61996364  -6.46839327
  -7.5549335   -8.0231374    2.55428619  -7.37616458  -4.24714301
   3.60426754  -2.40409857  -2.80284318  -3.73103344   3.75536476
   0.11223387 -10.54746434  -6.6442836   -1.49306491  -5.39947361
  -5.39947361  -7.83892494  -6.26478234   6.65003684  -2.50133023
  -1.97391167  -2.06622703 -12.1902449    4.96011704  -6.98851533
  -6.27274621  -2.36110594  -2.463446    -9.54200214 -10.12735599
 -11.98987165 -12.39021493  -4.10920515  -7.68863092  -9.84535942
 -10.38404878  -3.66721414  -1.58825598  -4.31558396  -0.61341375
  -7.98733551  -6.66647486   1.06690137   1.55400622  -2.26899139
  -1.39524042   1.38324342   1.17373661  -9.01862187  -9.09645403]","[ -6.10182885  -3.79110057  -1.91198088   3.46142651  -7.72147683
  -1.854861     2.35115047  -4.9714004   -0.59003087   0.7217688
  -0.42137549  -7.72147683  -1.854861     2.35115047  -4.9714004
  -0.59003087   0.7217688   -0.42137549 -10.5726894  -11.02689678
  -2.05340445  -4.92317262  -5.62735925  -1.09861508  -5.80379627
   4.69303006  -7.78453216  -9.06977736  -5.25829735  -5.09625084
  -2.3578075   -0.1110009  -10.96593509  -7.7854083   -7.4901861
  -1.66750456   0.17853004  -2.51730268  -1.15458611   3.38853223
   1.76148263 -10.17567037  -2.44801601  -4.50897037  -9.81337531
  -3.29912816  -1.72737541 -10.8247064    2.85201486  -4.32459522
  -8.55578849  -7.12498273  -4.51391137   2.39848599  -2.95013844
   0.17853004  -2.51730268  -1.15458611   3.38853223   1.76148263
 -10.17567037  -2.44801601  -4.50897037   2.47304755  -7.0294758
  -6.64769403  -3.199181    -3.15707557  -3.92229117   2.03969777
   1.82154314  -6.26255622  -0.41211154 -11.33890503 -10.76147907
  -5.3128529    0.7217688   -0.42137549 -10.5726894  -11.02689678
  -2.05340445  -4.92317262  -4.80617098  -9.92515874 -10.12019284
  -6.64769403  -3.199181     2.39848599  -2.95013844  -6.64459206
 -14.5733741  -11.64118743   3.35232745  -8.77234295  -2.3721613
  -9.01859446  -3.96263549   2.73918308 -10.19010704  -0.21866665]","[ 19.35381245  18.76939956  24.75073764  19.94622552  22.79984592
  26.52390077  21.1541455   23.903602    18.60094394  17.96136684
  17.94995956  22.28892816  19.71962997  23.42209152  15.0354697
  19.61774081  19.97716003  16.91219622  22.0558792   16.41260208
  22.63617245  20.57232006  12.5665193   21.17482793  18.16797379
  22.45690873  21.21556601  19.35381245  18.76939956  24.75073764
  19.94622552  22.79984592  26.52390077  25.02379276  20.30635635
  19.31316237  21.97506765  17.49900271  28.50839569  20.33175282
  19.84096816  14.89737824  16.93715918  18.75497736  18.9941247
  18.5639755   24.85353409  17.92851168  21.19312435  18.14244422
  15.61360001  19.54377953  18.22437313  20.04872228  24.91832398
  24.66701218  15.72898507  11.32841207  17.29754118  16.16584794
  17.21733552  16.72432479  18.96218828  13.70276425  21.54047077
  19.06083471  16.51221904  18.9941247   18.5639755   24.85353409
  17.92851168  21.19312435  18.14244422  15.61360001  19.54377953
  18.22437313  20.04872228  16.72432479  18.96218828  13.70276425
  21.54047077  19.06083471  18.87937855  21.74883603  20.89491884
  18.04189527  22.50110013  16.8332004   15.80315139  20.65939918
  20.47291565  17.37787694  25.82544955  20.81288182  19.06675012
  17.4447985   17.66775838  19.41263076  17.07801446  22.87756746]","[ 13.79416613   6.806127    11.22603952  12.62770261  12.78666961
   8.43269504  13.53900968  13.10015875   8.6111586   13.86696169
  12.35938921   6.89773805  10.05934856  12.05668875  12.52576576
  16.58493884   9.33990055  14.05658632   7.59278464  14.22283114
   8.5518056   15.60533637  11.04490461  12.92610614   9.69296269
  13.63299132  10.01351021  22.12180144  14.60438486  13.42391222
   5.50939574  11.28717019  15.60533637  12.77231197  15.54190792
  10.55200749  13.88756616  15.86285227  12.60873203  17.17447433
   9.19533978  17.49689     15.22343328   5.54114127   8.79335549
  11.07177008  10.71683695  12.17754598  11.80361386   8.99989575
   9.32292472  11.47576001  10.85352115   9.61502359  13.42391222
   5.50939574  11.28717019   8.01346054   9.35690842   4.47270392
   6.9556757   10.23710132  14.86442041  11.44638377   6.84709325
   9.51218396  11.37742333  11.05907099  11.76360404  11.8743225
   7.87830119   0.53793181  13.14943034  10.05212657  13.01407484
  11.10037256  20.91963199  11.69371113  17.28242575  11.54729949
  12.43316385  10.36854227   9.19161029  18.19226443   8.27823057
  12.8492858    6.61512407  15.17547803  16.32069988  17.06945388
  15.03748684  14.09864013  12.710083    12.88154868   5.36738611
   5.51741844   6.70064244   9.51447295   7.0058961   16.58493884]","[ 10.61385924  13.29845941   5.37331866   4.82607487   7.25038268
  11.32956426   5.62223512   8.96859287  13.47198825  12.56999206
  10.51403361   8.3615198    9.44341796   9.61446602   9.72625209
  17.288416     9.12679433   6.52854336  11.33136192   9.88721752
   1.15126123  10.06958359  10.06303458   2.10605665   4.54215224
   6.89952963  10.93978474  12.73327248   8.62411558  12.29425089
   7.26664997   8.05329695  15.15502366   7.89012391   4.68685471
   9.58814275   7.37284983   8.08178137  10.7438005    8.30983377
   6.75585207  14.947923    11.13121971  12.29056124   9.32263392
   7.17730492  10.61385924  13.29845941   5.37331866   4.82607487
   7.25038268  11.32956426   5.62223512   8.96859287  13.47198825
  12.06721207  -3.86717588  13.10082722   7.58622357  12.14994308
   8.71574721   9.87086769   6.72448237  13.7743212    2.66547955
   5.39063615   3.69462189   6.85082934  -3.30401084  14.50656457
  15.45070531   7.87909764   4.48586775   8.16310452   7.10099199
  12.50306716  10.7438005    8.30983377   6.75585207  14.947923
  11.13121971  12.29056124  11.97027458   6.64291934   5.46384055
  13.07609468  11.74852175   7.34328631  14.67295041   6.78549892
   7.24388369  16.99129691  10.64968681  10.37565899   8.55239062
   6.35001976  13.80668217  12.87930257  10.7438005    8.30983377]","[ -0.65340935   1.92537863   2.49793461   7.62721885  -2.4186719
   6.44854898   6.31779352  -8.5421143    7.94366354   8.42519921
   4.44358319  -0.56281277   2.79462087  13.6304482   13.07367726
   5.76258411  11.19015711   8.52795835   7.22793185  -2.31322859
  -3.07129163   0.17354585   3.29305268  11.42841042  11.62655202
  11.74828207  12.63871173  13.17900509  12.75629509  10.46145086
  13.82952286  -0.36021444   6.95764885   0.01980718   4.05713421
   6.68972289   7.15396184   2.5054672   -2.05987542   4.24206082
   9.54319503   3.4375909   -4.04379729  -1.50665341   8.63860994
  13.84632205   4.58895633  -5.86659197   0.03699011   4.93405544
  17.31794998   4.83198991   2.72534106   2.49733955  -0.76558405
   4.88916896   3.0605945   13.21679573   9.00274083   9.62561937
   9.40566249   2.6769769   -7.20904125   7.28181049  -1.49083337
   3.87917876  10.98039889   2.27148118   6.47893186   5.81261766
   9.69849338   0.46498862   7.07424524  -0.19943001   9.01625827
  12.41943084  16.33985592   2.27148118   6.47893186   5.81261766
   9.69849338   0.46498862   7.07424524  -0.19943001   9.01625827
  12.41943084  16.33985592  -4.49439104  14.07264743  13.31581645
   8.57050762   3.57312975   8.63860994  13.84632205   4.58895633
  -5.86659197   0.03699011   4.93405544  17.31794998   5.26694138]","[  2.29184556e+00  -4.35786579e+00  -4.79498462e+00   2.05901007e+00
   3.11569661e-01   1.55938432e+00  -8.65659751e-01  -4.54802859e+00
   2.25488638e+00  -1.09719202e+00  -1.38146319e+00   1.03755356e+00
   3.91433263e+00   2.73287469e+00  -1.32851390e-01  -2.71759166e+00
   5.08993634e-01   4.52482805e+00   2.63547458e+00   3.20675150e-01
  -8.16378485e-01   2.79234235e+00  -3.72553734e-01   2.83286248e+00
  -3.68880964e+00  -2.27764885e+00   3.29384601e+00   6.04452013e+00
   7.91523128e-01  -6.73470285e-01   2.28144429e+00  -9.40831380e-01
   7.52527626e-01   1.68820917e+00   1.59019532e+00  -6.08420071e-02
  -3.12257235e+00  -5.36705374e+00   7.06513778e+00   2.98839186e+00
  -1.70931001e+00   2.29184556e+00  -4.35786579e+00  -4.79498462e+00
   1.81308635e+00  -1.32093694e+01  -6.85557937e+00   1.31465280e+00
   5.45650267e+00   1.92467689e+00  -4.38377316e+00  -4.01570975e+00
   2.47515286e+00   8.99780991e-01   2.31758712e+00  -1.38553319e+00
  -6.53551668e-01  -2.80792668e+00  -3.08971424e+00  -4.04509377e+00
  -1.97550516e-02  -1.66910464e+00   1.71292164e+00   1.51997985e+00
  -3.55644643e-03   1.28236375e+00   4.84306171e+00   3.34503152e+00
   1.04245935e+00   3.93835517e+00   6.55589324e+00   1.71370256e+00
  -1.38553319e+00  -6.53551668e-01  -2.80792668e+00  -3.08971424e+00
  -4.04509377e+00  -3.75208809e+00   7.54318585e-01  -7.73797046e-01
  -3.18372770e+00  -1.16232959e+00  -2.07010071e+00   7.83363023e-01
   1.21985916e+00  -5.81057118e-01  -5.51582637e+00   6.39633718e+00
   5.14528212e-01   2.91046352e+00  -7.38978241e+00  -3.71804531e-01
  -3.75208809e+00   7.54318585e-01  -7.73797046e-01  -3.18372770e+00
  -1.16232959e+00  -2.07010071e+00  -6.96386428e-01  -4.85579279e+00]"
"[ -7.59373441  -4.257048    -3.77271542  -5.45381157  -5.93625889
  -3.01002977  -4.82328434 -11.92386505  -3.61689252  -4.73816577
  -5.22532135  -4.257048    -3.77271542  -5.45381157  -5.93625889
  -3.01002977  -4.82328434 -11.92386505  -3.61689252  -4.73816577
  -5.22532135  -7.76499105  -4.257048    -3.77271542  -5.45381157
  -5.93625889  -3.01002977  -4.82328434 -11.92386505  -3.61689252
  -4.73816577  -5.22532135  -7.76499105 -10.21991072  -7.59373441
  -4.257048    -3.77271542  -5.45381157  -5.93625889  -3.01002977
  -4.82328434 -11.92386505  -3.61689252  -4.73816577  -5.45381157
  -5.93625889  -3.01002977  -4.82328434 -11.92386505  -3.61689252
  -4.73816577  -5.22532135  -7.76499105  -7.37589842  -2.72768464
  -5.95075525  -6.49914702  -4.68567167  -5.22782616  -4.35464325
  -2.9812574   -4.49830216  -7.87780497  -0.10349835  -7.38345936
  -5.45381157  -5.93625889  -3.01002977  -4.82328434 -11.92386505
  -3.61689252  -4.73816577  -5.22532135  -7.76499105  -7.37589842
  -2.72768464  -4.257048    -3.77271542  -5.45381157  -5.93625889
  -3.01002977  -4.82328434 -11.92386505  -3.61689252  -4.73816577
  -5.22532135  -7.76499105  -7.59373441  -4.257048    -3.77271542
  -5.45381157  -5.93625889  -3.01002977  -4.82328434 -11.92386505
  -3.61689252  -4.73816577  -5.22532135  -4.68567167  -5.22782616]","[ -5.3613904   -4.65999212  -1.7885065    0.06218203   0.89789442
  -7.29095628  -7.23668535  -6.73468022   3.18002617  -6.10442234
  -7.48699418  -2.25761278  -3.81761498  -4.30666489  -3.5360305
  -6.9514322   -1.78111851  -5.6184728   -1.0996825   -3.41576985
  -3.81569438  -2.1265865   -3.81569438  -2.1265865   -4.73905286
  -7.78556312   2.10649145  -5.89510249   0.37765999  -4.34588811
  -7.56459501  -6.11530508  -7.22139159  -2.1265865   -4.73905286
  -7.78556312   2.10649145  -5.89510249   0.37765999  -4.34588811
  -7.56459501  -6.11530508  -7.22139159  -3.5224942   -3.50398753
  -6.45400154  -6.23276694  -2.18978071  -1.78783894  -3.78038503
  -3.83257037   0.59255596  -4.14806755  -0.92210403  -6.70108152
 -12.0000348   -2.10032034  -7.60487533   0.89570549   3.24442924
  -7.11942293  -5.3613904   -4.65999212  -1.7885065    0.06218203
   0.89789442  -7.29095628  -7.2220054   -5.56783993  -2.10032034
  -7.60487533   0.89570549   3.24442924  -7.11942293  -5.3613904
  -4.65999212  -1.7885065    0.06218203   0.89789442   2.10649145
  -5.89510249   0.37765999  -4.34588811  -7.56459501  -6.11530508
  -7.22139159  -3.5224942   -7.2220054   -5.56783993  -2.10032034
  -8.41718843  -2.29359162  -7.03869043  -2.5956911   -6.08269263
  -1.14423267  -8.60264208  -5.3524462   -0.35256566   0.2047956 ]","[ 17.13175036  17.54366214  18.19302765  12.98730635  22.79133434
  11.39408243  24.87034694  20.71527568  12.8628437   12.2454954
  15.2951424   11.86432253  13.80191047  19.10803956  14.43988688
  19.36820858  25.88096409   6.99723901  17.21894028  14.83112496
   4.55132916  12.353828     9.78426122  13.24414589  15.2951424
  11.86432253  13.80191047  19.10803956  14.43988688  19.36820858
  25.88096409   6.99723901  15.16487284  12.43332345  21.11011805
  28.97897838   6.91152667  21.58108793   7.47923153  13.10536633
   2.87498718  13.17967917   7.58433673  14.30397523   7.88686452
   5.26208703   6.71827582  15.16487284  12.43332345  21.11011805
  28.97897838   6.91152667  21.58108793   7.47923153  14.37028251
  18.91112361  13.00019292  16.27245741  20.20471799   8.60836486
   5.86439523  11.99016798  21.05653302  17.73880015  17.78617827
  18.21199971  15.12919756  19.47786916  12.80453678  11.18232268
  10.34077985   3.56020377  11.57267852   0.4166161    5.98630329
  14.2540039   18.21199971  15.12919756  19.47786916  12.80453678
  11.18232268  10.34077985   3.56020377  11.57267852   0.4166161
   5.98630329  14.2540039   16.06348838  19.17935143  15.41717316
  20.30225846  10.15145297  12.27279207  20.12250811  21.11698434
  17.29719224  12.7198878    7.64696919  13.37431754   9.7559986 ]","[ -6.67615933   6.61535015  -2.82533843  -2.28255414  -2.51048395
 -12.450538     4.85176669  -7.29167095  -6.73275648  -2.7978789
   0.27403206   3.52004245   0.37447079  -7.66129696   3.52883704
   3.80711316  -5.00931928   4.39284784 -11.25215214 -10.00598344
   2.39971304   4.70337399  -5.87175162  -3.60750726 -11.1164196
  -1.86463351  -6.73957027  -8.01862008  -8.43847638   2.36753017
  -7.66351568  -0.33227295  -7.96785473   2.76366251  -3.27002499
   2.06503296  -8.36628004   0.84125871  -7.77367103   0.97099555
   0.42417531  -3.65336025  -2.6697161    1.59191661  -5.99158849
   1.36852398   2.46487975   4.38168634  -3.32367601  -1.60823493
   0.97743451  -9.42484802  -9.26918484  -8.17042156  -8.99979689
  -7.0935633   -8.03429523   1.66635065   2.28323916  -3.48744207
  -7.00382474  -6.32994484 -10.738409    -2.82876081  -2.86628638
  -9.88908442   0.91827098  -5.87175162  -3.60750726 -11.1164196
  -1.86463351  -6.73957027  -8.01862008  -8.43847638   2.36753017
  -7.66351568   0.87026231  -7.1185152   -6.07547659  -2.53557531
  -8.04050276   2.13941167  -7.0935633   -8.03429523   1.66635065
   2.28323916  -3.48744207  -0.46971709   5.01154372  -8.51899924
 -10.2636266   -8.21812588  -6.30844547  -8.05523014  -8.51031376
  -4.93174282  -1.97754938  -4.76422392   3.32824174  -7.8368152 ]","[  2.35786189  -3.14235605   0.29615129  -8.94108536  -7.20757548
   1.10227474   3.30316631  -3.47922757  -8.60090997  -5.00802532
  -5.02538759 -11.20875852  -9.81503776   2.64281867  -6.9140826
  -4.35963443  -2.68475404  -9.26419538  -9.22474152   2.573228
  -0.44051957   0.42749384  -9.73911022  -3.94639892  -9.07420229
  -3.25587133  -9.51198734  -2.57869278  -6.48041597  -8.56957087
 -10.9099483    0.24392365  -9.5115549   -6.16484576   0.80612171
  -5.60829125  -4.61691838  -3.59960728   1.75196363  -6.73444723
  -2.20219207  -0.07015709  -2.77933293  -2.18435528 -11.70654586
  -6.49645696   1.27444437   0.59258784 -11.05985584  -3.97125564
  -4.04797231  -1.42000548  -2.72076345  -4.77062923  -5.20492075
  -1.54459715  -3.95519493  -4.26274168  -9.6791625   -9.88544313
  -6.40905328  -2.80831057  -2.92385073  -3.47691257   2.33584497
   1.84206047  -4.63818838  -4.94132967 -11.70654586  -6.49645696
   1.27444437   0.59258784 -11.05985584  -3.97125564  -4.04797231
  -1.42000548  -2.72076345 -11.42966346   3.5977483   -8.4965387
  -1.90105523  -9.02966878  -3.57371273   3.29930014   0.80208573
  -6.79506901  -6.16484576   0.80612171   2.33584497   1.84206047
  -5.86433355  -0.26312051 -11.04490539 -10.6114411   -4.77951316
  -8.08700571  -6.74477753   0.42749384  -9.88544313  -6.40905328]","[ 21.65737442  18.77266722  22.29327013  19.73188764  23.96658193
  15.62165176  17.55108879  12.5730509   20.52469546  17.12131543
  15.70892467  21.53171563  22.61756458  16.84089988  13.95838296
  17.28465816  20.73282794  22.31095708  16.36215741  20.04943497
  21.61589767  17.97856055  18.06320712  17.41000547  15.95952937
  20.09729112  14.63662365  18.99056285  18.3760153   13.22766029
  18.71788251  16.74567274  15.28932202  14.98615794  22.24691686
  21.82634085  19.24170749  12.14728635  20.3864776   25.46947758
  18.86999689  12.22517778  25.62328998  16.31598487  17.48803453
  13.05229868  23.04237023  19.11374378  20.89317615  11.32663825
  18.15676477  19.6398732   21.8391081   15.21571667  19.12436053
  20.70071753  17.69161299  20.50850261  21.15711821  18.14572101
  15.83372952  17.34110898  27.32983049  17.64244143  14.2482353
  21.65737442  18.77266722  22.29327013  19.73188764  23.96658193
  15.62165176  17.55108879  12.5730509   20.52469546  17.12131543
  15.70892467  19.64426469  25.13421542  22.08960983  19.63452118
  17.63156297  18.06320712  17.41000547  15.95952937  20.09729112
  14.63662365  18.99056285  20.3864776   25.46947758  18.86999689
  12.22517778  25.62328998  16.31598487  11.1485525   15.77454702
  12.55591197  16.9115562   16.30533666  21.35313629  16.53817966]","[ 11.02880943   9.89072994  16.20505384  16.7100333   13.90504028
  11.58431655  19.57209628  21.07621145  15.85825398  10.08820762
   9.58782818  16.54966435  14.13974648  18.16122038   9.30968818
  15.15187026   7.56655744  16.52525087   7.23043286  15.81781047
  16.88671142  12.80617159  13.48825944  14.65811488  14.3043842
  12.33363727  13.27751322  15.32273019  12.53795223  12.33369426
  16.52861428  20.20750604  17.0005774   15.93104618  13.56879403
  13.70677011  15.70165097  10.40842962   4.75589337  15.67618852
  11.39660992  13.01618764  16.06273135  17.66808945  14.31126464
  11.41338005   8.08082597  14.07647894  18.60459627  14.88040952
  15.57711379   7.38614098   9.56927422  12.84363505  15.57711379
   7.38614098   9.56927422  12.84363505  15.48130413  15.70242953
  18.73270014  17.93024595  13.45290863  10.00602357  12.86690969
  22.81465852  20.49203109  11.02880943   9.89072994  16.20505384
  16.7100333   13.90504028  11.58431655  19.57209628  21.07621145
  15.85825398  15.85825398  10.08820762  15.7247066   13.98047964
   8.52890773   7.33895445   6.39284117  16.91506164  14.16931015
  14.5078732    9.86722502  13.16339881  11.99824964  12.53960747
  12.03856594  12.36598362  11.16524009  16.38633656  17.83817051
   5.10812657  11.85103284  15.66710065   9.85195597  18.30450457]","[ 11.72978614  13.28837235   6.12982754   6.44443928  10.30844547
   7.34215488  14.5549672    6.46377248   1.55887966   8.15210904
   9.28527595   5.8859438    1.63697996   3.89740997   8.574209
   9.42657483  12.78373714   9.09574801   7.30617073  14.69573057
   9.86507886   8.89990058   8.69899202   6.55471606  13.89332553
  13.72530964   4.88091384   4.33851272   1.92208579  11.65720176
   0.98819704  10.25263411   5.42850155  12.86232017  14.0919925
   8.80638555   8.08121447  10.11357425   5.39161667   8.39592742
   9.71687017  13.98138388  10.19924414   7.02528654  13.11970411
  11.72978614  13.28837235   6.12982754   6.44443928  10.30844547
   7.34215488  14.5549672    6.46377248   1.55887966   5.38084473
   9.78943313   9.93563386  11.07440225   6.406165    12.21748827
  14.41494563  11.81091313  14.39476883   6.29295658   5.80159206
   8.62836744   6.4997464   10.12182462   7.09443651   6.60987791
   5.62986628   9.70874902   5.20748832   9.35714605   6.06875007
  16.20430283   5.00957838  11.08721906  10.24666364   8.62836744
   6.4997464   10.12182462   7.09443651   6.60987791   5.62986628
   9.70874902   5.20748832  12.32805318   6.34844267  10.82789475
  15.47229249   5.21587413   6.76499974   7.04050839  12.52519013
   7.19198795  10.26502027   7.76801619   8.62836744   6.4997464 ]","[  9.29396745  14.38644161  19.38615315  20.87315607  16.64348659
  22.62664988  17.03310937  17.42300507  12.58462135   5.70497881
   6.99845797  10.55542683  12.62981682   4.36854774   3.36560583
  15.3028372   -0.79227772   3.31850862   8.16384427   5.1995583
  17.29512218  10.02294012  10.13308256   6.49749599  16.81118771
  13.24217684  16.32008203   0.20395252   6.51243598   0.69619667
   6.94783794   6.39316528  17.38265153   5.42928512   0.8709849
  17.51920847  20.22945861   7.33827077   9.52643292  12.24612471
  12.37976166   0.72259303  17.0552634    1.43804353   5.24942643
  11.17383815   9.21678062  10.49102466  13.51082154  15.1496897
   7.32052068   9.99941213   6.19719851   2.52628912  11.26880229
   0.8709849   17.51920847  20.22945861   7.33827077   9.52643292
  12.24612471  12.37976166   0.72259303  17.0552634    1.43804353
  13.84156563  -3.04446677  11.24571397   5.19115927  19.11129093
  12.50596228   5.95412743   7.94442915  12.53876322  15.23469775
  19.32414837   9.80598544  18.98962452   9.49054226  14.76870126
  12.12496296   8.06724506   4.10396732   2.61123042  11.41041205
  16.04789419  19.01567752  17.37776653  11.8555478   11.78941107
  12.96026998   5.24942643  11.17383815   9.21678062  10.49102466
  13.51082154  15.1496897    7.32052068   7.59478053  16.97887244]","[ 0.65339213 -5.32016174 -1.29337397 -4.72065725  8.77773052  4.06532531
 -2.35763648  2.97839272 -5.97874855  4.21224018  3.27527323  1.60326687
  1.53628962  1.44192864  2.85883204 -6.07710214  4.06188509  4.88842853
 -7.1079718  -1.74840652 -5.23119528  4.20880438  9.75895345  0.25965132
 -0.85625292 -0.94045412 -3.45708525 -3.12016244 -3.53574101 -6.77546295
 -1.81764967  2.71495765  0.34983734  0.63687338  1.58581575  1.20787848
 -2.28185753 -1.89255928 -1.91902473 -1.70054134  2.53241684  0.65339213
 -5.32016174 -1.29337397 -3.53574101 -6.77546295 -1.81764967  2.71495765
  0.34983734  0.99770403  1.81158539  1.38750404 -0.68587702 -9.13237714
 -0.04963999  3.62898602 -9.79046878  0.79856185  0.83047589 -0.79823498
 -1.05568379 -0.57569376 -3.57074996 -8.8292499  -8.13205925 -4.45702694
  4.49764634  6.2182063   6.15246781  2.14481632 -1.35013117 -1.61562295
 -1.85717624 -4.30101978 -1.07069043 -3.05201314  2.42992963 -9.17985054
  0.49691044  0.11652412  5.71298946 -1.14833168 -6.09874273  3.62898602
 -9.79046878  0.79856185  0.83047589 -0.79823498 -5.24827079  3.56431932
  3.68696103  2.84260638 -2.87906974 -0.41087122  3.62570829 -0.89012992
 -2.80878612 -0.56079627 -0.52551768  3.59798432]"
"[ -6.83768967  -7.32566835  -8.48100905  -8.44457265  -1.92063805
  -7.01196415  -3.01647447  -7.30046888  -3.69631506  -8.00233869
   0.12761096  -8.04675385  -4.24787454  -3.97715544  -3.99958433
  -4.67217929  -6.66966455   3.13685021  -0.18482595  -4.94016154
  -5.52674238  -5.99141403  -3.99958433  -4.67217929  -6.66966455
   3.13685021  -0.18482595  -4.94016154  -5.52674238  -5.99141403
 -10.01621821  -4.84417219  -3.9850151   -3.99958433  -4.67217929
  -6.66966455   3.13685021  -0.18482595  -4.94016154  -5.52674238
  -5.99141403 -10.01621821  -4.84417219  -3.9850151   -3.01647447
  -7.30046888  -3.69631506  -8.00233869   0.12761096  -6.87773197
  -4.41140845  -8.04675385  -4.24787454  -3.97715544  -3.99958433
  -3.97715544  -3.99958433  -4.67217929  -6.66966455   3.13685021
  -0.18482595  -4.94016154  -5.52674238  -5.99141403 -10.01621821
  -3.99958433  -4.67217929  -6.66966455   3.13685021  -0.18482595
  -4.94016154  -5.52674238  -5.99141403 -10.01621821  -4.84417219
  -3.9850151   -3.97715544  -3.99958433  -4.67217929  -6.66966455
   3.13685021  -0.18482595  -4.94016154  -5.52674238  -5.99141403
 -10.01621821  -4.84417219  -6.66966455   3.13685021  -0.18482595
  -4.94016154  -5.52674238  -5.99141403 -10.01621821  -4.84417219
  -3.9850151   -3.66397755  -4.72757222   3.13685021  -0.18482595]","[ -6.03368941e+00  -3.29615682e-01  -5.77452407e+00  -5.61087146e+00
  -2.76915857e+00  -5.14141133e+00   2.77357449e+00   4.31501349e+00
  -6.45879263e+00  -5.25612422e+00  -3.30747826e+00  -1.14994381e+00
  -3.32345174e-01   1.30194052e+00  -4.56823256e+00  -4.68736209e+00
  -7.64635218e+00   4.00793519e+00  -5.03303056e+00  -5.43171981e+00
  -2.45332037e+00   1.63677625e+00  -8.36501018e-01   6.49700904e+00
  -1.13112121e+00   4.97285724e-01   1.61756131e+00  -1.11130801e+00
  -7.72609305e-01  -2.35278831e+00  -5.02709400e+00  -7.01628480e+00
  -7.17032239e+00  -4.68736209e+00  -7.64635218e+00   4.00793519e+00
  -5.03303056e+00  -5.43171981e+00  -2.45332037e+00   1.63677625e+00
  -6.34899719e+00  -1.88211901e+00   1.58800873e-01  -8.36501018e-01
   1.61756131e+00  -1.11130801e+00  -7.72609305e-01  -2.35278831e+00
  -5.02709400e+00  -7.01628480e+00  -7.17032239e+00  -1.02731396e+00
   8.93774383e+00  -7.11635187e+00  -3.52200806e+00  -3.32345174e-01
   1.30194052e+00  -4.56823256e+00  -4.68736209e+00  -7.64635218e+00
   4.00793519e+00  -5.03303056e+00  -5.43171981e+00  -2.45332037e+00
   1.63677625e+00  -6.34899719e+00   6.50063682e-03  -1.62343239e+00
  -3.69634418e+00  -1.62394386e+00   7.90281289e+00   1.62079418e+00
  -3.00372579e+00  -2.49444814e+00  -6.67823616e-02   2.94275323e+00
  -2.90402614e+00   1.58800873e-01  -8.36501018e-01   6.49700904e+00
  -1.13112121e+00   4.97285724e-01   1.61756131e+00  -1.11130801e+00
  -7.72609305e-01  -2.35278831e+00  -5.02709400e+00  -7.01628480e+00
  -3.82705657e-01  -7.97745548e+00  -2.21741587e-01  -6.94900628e+00
  -2.18641685e+00  -5.87408053e+00  -3.78417039e+00  -2.99293094e+00
  -5.29243124e+00  -2.51611510e+00  -4.38755009e+00  -2.15451958e+00]","[ 15.52492164  10.82888942  23.79233535   7.27697053  13.15935885
  18.38783415  21.89601111  13.75277199  23.88282012  17.53852209
   5.74019322  13.15935885  18.38783415  21.89601111  13.75277199
  23.88282012  17.53852209   5.74019322  15.08641002  21.49749306
  16.22145536  24.08021495  20.19453774  11.7923762   15.1350142
  23.40139979  15.01800392   4.71733604   1.01797729  16.19657891
  18.16812963  16.96493883  10.63388805  21.91842392  20.58736454
  16.91401948  23.72510959  16.23873751  12.70409848  16.82031858
  17.9040848   19.47626369  10.19712624  13.21056573  27.62417728
  22.16722873  19.98258772  16.36032886  12.98510503  23.11309941
  15.85452446   8.76659549  15.83073678  17.64753272  12.11448657
  11.47655497  11.5840865   18.20958506  15.48629369  21.18934481
  21.28003863   7.74983987  15.80361412  17.79982141  16.30727868
  18.64604525  12.77905669  13.11378856  21.78362147  13.29898539
  20.19453774  11.7923762   15.1350142   23.40139979  15.01800392
   4.71733604   1.01797729  20.98004285  11.47655497  11.5840865
  18.20958506  15.48629369  21.18934481  21.28003863   7.74983987
  15.80361412  17.79982141  16.30727868   8.54829034  17.44146728
  18.71076905  14.11699105  14.30101402   6.67735528   7.22470413
  10.91894523  18.68663778  20.43371737  16.40890647  12.31365194]","[ -1.07344666  -6.10665767  -6.77333555  -7.14946119   2.93732401
  -6.73909414   0.52333952  -6.76978767  -0.13447223   5.87872765
  -7.24166748   1.47625905   1.05111909   0.36738343  -5.40955692
   2.05297213   2.89194836   5.23368708  -2.61725659  -0.9596241
   1.18391246  -8.31521618   3.43653736   2.41797052   4.62840716
 -10.1482731   -4.13983707 -11.46241427  -2.21788543   4.53556395
  -0.01332008  -6.40671782  -9.67459064  -3.00998015 -11.36392237
   2.60214778   5.04761203 -10.82911021   0.47934327  -7.28701022
  -4.80206241  -9.55110117  -9.20143854  -9.54170827   0.72602188
  -2.01963333   1.45351109  -7.97791496   2.22819115  -7.46310237
  -4.47988703  -4.65716458   1.11573187   3.78119715  -1.96704809
   1.14142654  -4.93386278 -11.20220712  -7.51789804  -6.78786242
   5.73886563   1.42528214   3.10068445   0.50930856   2.01053994
  -7.69352794  -2.21239497  -7.46151297  -2.84380401  -9.15521166
  -6.78202199   0.10686813  -5.66958169   2.41240393  -1.27357657
   2.60706271  -7.7376693    0.36738343  -5.40955692   2.05297213
   2.89194836   5.23368708  -2.61725659  -0.9596241    1.18391246
  -8.31521618  -9.48979589  -7.25640987   1.20896056  -7.95804665
 -10.14071396   3.86212056 -10.39636475  -4.80094903 -11.02854901
   3.94155812   2.47772631  -3.20113694  -6.76978767  -0.13447223]","[ -2.18501224   0.12096938  -1.8304633   -1.84256595  -6.77501957
  -1.18617285  -6.16401777   4.17364365  -5.82209752  -2.51579947
  -6.76040348  -0.3184048   -3.97489748   2.76731382   2.70474859
   0.11847586  -5.16766372  -0.59607659  -0.5968726    0.90061598
   2.81487831   4.37763045  -7.44678614  -5.07241131  -0.14641446
  -9.0849647   -3.04517728  -8.49269159  -2.47523476  -8.94442663
  -1.56691223  -5.85168493  -7.9533541  -10.30395804  -3.54170336
  -3.92271667   0.86146048  -8.47150677   1.54006649   1.15503353
  -4.80956819  -6.81393125  -4.46830764  -7.8026919   -2.53959396
  -6.745616    -3.60692971   2.93541333  -0.80310781  -5.59425994
 -13.69770758 -10.936482     3.87465402  -7.81536879  -0.89253243
   2.76731382   2.70474859   0.11847586  -5.16766372  -0.59607659
  -0.5968726    0.90061598   2.81487831   4.37763045  -6.78846944
  -0.7795906   -3.04517728  -8.49269159  -2.47523476  -8.94442663
  -1.56691223  -5.85168493  -7.9533541  -10.30395804   0.41279041
  -8.83503009  -2.74951935  -6.76040348   2.50305089  -2.87728741
   2.14848198  -4.99971508  -0.34039213  -2.30964569  -3.96365634
  -6.3630712    0.85505126  -5.85168493  -7.9533541  -10.30395804
   0.41279041  -8.83503009  -2.74951935  -0.35259041  -7.63522527
   2.88331786  -3.30225458  -7.75525646  -2.18071587  -1.23297827]","[ 23.91230866  16.83432553  16.56790644  20.1416563   22.76894106
  25.38792256  20.09671855  22.96996127  22.08184351  25.19437847
  23.37620594  20.10667283  14.73970891  23.26693651  20.76063593
  17.72400102  16.61530703  19.3419912   21.63620292  14.55624794
  16.7236489   14.14531994  17.87103678  20.69971337  24.13807769
  18.22416983  22.59507016  23.58613796  23.10672356  19.47791109
  22.34961021  17.65427747  26.2695093   23.10672356  19.47791109
  22.34961021  17.65427747  26.2695093   17.18737804  14.88674545
  14.11877327  18.71477674  18.75691391  18.52955104  20.10667283
  14.73970891  23.26693651  20.76063593  17.72400102  16.61530703
  19.3419912   21.63620292  14.55624794  16.7236489   14.14531994
  17.09838884  20.24881487  22.88621557  16.74190019  21.02783291
  27.05737449  20.98531553  20.57000063  26.9328166   17.67133543
  18.26495526  19.37546884  20.47285884  25.89791227  10.53510976
  18.40313492  13.06997633  19.33867685  16.00101151  23.31398475
  14.02539973  21.78912729  11.94062337  22.90575234  26.60401792
  20.25033599  12.22937171  17.27552355  13.43831653  22.304319    18.6676188
  24.75478591  16.67084015  24.16884993  20.26641848   9.09527086
  24.34072392  21.93838194  19.67733264  25.90025621  20.34003465
  19.37596462  20.95911249  18.52673537  16.61089005]","[ 16.20416947  15.29740099   6.78022899  18.74558442  15.1365818
  12.85914599  20.66745821  13.67357119  18.84796833  14.74953931
  11.41856237   6.32902942  10.47698653  14.44851925   6.08241074
  16.83836472  12.97844387  12.80485443  10.0009466   11.80894487
  14.55245411  16.84622305  15.92905093  13.88103117  13.74133057
  15.41943087  16.56183402  16.61619985  15.3849511   10.57163861
  13.16478872  10.3224066   15.64184955   7.1045688   19.12279914
  14.20053579  12.24699251  13.73737178  16.2691364   19.22812056
  12.73607916   4.55061839  15.16866074  13.99505355  14.21267962
  17.98253053  13.38592462  14.40299288   9.24993336  14.27096193
  18.24772166  17.18998978  15.10195102  10.13858587  14.67844989
  15.48684404  13.39069304   8.29826637  11.13191197   9.72079495
   6.15968615  22.2960505   13.09421732  13.75407855   8.57778441
  13.04526835  17.44095858  14.43850261  13.0512233   17.06089353
   9.92360655   9.86068048   8.97356988  14.36999531  11.14720066
  15.11265466  15.29740099   6.78022899  18.74558442  15.1365818
  12.85914599  20.66745821  13.67357119  18.84796833  14.74953931
  11.41856237   9.34536702  15.11265466   8.62137623  20.98257559
   7.49884045  12.27660112  10.75679442  11.14025186  16.49268941
  17.78373867  10.20699797  16.97489892  11.14025186  16.49268941]","[ 12.77198876   3.1526661   11.39900036   5.28179446   8.70916242
   9.08256795  17.49736579   6.89208074   8.71643122  11.92178985
  15.19164601  14.44394016  16.71752938   9.95828259  11.75036868
   9.73495819  10.05878281  12.20775064   9.71905849  15.65724783
   9.58050698   2.05904027   7.0990824   12.77198876   3.1526661
  11.39900036   5.28179446   8.70916242   9.08256795  17.49736579
   6.89208074   8.71643122  11.92178985  17.76827703  11.86610172
   7.57601724  12.0508665   10.99257202  15.45431905  16.03646867
   7.36376996  14.31561349  14.42479748  10.32810732   6.69386806
   9.69407649  14.1725278    7.0990824   12.77198876   3.1526661
  11.39900036   5.28179446   8.70916242   9.08256795  17.49736579
   9.32373113  15.32312437  14.13820652  11.28533156   7.12491035
  14.90228447   9.53039662  15.12042138  15.20092045   8.30425053
   4.4860704    9.22475504  11.57757381   9.7130823   10.37301227
  11.31062948  13.48299514   8.55801617  11.91276668   7.74376338
  19.6496608   18.67190251  13.23289072  19.95653316  12.79865538
  14.24550093   7.58574752  20.58678024   7.02878946   8.80067607
  12.15958946  13.55264877   9.29510041   5.31716902   9.88400707
  11.44584863  14.44394016  16.71752938   9.95828259  11.75036868
   9.73495819  10.05878281  12.20775064  16.65639203  12.83827595]","[ 19.22022136  15.44440507  20.85060846   8.54923309   9.36683715
  11.6854105   11.99164567  15.22879719   9.23605849  17.85736893
   7.96946184   7.20501039  13.33250893   5.42120419   6.42806017
  16.51612441  16.39708778  16.88441322   9.92041765  15.81646323
  10.96994114   9.37866458   2.48265871   6.27361424  12.64126911
  12.92469563  14.52339446   8.96909768   9.93396762   9.52586347
  13.37654868   9.26661513   4.53631448   7.96946184   7.20501039
  13.33250893   5.42120419   6.42806017  16.51612441  16.39708778
  16.88441322   9.92041765  15.81646323   9.17055048  15.5945431
  16.0715066    6.87943928   6.04941143  17.16059156  16.17886918
   8.962214    14.72864179  10.22989985  11.58364733   9.75954916
  11.11875323  15.94077881  11.21730818  12.88246559   1.95356727
  12.41116778   6.3852698   15.5638862   15.48101424   2.44227943
  12.13898043  11.84382533  12.23513348   7.34034145   4.23253369
   5.49414919   5.21287295  17.50062389   5.61453441   5.84742523
  12.2091395    5.21287295  17.50062389   5.61453441   5.84742523
  12.2091395   21.55706185  14.1390338   18.17941953  10.08082552
   0.26755859  14.52488852  17.55574436  16.83866523  11.40327475
  14.06332368   8.28427061   7.31801287  15.17685762   5.38893676
  18.62927734   5.36491946  16.06585749  13.83819578   8.64184554]","[-3.85208404 -7.76022055  0.26596383 -2.41485922  3.81698759  4.43309863
  4.67095858  1.73082604  2.10010949 -1.16890768 -1.22203156  2.16548554
 -4.44055806 -4.59572908 -0.95832657  3.15032323 -4.29245418  3.63123241
 -0.42232783 -2.32536253  3.51531969 -3.64925874  4.3660011  -6.39589793
  1.95402969  1.23641442 -0.8438172  -0.10079617 -2.79594844 -1.97091476
 -9.22274081  1.44993931  0.81996999  0.91072426  1.42302981  1.05642506
  0.92627499 -3.35002746 -1.89800438 -3.82551004  0.78698155 -4.15448615
  8.25104062  3.9108912   0.05005987  1.71405603  6.86223801  1.57941961
  2.34521465  6.19970736 -0.64938285  2.92236597 -1.0736888   5.72678268
 -8.01988663  0.23800467  0.20026485  5.24106607 -1.94183888 -3.64925874
  4.3660011  -6.39589793  1.95402969  1.23641442 -0.8438172  -0.64938285
  2.92236597 -1.0736888   5.72678268  0.1784468   1.48684316  0.0815091
  3.0224811  -1.58389037  0.93957901 -1.04929858  0.38713137 -2.26301094
 -0.13242983  0.88311242  1.71395999  3.23880852  0.88791548  2.17023666
 -7.10411956  1.22946026 -4.66427661  0.03055844 -0.35529557 -2.21210681
 -2.19812481 -2.63112402 -1.52243158 -7.00077717 -1.53153117  3.65090478
  0.81996999  0.91072426  4.32934432 -0.8072714 ]"
"[ -5.50871208   7.98633861  -3.78754606  -7.51636254   3.59377968
  -6.51171114  -0.47250364   1.42856529  -3.73188861  -9.91398281
  -7.09481417  -8.96774638  -7.49317622   0.31646861   1.31326516
  -2.17526369  -4.81045566  -1.07664746  -4.22132289 -10.94387346
   2.12821017   6.67890401  -2.17526369  -4.81045566  -1.07664746
  -4.22132289 -10.94387346   2.12821017   6.67890401  -3.42703626
  -3.06939981   3.18723856  -9.54153443   0.31646861   1.31326516
  -2.17526369  -4.81045566  -1.07664746  -4.22132289 -10.94387346
   2.12821017   6.67890401  -3.42703626  -3.06939981   3.18723856
   1.31326516  -2.17526369  -4.81045566  -1.07664746  -4.22132289
 -10.94387346   2.12821017   6.67890401  -3.42703626  -3.06939981
   3.18723856   0.31646861   1.31326516  -2.17526369  -4.81045566
  -1.07664746  -4.22132289 -10.94387346   2.12821017   6.67890401
  -3.42703626  -3.06939981   1.31326516  -2.17526369  -4.81045566
  -1.07664746  -4.22132289 -10.94387346   2.12821017   6.67890401
  -3.42703626  -3.06939981  -1.07664746  -4.22132289 -10.94387346
   2.12821017   6.67890401  -3.42703626  -3.06939981   3.18723856
  -9.54153443 -10.08466258  -8.35577295   1.42856529  -3.73188861
  -9.91398281  -7.09481417  -8.96774638  -8.21964639   0.48141563
  -3.10868534  -7.04259749   0.15407568  -3.10868534  -7.04259749]","[ -9.61545484e-01  -2.37594853e+00   9.30171406e-01  -4.41547641e-01
  -1.67974055e+00   2.33260491e+00   1.97026082e+00  -3.39801287e+00
  -6.03128038e+00  -3.99304247e-01   7.53766782e+00  -5.07889059e+00
  -2.76391556e+00  -6.85183351e-01  -5.61381765e-01   2.84308133e+00
  -1.01807214e+00   4.04995249e+00  -3.20180415e+00   1.38855873e+00
   1.50158803e+00   2.49710512e+00  -5.83851726e-01   3.66539236e+00
  -4.35642761e+00  -2.52258469e+00   3.44497968e+00   6.56727953e-01
  -4.50736307e+00  -1.34709437e+00  -9.75358116e+00   3.58965050e+00
   2.42431576e+00   5.41537069e-01   1.78296592e+00   2.03388176e+00
  -1.94536427e+00  -4.65067384e-01  -3.86487551e-01  -1.71242350e+00
  -7.38534370e+00  -6.48740925e+00  -5.02420019e-01   7.53766782e+00
   2.84308133e+00  -1.01807214e+00   4.04995249e+00  -3.20180415e+00
   1.38855873e+00   1.50158803e+00   5.86469712e+00   6.52558015e+00
  -2.83389030e+00  -2.08157546e+00   2.49710512e+00  -2.83389030e+00
  -2.08157546e+00   2.49710512e+00  -5.83851726e-01   3.66539236e+00
  -4.35642761e+00  -2.52258469e+00   3.44497968e+00   6.56727953e-01
  -4.50736307e+00  -1.34709437e+00  -4.35419877e+00  -3.40480241e+00
  -2.18038849e+00  -4.49144482e+00   3.99225607e+00   4.42673106e+00
  -3.72987754e+00  -2.20922990e+00  -6.13914485e+00  -4.29144293e-03
  -2.42147325e-01   1.78390225e+00   2.09097275e+00   1.54395912e+00
  -5.00137709e+00  -7.36677670e+00   5.11570857e+00  -3.65403722e+00
   4.41894334e-01   1.00127767e+00  -2.45808237e+00   4.98771831e+00
  -2.76391556e+00  -6.85183351e-01  -5.61381765e-01   2.84308133e+00
  -1.01807214e+00   4.04995249e+00  -3.20180415e+00   1.38855873e+00
   1.50158803e+00   5.86469712e+00  -2.52258469e+00   3.44497968e+00]","[ 11.24842118  23.80354715  12.03059209  18.11328858  12.6001571
  16.88588943  17.94235535  19.47604285  24.7023043   21.25427828
  15.51214106  22.87780354  18.68197252  19.89314649  15.94105202
  14.46528186  19.05912116  20.85198783  17.63176239  19.87625321
  13.72236845  16.88962745  12.35451187  14.58147203  14.77092981
  21.01506987  15.97826764  15.80557918  21.20522449  14.61334678
  18.33278119  23.41983476  17.62211433  23.88453043  16.38030909
  16.74182754  14.15990836   6.50681272  14.49288797  21.45345171
  18.61379332  16.15247523  12.28866999  20.49442091  15.28980679
  23.51343865  11.58935375  10.15645539  21.09873892  13.43162821
  10.00788717   7.77630895  12.61245295  15.70609769  16.88962745
  12.35451187  14.58147203  14.77092981  21.01506987  15.97826764
  15.80557918  21.20522449  14.61334678  18.33278119  23.41983476
  15.94105202  14.46528186  19.05912116  20.85198783  17.63176239
  19.87625321  13.72236845  13.83949165  18.73391548  21.91704052
   6.20709297  14.34113559  18.79654837  20.02802579  15.09469118
  23.56461527  24.31121267   8.76819563  13.6664808   16.76290176
  10.72511803  19.50177262  14.15990836   6.50681272  14.49288797
  21.45345171  18.61379332  16.15247523  12.28866999  20.87650998
   9.80883478  19.3523947   22.26961042   7.66878623  20.16951926]","[ -8.96535705  -6.61677511   0.20995096  -5.75069817   2.49676004
  -0.96061868   2.61203876  -7.78574165   2.06644844  -5.53180373
 -10.48920523  -7.58624391  -4.03374685  -0.5993489   -2.67521509
  -0.05322495  -7.60781936  -6.12392623   1.77559484   2.06990843
  -4.59192928  -0.32162716  -2.13598567   0.17905473  -2.05249168
   2.16362461  -3.02201367  -4.3748348   -4.06320982   2.0065365
   0.54887133  -4.71248404   5.77874748 -10.10544491  -3.96764692
 -11.371855    -1.84964573   4.60350037   0.07269981  -6.28508226
  -9.44742101   4.27353045  -8.53004644  -5.02614259  -6.55909789
   6.22545376  -3.07629283   1.60450986   3.1599249   -2.17998956
  -6.29569558 -11.39667158  -7.43499738   1.16115991   4.01087889
  -6.65089595  -5.2038178    2.37781919  -2.88217355  -0.93463317
  -1.38322307   1.38873405  -4.52776974 -11.19420614  -7.07747486
  -7.6810791   -2.77689486  -2.04582376  -0.87914393   4.63204292
   3.27201363   3.96004847   4.11094666  -3.30404443   2.72997044
  -2.10311519  -7.78430013   1.78584266  -2.35221081  -8.5101918
   4.82494658  -0.69522065   3.30895497  -8.74517065  -2.25608348
  -7.47151233  -0.59431275  -0.09233025   2.63086176   4.70577219
 -10.10544491  -3.96764692 -11.371855    -1.84964573   4.60350037
   0.07269981  -6.28508226  -9.44742101  -6.12392623   1.77559484]","[  0.4049188   -3.46606785  -7.36976353   3.08874132   5.66508322
  -2.59061205  -8.91799486   5.25486855  -4.50270053   1.85554531
   1.88868814   2.34507826  -6.06979539   1.39486132  -7.31249803
   6.04187899   0.36543378   0.37082918  -0.11687587  -7.33058177
 -10.54509193  -1.82936501   2.46312785  -3.48847072  -2.81471976
   2.13408853  -2.80588359  -1.85830433  -1.11595324   2.92075867
  -3.43044197  -0.19906632  -3.04802078  -2.22578997  -4.56972848
   4.98108342   0.39919433   3.77907675  -2.68269733   0.65663358
  -1.11971821  -1.92829636  -4.3018859   -4.36184142  -1.62721439
  -1.62662301  -0.6593754   -4.68854107  -3.68990224  -0.76944394
  -2.78792519  -1.09086355  -2.113073     3.1075185    2.92075867
  -3.43044197  -0.19906632   1.34162537   0.16766183   0.47035058
  -3.68489473   0.04306929  -3.99679073   5.26854565  -3.04802078
  -0.39003213  -5.17903798  -3.56675005  -5.45273828  -3.82661257
  -3.74274503  -3.58965955   2.34507826  -6.06979539   1.39486132
   4.57214343   2.46312785  -3.48847072  -2.81471976   2.13408853
  -2.80588359  -1.85830433  -1.11595324   2.92075867  -3.43044197
  -0.19906632  -6.72078967   1.7319491   -3.24856036  -4.86991727
   0.15816377  -5.96863652   2.12299499  -5.46377891  -3.01493199
  -1.15628072  -5.94828622   5.66508322  -2.59061205  -8.91799486]","[ 28.36352393  21.66626391  23.66214073  19.29957569  18.27333915
  20.13454048  20.65087332  22.5835883   19.42342425  21.22671099
  20.721978    19.78455779  21.83121606  20.92573074  18.67818326
  23.31585485  25.84974294  22.58227226  21.81207144  22.78868699
  22.63330868  23.32246981  22.68585838  26.52603487  13.03538116
  17.50631253  21.42665736  19.9786578   22.12874796  25.78004305
  17.97950883  23.33985575  22.22655675  24.05389476  16.80623773
  23.17719845  18.64603162  20.83190732  16.89007038  18.32714207
  19.80695335  17.97198775  23.32166244  14.79537655  20.09013024
  23.03447109  12.78230848  23.99555024  20.28628546  19.61283513
  21.28651825  19.88609746  21.85131012  24.35203731  21.44246956
  25.14298949  19.02158465  20.90818307  24.59836205  18.98351333
  13.81135533  21.05159604  20.56171264  24.63151685  19.48495787
  26.34558838  22.54442434  18.88560022  16.63481318  21.175668
  23.77097054  16.58606634  24.86952862  23.84881854  20.38506564
  14.46977003  29.17980942  22.49533232  17.86334395  22.38821662
  19.21719513  18.38042752  23.9727812   24.05389476  16.80623773
  23.17719845  18.64603162  20.83190732  19.47827665  20.38145208
  27.38901117  20.52912156  21.66101124  19.78455779  21.83121606
  20.92573074  18.67818326  23.31585485  18.9686622   25.14298949]","[  9.2312707   13.18882217  12.8959468   16.40615603   6.12027377
  15.95006085   6.29304551   8.76635913  11.47111663  11.8560375
  12.80522083   8.90884317  11.36579235  12.54470446   9.96640279
  16.01788478  12.48791852  20.46579184   7.24971596  11.97434482
   9.2949153   12.80522083   8.90884317  11.36579235  12.54470446
   9.96640279  16.01788478  12.48791852  20.46579184   7.24971596
  11.97434482   9.2949153    6.87115986  20.28320699  22.04598319
   9.12788157   6.63361873  16.08692358  10.24311009  14.08638065
  13.70587864  12.51866528  14.85783782  12.03038551  13.07932506
  15.93892716   7.55142739  18.53241617  17.29359046  14.03438885
  12.69338519   9.08000067  11.97289913   6.49739406  10.39766489
  16.4695012   16.43191688  12.67906886  13.99439895  15.45355549
  17.55948974  17.05825444  11.73748129   9.22232432  13.49063775
  18.03507434   7.88590302  11.74891178   9.3270171    9.63272015
  12.84940095  17.61188078  18.19926883  10.43247898   7.72976796
   5.75419497  17.06598582  24.1612666   13.28232644   6.37604596
  15.99784242  15.47975123   9.2312707   13.18882217  12.8959468
  16.40615603   6.12027377  15.17861233  17.05854882  13.70090606
  12.04098335   7.70666798  13.04049575   6.90387395   7.32471482
   6.0246519   10.78453381   5.90667587  12.99084866  19.77549448]","[ 15.45015837   9.24017733   8.31695934  16.2779562    9.83530025
  10.15533507   4.25398427  11.9228147    4.33154798   7.30121974
  11.74021995  15.34863988  15.30310366   9.51479395  11.63490412
  10.24792872  11.71941498  11.66547156  12.44268969  17.74923004
  11.89214452   2.13483744   6.87352472  11.40789416   5.11671255
  13.07101652   9.67292526  13.61203683  12.12452255  13.80138791
  11.51045951  15.05106304  10.96835012  13.59452588  13.94669256
  12.45127852  10.16034209  15.51035709  16.9149273   12.57045664
   8.64625513  10.67231637  12.41294421   9.14242636   1.72972305
  11.50317581  11.7016461   14.32833468  10.41141778  13.43645612
  10.27556295  14.53832277   3.57603455   9.69537498   9.92621774
   8.71002328  13.42402558  12.2121352   15.82753285  12.79630711
  12.22015574  11.74148289   9.14998287   9.79304116  11.05452291
  12.85537875  15.51035709  16.9149273   12.57045664   8.64625513
  10.67231637  12.41294421   9.14242636  18.19800454   5.04373223
   6.62265829  11.10156801  15.34863988  15.30310366   9.51479395
  11.63490412  10.24792872  11.71941498  11.66547156  12.44268969
  17.74923004  11.89214452   2.13483744  12.76822616  13.22488226
   3.97697278  14.49699068  12.35959393  17.04935878  13.22061495
  10.20579368  12.32707198  16.15197329  14.56044308  11.63490412]","[ 15.021482    17.96786076   9.68895326   5.34773853  19.69378897
  12.95183627  15.48013527  18.75758824  15.66421402  13.76795882
   6.45902311  17.20979816  14.4617683   17.67247151  19.21338739
   6.28192043  16.28018606  15.32846658  13.53034394  13.97601961
  10.93295098  15.37393538  13.69374638   8.97102904  12.27521839
  13.52723711  10.67327613  11.65169198   6.63090809   8.30549172
  12.84452411  17.10697232   3.28333286  11.76609019   0.66273979
  11.45079375  11.61894279  20.30342754  17.45097121  19.85843516
  20.58390266  15.36215165  12.69374602  17.24701433   5.68850042
  15.05906467  14.82881857  12.32381729  14.10041697   9.59177974
  15.25850571  17.23545028  15.72811818  15.54646201  11.77709857
  13.69374638   8.97102904  12.27521839  13.52723711  10.67327613
  11.65169198   6.63090809   8.30549172  12.84452411  17.10697232
   3.28333286   1.92151589  14.6776738   11.31254124  17.68622486
  10.34230549  12.72578995  17.20979816  14.4617683   17.67247151
  19.21338739   6.28192043  18.31073499  15.30447242   9.52526035
  12.56017542   6.30214623  12.85162479  20.68864071  19.92585408
  17.72528054  16.89849214  12.95528166  12.33913179  16.26110151
   8.58059359  13.43963086   9.61419838   5.90504505  13.63194595
  11.36210962   9.87355772  12.46606801  16.02091859  12.68334821]","[  1.23325089   0.11755648   3.14822358  -0.49294956   0.95410765
  -1.12514432   4.66365093  -0.09486507  -0.01232634  -2.59762408
  -2.83474857  -2.80071664   0.78300369  -0.76997154   0.84467715
  -0.25285224   7.84264769  -0.76050864   3.46687961   2.0074308
   3.52895097   0.73598673  -3.5147283   -0.03169016  -0.54060934
   6.50954374  -1.79209066  -2.32313169   3.62732517  -2.32548759
   4.29295772   1.06912932  -1.0997384    2.81535231  -2.09859002
  -3.00905721  -2.26093313   0.8360568   -4.0001667    6.53986321
  -0.59855581  -3.73776464  -3.5147283   -0.03169016  -0.01232634
  -2.59762408  -2.83474857   0.24731294   0.70843583   5.13045669
  -3.41213914   3.74128999   3.01974509   2.6376299   -0.65911948
  -9.06091967  -1.74118725  -2.48574732  -2.98222105  -1.5910866
  -5.33038317   4.09664384   6.98000241  -3.27887706   2.54641041
  -4.95214113   7.84264769  -0.76050864   3.46687961   2.0074308
   3.52895097   0.73598673   3.5749242    4.78250177  -1.42045143
   2.11807786  11.42404881  -1.14029664   2.51856674  -0.07500893
   0.85250456  -0.94451666   2.79974244   0.99604055  -0.91509569
   1.03204952  -3.6079164    0.16626425   0.06514873  -0.28702635
   2.54412828   2.35325786   2.99263888   2.1674235    0.81737621
  -0.35977921   0.05975066  -0.78175817   1.77091381   1.09274137]"
"[-14.6075868   -1.36707764   1.49718692   2.06521395   1.85146324
  -0.71195782  -9.6495297   -4.97092629  -7.15987811  -4.83532474
   3.71547998   1.85146324  -0.71195782  -9.6495297   -4.97092629
  -7.15987811  -4.83532474   3.71547998  -8.58544841  -0.47675918
  -2.49002945  -2.92184757   2.06521395   1.85146324  -0.71195782
  -9.6495297   -4.97092629  -7.15987811  -4.83532474   3.71547998
  -8.58544841  -0.47675918  -2.49002945   1.85146324  -0.71195782
  -9.6495297   -4.97092629  -7.15987811  -4.83532474   3.71547998
  -8.58544841  -0.47675918  -2.49002945   2.06521395   1.85146324
  -0.71195782  -9.6495297   -4.97092629  -7.15987811  -4.83532474
   3.71547998  -8.58544841  -0.47675918  -2.49002945  -0.71195782
  -9.6495297   -4.97092629  -7.15987811  -4.83532474   3.71547998
  -8.58544841  -0.47675918  -2.49002945  -2.92184757  -1.50695183
   6.48778354  -4.97092629  -7.15987811  -4.83532474   3.71547998
  -8.58544841  -0.47675918  -2.49002945  -2.92184757  -1.50695183
   6.48778354   3.55263774  -8.49180251  -2.76553956 -14.6075868
  -1.36707764   1.49718692   2.06521395   1.85146324  -0.71195782
  -9.6495297   -4.97092629  -7.15987811  -0.8723431   -2.11480779
  -5.14944799  -0.81850435  -2.48119529 -10.37603217   2.61258326
   7.85878974   6.33998788  -2.93442801 -10.37603217   2.61258326]","[  1.97587922  -2.62800545   1.62589734  -9.50713041   3.98939796
   3.05196543  -0.50890009  -0.33386619  -3.95505734  -0.08183217
  -1.79928524   0.22760676  -2.66033449   2.05615021   6.44073838
  -4.01398059   1.94378334  -0.12197897   2.24484603  -0.26454172
  -1.68975255  -1.69843529  -4.59221107   6.44073838  -4.01398059
   1.94378334  -0.12197897   2.24484603  -0.26454172  -1.68975255
  -1.69843529  -4.59221107  -2.12783464  -3.62493803  -0.39530934
   6.22270933   7.24520765  -1.55792664  -1.39892969   4.28719071
   1.36392945   3.52186913  -1.47507635  -3.28543968   3.570085
   1.97587922   1.97587922  -2.62800545   1.62589734  -9.50713041
   3.98939796   3.05196543  -0.50890009  -0.33386619  -3.95505734
  -0.08183217  -1.79928524   0.22760676  -0.19302446   1.3934939
   0.14903719   5.87243727   3.58929302   2.27876479   3.44039992
  -0.52612499  -0.12275721   0.81475358  -1.1330203    2.24484603
  -0.26454172  -1.68975255  -1.69843529  -4.59221107  -2.12783464
  -3.62493803  -0.39530934   4.83418655  10.03755489   1.6573481
   3.05196543  -0.50890009  -0.33386619  -3.95505734  -0.08183217
  -1.79928524   0.22760676   3.20840955  -2.66033449   2.05615021
   6.44073838   3.59547875   2.07138885   6.61278173  -3.19306931
   4.91812362   0.58970373   0.13466995   2.08219442  -4.13111659]","[ 23.21913311  15.81881338  16.57980553  10.67117033  16.60700091
  13.86448394  18.99846667  11.66960561  17.37806685  19.76975201
  15.84914144  23.49956971  29.45200973  14.73467363  18.42443801
  18.7982648   16.41948891  25.7058118   16.60573391  21.91243182
  16.90976097  24.07807408  23.49956971  29.45200973  14.73467363
  18.42443801  18.7982648   16.41948891  25.7058118   16.60573391
  21.91243182  16.90976097  24.07807408  20.77122899  15.09869233
  17.29754906  21.39173724  11.99568111  13.49691396   5.65417035
  17.15032838  21.80273204  17.78776625  20.85614734  24.35421622
  21.24098104  17.27531602  18.71053941  19.932918    23.20445095
  17.94066827  17.57989543   6.47181644  24.50289983  18.75711085
  13.86448394  18.99846667  11.66960561  17.37806685  19.76975201
  15.84914144  19.40843153  14.71203019   9.94296647  14.33223517
  20.99616035  19.932918    23.20445095  17.94066827  17.57989543
   6.47181644  24.50289983  18.75711085  21.55980482  17.93238108
  24.46685856  12.84301546  15.00262488  19.29881033  15.32929536
  16.4224642   15.5861754   22.45959643  20.12018021  10.22717754
  23.02718364  16.12408209  17.40586227  19.62968655  11.58082699
  20.24845197  17.60102824  15.66275889  25.22812922  19.38047692
  17.87527505  14.80402113  20.1172774   18.0235593   18.52363009]","[  2.85917694  -2.82604069  -0.94056919  -1.19787713   1.46205886
  -4.31583324 -11.3472399   -6.93421253  -7.72724946   5.98833072
   1.4653422    1.33064246   3.46649926  -4.0656866    0.73362001
   1.61784468  -6.89541238   3.51656229   1.13944707  -7.4646633
  -5.05262019  -2.30198799  -6.4916401   -5.02055576   2.85917694
  -2.82604069  -0.94056919  -1.19787713   1.46205886  -4.31583324
 -11.3472399   -6.93421253  -7.72724946   2.39468382  -7.47381521
  -0.66249513  -7.43803108   0.63845302   2.2420607   -2.79894348
  -2.01822743  -0.70893158   4.73487239   3.22525017   4.89104185
  -0.55213145   3.30803517  -8.76167     -2.24598801  -7.53688813
  -0.63103797  -0.14242158  -5.63130159  -5.97713263   0.21501578
  -6.16111557  -1.40189761  -4.74067311  -6.56157045   2.1484065
   1.95531433  -1.6048713    5.61994012  -1.1803659    4.69065754
  -6.87531563  -0.17332077  -2.75479126  -8.79575916  -4.15105566
  -8.0710961    0.28802495  -3.53722137  -1.81306362  -6.09683181
 -10.85805282  -8.06001344  -9.98861685   1.50434044  -5.4292894
   2.20748589  -8.76744822   6.13966479  -8.0418703   -7.33257682
   1.41854474  -8.18046843  -5.44950859   1.08361272  -7.86788782
  -8.26789145  -6.69460176  -8.39385673   3.76238117   2.73346155
   4.69890401 -10.06798286  -4.01183592  -4.91245094   2.07226088]","[ 1.62721368  1.49457276  1.95901619  2.45299702 -3.80301075  4.53548812
  0.06626486  3.82542002  8.29449959  3.08839668  7.12093582 -1.50210529
 -0.27773237  6.96811734 -1.63967047  1.08097344  4.24638417  5.41412964
 -2.39104816 -1.08317194  3.45609117 -3.2894672  -0.68973249  3.08839668
  7.12093582 -1.5779947   3.2295482   5.71929396  5.27269069 -0.14750777
 -1.56140587  1.47579963 -1.99223217  1.54576601  1.10266574  0.72955418
 -0.16448365  9.04057921  1.52988279 -2.07724502  3.6548644  -2.06349012
  6.56062416  0.99606236  3.23385034 -0.1960949   3.54260178  0.15549957
  3.63565857 -0.59434727  3.54770572  2.57761014  2.3998665  -0.6660379
 -2.19890295  8.05519639 -1.08317194  3.45609117 -3.2894672  -0.68973249
  2.30491632  3.45987193  4.31319187  6.34708985  3.48648492  6.00453952
 -2.62470426  2.61211807 -2.40615253  5.28121852  3.3186324  -5.08562438
  4.82162015 -2.37046343 -0.52901708  4.31993364 -6.03019187  1.49457276
  1.95901619  2.45299702 -3.80301075  4.53548812  0.06626486  3.82542002
  8.29449959  3.08839668  7.12093582 -1.5779947   1.54576601 -1.80632929
  1.14573798  7.38061793 -2.80501117  4.43297558 -4.16886191  7.30450754
  1.8336845   4.69012949  3.63565857 -0.59434727]","[ 19.00316697  17.08063191  20.94288338  23.1202381   15.48456354
  17.48756753  15.96603749  25.10978342  23.88931767  27.98955518
  18.55087303  25.71944554  20.55371771  17.14191676  24.48342156
  15.57639902  27.67604845  20.10485812  25.44474706  12.20184702
  23.56791365  19.8219645   19.57003078  22.3980829   26.77877921
  15.48220912  22.41394216  20.05794196  19.00316697  17.08063191
  20.94288338  23.1202381   15.48456354  20.34064298  25.25759543
  17.48610575  13.486392    15.74907566  12.7422283   22.14665018
  21.68242165  22.16091787  25.43699138  21.42793227  20.34064298
  25.25759543  17.48610575  13.486392    15.74907566  12.7422283
  22.14665018  21.68242165  22.16091787  25.43699138  20.72618973
  19.53530585  18.91236388  26.675309    27.12528913  24.9986009
  19.29756969  18.3574129   18.68876454  26.76826443  11.76009383
  31.00017728  28.24513724  23.63194839  21.38869856  23.33671524
  23.72902313  18.51561481  18.55714907  17.41888248  26.02544129
  25.59625927  22.89761508  26.69049162  26.10063262  22.49333862
  26.62804017  17.95961039  20.72618973  19.53530585  18.91236388
  26.675309    27.12528913  19.95662486  18.511925    17.09056253
  23.97740285  17.4652862   18.09079801  20.80825549  25.5928843
  18.53188454  23.63927965  21.90861192  21.17263475  20.59983491]","[ 15.92626378  13.4551942   17.29375637  16.6832088    7.51454386
   1.30121784   0.18519344  12.43157686   5.88771863  11.61886739
  17.74174461  16.09855195   8.84212631  12.66967367   2.18408166
   8.70164361   9.00172411   8.35187468   8.60078488  12.52633594
  21.49119314   2.20237623  12.84367607  18.4718549   12.89161523
   8.23786046   6.93842889   6.36835176   6.85597875   2.97745837
  15.10146236   5.85857025  12.82187334  15.1719138    8.30019008
  10.85278568  17.1583835   13.33922539   2.1027469    6.38000793
   2.51829797   8.42823489  13.69111173  13.46542807  11.72215347
   9.83867097   7.36803981  15.37610341   9.58166329  11.85933054
   9.25184229   6.84639417   7.31262578  10.27812669  10.17926629
  16.3511063   12.46165457   7.20468296   6.93533748   9.12848181
   8.67761568  18.24646034  13.28872775  12.86576882   5.80347823
  11.41177441  13.46542807  10.07877614   4.10807692  11.51063839
   5.36760956  15.60983064  12.84367607  18.4718549   12.89161523
   8.23786046   6.94346456  15.08502598  10.74399521  13.75190888
  10.38968831  12.59581596   9.54734341  11.52423111  15.41211148
  10.46521133   2.84626054  13.64115911   2.47796145  10.71441008
  18.59886625  11.48509771   9.22605545  12.22025235   9.97176227
   5.85957001   9.71180905  12.96780469   9.83867097   7.36803981]","[ 14.69194358   8.2404241   12.85698374   9.06982527  18.85417187
  12.01359866  13.54078467  16.43561113  14.24723097  16.82193737
  14.11501316   9.06982527  18.85417187  12.01359866  13.54078467
  16.43561113  14.24723097  16.82193737  14.11501316  11.67579307
  13.23284401  17.64068198  18.43452835  18.02178877  12.64247348
  15.17001872  15.03396373   9.63568692   8.26393955   9.00208982
   9.7134769   13.40820429  16.1678122   13.99932564   8.26821625
  10.19013889   9.23802861  15.30072523   6.41818082  12.51783163
   5.10703955  13.96132295  13.37893416  13.41803726  16.65213896
  10.0428701   13.40722419  13.86801993  13.05660795  12.05622623
  15.79504025  12.53722223   8.67631753  11.37717234  10.04817473
   8.2404241   12.85698374   9.06982527  18.85417187  12.01359866
  13.54078467  16.43561113  14.24723097  16.82193737  14.11501316
  12.17227633  15.11454305  16.64293438  12.59949561   8.74478232
  16.42151686  16.90108487   5.96928622  14.48541034  15.42308447
  12.78805432   9.53145523  16.27402989  14.43580213   5.34661755
  15.49929919   9.49314678  13.0889416   13.0799147   14.29946654
  14.08485934  12.55125707  10.70245769   9.93560903  13.21555696
  13.20792014  13.99569734   7.75115899  15.31035924   6.99219238
  20.40225977  15.72915216   5.87492556   7.47419473   8.74835367]","[  9.13338723   9.10523272   9.91785387  21.92211907  12.70710364
  12.81497876  22.92652238  15.47870312  11.28989371  15.71612273
  16.48864658  18.44625969  11.26540898   9.92982904  15.34465702
  20.94252055   7.18251686  13.85533765  14.6887486   21.57289419
  15.88340467  20.38454928  14.49605571  18.36192774  19.22236832
  20.63218343  16.82055629  14.05107445  17.34777149  16.45646609
  20.45198368  20.35913234  20.97770076  22.78811843  16.75977516
   6.62225641  13.47989285  25.17821989  13.29112186  15.12463016
  12.45145127  10.41985607  10.87713011  16.68953742  21.81340395
  18.30890286  16.19155415   6.14169006  20.00372373  14.80518556
  19.71860068  20.63472958  17.34345289  16.41674041  20.05120308
  21.30662665  21.49333111  21.54645579   9.10618308  18.83840902
  16.68953742  21.81340395  18.30890286  16.19155415   6.14169006
  11.38724808  12.80800178  19.74200497  17.97230435  16.65280097
  14.55646966  18.88201208  13.2710353   15.75347349   8.02782202
  13.95445965  16.51946307  12.0471394   21.05795375   4.45685383
  21.84795114   8.51351022  12.79966689  16.45011521  13.70301812
  17.41609531  10.72430933  15.24987247  12.15826499  21.44577825
  15.95772013   6.75732288  20.04960643   1.55832689  18.94787191
  12.59221482  17.76314409  17.32804808   8.86874626  15.24987247]","[-3.28450456  3.92812785  3.63193236 -0.82264976  7.8499896   2.24236929
  0.40156545 -0.59907778  1.64034992 -1.36382246  3.20988271  5.1749465
 -1.77685764  3.59681885  2.60735236  3.33606136  0.9485907   5.19165073
 -1.87740397  3.30877276  3.78374338  0.82351423  3.30877276  3.78374338
  0.82351423  0.14456097 -1.73310353  3.61079111 -1.90499456 -0.63876472
  0.02366818  1.14006499  3.93423858 -0.1178732   6.45616745  6.98449703
  2.1333328   0.19689257  2.81123149 -0.83107968  1.28289406 -0.86743329
  3.73641096 -0.36040885  1.12956727 -0.09225864  1.57648982 -2.16823132
  2.65751399  7.13756018  6.03341377 -1.13369233  0.92133544  0.4187757
  1.11500126  1.10589299  1.58087581  1.28037807  7.95792244 -0.72554149
  2.59532691  0.68411696  2.39143474  0.17321877  3.16588066 -1.79592309
  1.92707637  5.26783748 -3.69447973 -3.34539224 -2.1582169  -8.55773518
  2.17889701  0.67527502  0.22147842  2.41340315  2.30318644 -2.68541662
 -2.27990205  2.68755302 -3.15263496  3.48033     1.74285316 -0.76029974
  2.33672932 -0.78823601 -3.78516046 -2.5588031   1.35699618  4.80970199
  0.71817533  1.76663252 -0.1178732   6.45616745  6.98449703  2.1333328
  0.19689257  2.81123149 -3.78516046  1.55693421]"
"[ -2.55183041   6.23517363   5.72317472  -6.79751364  -5.82672011
   1.26132177  -6.16232513   5.20380459   2.506302    -5.26845971
  -9.15828057   1.26132177  -6.16232513   5.20380459   2.506302
  -5.26845971  -9.15828057  -8.57007147 -11.1599996    8.06814212
  -1.9401429   -2.61849216  -2.3423375   -2.55183041   6.23517363
   5.72317472  -6.79751364  -5.82672011   1.26132177  -6.16232513
   5.20380459   2.506302     6.23517363   5.72317472  -6.79751364
  -5.82672011   1.26132177  -6.16232513   5.20380459   2.506302
  -5.26845971  -9.15828057  -8.57007147   5.72317472  -6.79751364
  -5.82672011   1.26132177  -6.16232513   5.20380459   2.506302
  -5.26845971  -9.15828057  -8.57007147 -11.1599996    6.23517363
   5.72317472  -6.79751364  -5.82672011   1.26132177  -6.16232513
   5.20380459   2.506302    -5.26845971  -9.15828057  -8.57007147
   0.2124949    0.73244802  -0.50305186  -9.44010846  -4.65442322
  -7.33388324  -3.22859289   3.44658858  -8.56376509  -0.39105002
  -2.61849216 -10.2535011   -8.05943204  -2.45968359 -13.83872251
  -0.93343112  -0.94677826   0.2124949    0.73244802  -0.50305186
  -9.44010846  -4.65442322  -5.82672011   1.26132177  -6.16232513
   5.20380459   2.506302    -5.26845971  -9.15828057  -8.57007147
 -11.1599996    8.06814212  -1.9401429   -8.56376509  -0.39105002]","[  8.79426395  -3.59844093  -4.6082223    3.17980251   1.47285287
   2.22100026   1.45438002   2.38159981   0.05351483   4.67205461
  -0.62827289   2.73588012   0.18030878   0.06785447   1.15585274
   0.88619928   1.75996747  -5.15365455  -0.77635088   3.40111735
   3.37669627   1.58358943   3.70979101  -3.64791208  -0.07734072
   2.73588012   0.18030878   0.06785447   1.15585274   0.88619928
   1.75996747  -5.15365455  -0.77635088  -1.86498358  -0.66084396
   4.03572474   3.70979101  -3.64791208  -0.07734072   2.73588012
   0.18030878   0.06785447   1.15585274   0.88619928  -2.97987835
   2.17567683   5.46397101  11.2818274    2.92972573  -0.86479189
   5.18519997   2.43884129   5.58780435   0.15894534  -0.86479189
   5.18519997   2.43884129   5.58780435   0.15894534   1.2313668
   4.54451997   4.25758602  -1.86498358  -0.66084396   4.03572474
   9.34873033  -1.51882154   2.50981019   0.17925228   4.22125142
  -0.95637396  -0.4889018   -0.38100208  -1.13405248   0.08493706
  -2.97987835   2.17567683  -2.97987835   2.17567683   5.46397101
  11.2818274    2.92972573  -0.86479189   5.18519997   2.43884129
   5.58780435   0.15894534   1.2313668    8.51429492   8.13957319
  -5.19447162   0.55043292   5.98951969   2.45044635   6.11496688
  -0.53356883  -2.16575832   4.76840165   1.63085684  -0.36134151]","[  8.25899606  16.82342487  21.33781148  13.93064093  19.29077368
  17.85742577  15.2726015   14.70853622  20.10474624  20.2842117
  13.02482084  24.77883169  20.93276555  19.16131144  19.08820824
  17.79999297  20.87517821  20.14397139  22.02085225  17.83377104
  13.86461774  30.93472144  22.11392771  17.31906342  18.20101971
  14.7761457   12.9723257   21.78445157  15.32473893  20.2905445
  21.26755651  13.11346251   3.61948442  15.79066261  21.51738001
   7.10029885  20.58146936   9.43910301  15.46665158  14.93757799
  24.02376185  15.81725827  20.91883326  16.86168618  22.33954678
  13.95558521  15.82751703  13.54627601  20.69782094   8.04482167
  16.58069608  17.63103081  15.07089732  20.80166392  16.19758882
  13.30627827   2.30709056  17.48861739  16.27061393  17.62274662
  14.71500895  15.52604454  16.53890058  18.39941131  16.90966105
  17.31906342  18.20101971  14.7761457   12.9723257   21.78445157
  15.32473893  20.2905445   21.26755651  13.11346251   3.61948442
  15.79066261  21.8201793   14.14011253  13.18888742  16.47894957
  19.16960816  16.63411478  17.48656176  25.19896166  20.5766247
  15.8388741   16.19007525  17.85742577  15.2726015   14.70853622
  20.10474624  20.2842117   13.02482084  24.77883169  17.73357617
  11.16406263  16.80587726  13.1592871   19.16960816  16.63411478]","[ -2.12699399e+00  -7.34317458e-01   4.62243902e+00   3.13471153e+00
   3.68432351e+00   3.91361920e+00  -3.51866963e+00   2.86101985e+00
  -2.23095423e+00  -7.99393553e+00   1.99033416e+00  -3.61881641e+00
  -5.73808737e+00  -3.43084073e+00   3.17913595e+00  -2.47659032e+00
   2.11427619e+00  -7.76039198e+00   1.94695940e+00  -2.88929293e+00
   1.42900712e+00  -5.61142464e+00   1.85253715e+00  -8.77955437e+00
   5.86731961e+00  -8.35149612e+00  -6.92237347e+00   1.26579071e+00
  -8.38422079e+00  -5.55265291e+00  -9.35824952e+00   2.55630574e+00
   1.15195339e+00   5.13756023e-03   4.33641585e+00  -2.74942386e+00
   4.00901800e+00  -1.51928717e+00  -4.09837250e+00  -7.10341468e-01
  -1.94364822e+00  -5.44396225e+00  -5.92206930e+00   3.13471153e+00
   3.68432351e+00   3.91361920e+00  -3.51866963e+00   2.86101985e+00
  -2.23095423e+00  -7.99393553e+00  -5.66742581e+00  -7.45852315e+00
  -6.78497636e+00   1.10923320e-01  -4.43996281e+00  -1.62328081e+00
  -2.08729971e+00  -3.47272683e+00   3.96620077e-01  -1.06026703e+01
  -7.71461730e+00  -3.70353324e-01  -8.32873655e+00   2.48146013e+00
   2.29878916e+00  -5.26532480e+00   2.72271008e+00  -3.06479811e+00
  -8.94329429e-01  -1.78882379e+00   1.17572654e+00  -4.55456116e+00
  -1.14027171e+01  -7.30704845e+00  -7.80064918e+00   6.08808215e+00
   1.16651995e+00  -6.59460375e+00  -5.24702940e+00  -1.32294128e+00
  -4.98868036e+00  -7.84340678e+00  -8.47244613e+00   7.49218496e+00
  -7.91527307e+00   4.58004376e+00  -7.22311616e-01   8.05074995e-01
  -1.96938390e+00  -4.99819696e+00  -1.47691609e+00   3.20416804e+00
  -7.65488816e+00   5.20842107e+00  -3.95910969e+00  -8.72401219e+00
   3.00377579e+00   3.05970574e+00  -8.73426951e+00  -5.17542401e+00]","[  4.03406738   5.79943538   0.66912157  -1.87541437  -0.25331176
   2.29142822   1.89810547   1.94919538   4.71279669  12.08081219
   1.48946479  -0.83580652   3.99039264  -0.78806721   2.0678704
   7.63879326   1.0396172    5.39402313  -1.89677792  10.81361269
   3.46847955   4.49945617  -0.9134456    0.55585025   1.38362529
   0.98504321   8.02229187  -3.93073929   3.54225577  -0.93396731
   0.27050193   9.45168187   3.27282664  -0.83580652   3.99039264
  -0.78806721   2.0678704    7.63879326   1.0396172    5.39402313
  -1.89677792  10.81361269   3.46847955  -0.35114865  -0.52696457
   2.44026129   3.76303972   4.3545321    0.4400702    1.70327312
   7.60196734   0.76044583   1.85840822   4.74729617   3.11395666
  -1.47470555  10.49942209  -3.27622939   7.08501964   3.54953457
   3.56641952   7.28502124   8.05886203   4.70142232   0.35264833
  -0.93396731   0.27050193   9.45168187   4.18923057   0.6951775
   3.23274866   1.68008269   6.32930092   1.72762903   6.5551796
   4.71449815  10.81361269   3.46847955   4.49945617   4.20142988
  -2.43842106  -3.65873669   0.7461149    3.50517115  -1.82309955
  -0.35114865  -0.52696457   1.1937242    9.00703245   2.21607867
  -0.99109712   5.70093946   5.79825545   3.06311829   4.6206281
  -0.6240211    7.33429124   5.10124097   4.27617786   1.51017228]","[ 19.06346502  25.19672657  20.55975176  13.47639804  21.53481376
  25.63510574  21.50783384  21.45830525  13.54639871  25.21278841
  16.65563606  28.14143242  22.52544091  24.24656231  21.47131386
  22.39677487  20.22409019  19.36967719  15.27726245  20.93926899
  17.02480145  24.6125316   21.56726571  22.61897232  24.42106991
  28.91786147  26.67236848  18.06575071  18.88094457  20.66224244
  22.49215968  12.25079045  19.48553318  27.23541361  12.21879883
  25.74005583  18.77758316  23.07666333  18.18568199  26.20951001
  18.32623221  16.78116097  17.38396807  13.17754056  25.19672657
  20.55975176  13.47639804  21.53481376  25.63510574  21.50783384
  21.45830525  13.54639871  25.21278841  16.65563606  25.28780907
  26.20951001  18.32623221  16.78116097  17.38396807  13.17754056
  23.67889354  22.81914394  22.6761914   25.14543279  22.09984445
  26.60175535  20.35541289  16.89460802  28.73444915  23.18170857
  22.69180961  22.99555063  20.91031941  22.23767063  26.94856403
  28.29888237  22.26498329  28.58754213  27.97299464  17.89832353
  17.29485638  23.44971866  12.39424095  21.44789656  23.17004944
  22.93594162  23.05246389  19.75317846  20.95277133  24.7759491
  24.92852388  24.18176876  22.9485026   21.05734421  27.85891264
  20.99858517  15.45032205  18.07129735  19.36967719  15.27726245]","[ 15.70851231  19.32019139   7.93430031  10.08386219  12.53800604
  15.11857232  13.30650293  12.00270265  22.02450005  17.35052438
  14.04534771   9.48151865   8.47337565   9.38736989  17.05803154
  11.7475318    8.45534157  15.01291711   9.66178503  13.16909734
  16.50725696  13.66478815  12.23756271   6.55747317  13.19543061
   6.07302371  13.86916103  18.90073465  14.62032489  13.22255931
  14.60207049  14.17959309  11.10600805   7.39586505  10.71820916
  14.74351253   6.40695475  14.72431177  10.86531366  12.63945222
  12.56011484  14.04534771   9.48151865   9.17419053  12.58899774
  16.07876455  15.53096759  13.78886675  10.64696909  12.54221272
  11.25894364  15.58119887  12.05431056  11.57262308   8.45534157
  15.01291711   9.66178503  13.16909734  16.50725696  17.98051377
   9.74512112  16.69874394  17.88610294  14.15609085   9.87021973
  14.47441984  12.22424861  14.50885817  19.12231572  10.14672792
  12.57881228  16.42588766  14.08875955   8.77068055   6.86208629
  16.98852755  11.1412659   18.50063199  19.20834314  21.14670082
   9.70828911  15.456202    14.74540731  18.74160385  16.36646982
  12.88730128  11.35115943  16.87862598  13.66478815  12.23756271
   6.55747317  13.19543061   6.07302371  13.86916103  18.90073465
  14.62032489  13.22255931  14.60207049  17.58967279  12.14452178]","[  8.72148196  15.36037012  20.67798853  11.85687172   8.26490599
   9.39640557  15.88865398  15.32840668  12.14833721  16.76257917
  14.55428734   9.00315566  10.28204108   9.181526     8.72148196
  15.36037012  20.67798853  11.85687172   8.26490599   9.39640557
  15.88865398  15.32840668  15.90370265  20.34690996  15.38970916
  11.38401442  12.90265005  18.14970201   8.62440531  15.48551465
  12.31875815   8.52990556  15.67878609  10.31959898   8.60759088
  14.55881623  13.103692     6.32609354  18.11560442   9.01401292
  14.19820978  12.43699913  16.70245084  15.79455228  18.02017319
   9.94240612  15.51385208  14.13568821  10.37351473  11.33553742
  15.33714982  13.33264703   3.28617214   8.21259142  10.60874393
  18.02017319   9.94240612  15.51385208  14.13568821  10.37351473
  11.33553742  15.33714982  13.33264703   3.28617214   8.21259142
   8.85743989  10.19167956   9.70934456  16.0368729   13.44481759
  13.46676343  14.55714774  16.17425476  17.00796035  13.19805643
  10.05556296  13.81854546  16.85194364  10.02257881  12.34811796
  11.35677569   8.37009261   6.81545463  11.43937555  14.72119691
  15.48484119  16.95842144   9.94240612  15.51385208  14.13568821
  10.37351473  11.33553742  15.33714982  13.33264703   3.28617214
   8.21259142  10.60874393  11.34560306   8.24988679  15.13012592]","[ 15.65430511   8.81473991  16.97315279   1.46202584  20.29630454
  12.49452459  21.13200703  19.55262782   5.81476314  11.17418415
  12.91824861  21.25437818  22.51795331  23.46306031  17.70631628
  14.17157018  18.64205443  10.95192402  24.02477919  19.84715857
  13.85018176  20.31108455  17.11451862   8.69539039  13.36300083
  15.85655802  14.88565939   8.51488448   9.2096909   12.91495238
   6.69739696   4.93164824  15.33557743  18.34869769  17.81169561
  21.25437818  22.51795331  23.46306031  17.70631628  14.17157018
  18.64205443  10.95192402  24.02477919  18.90108906  15.35312117
  19.21341296  10.98089248   8.65023146  18.05099521  17.04843703
  18.31023966  10.36288011  -1.52630636  14.40231087  15.11393904
  19.19956078  14.13728857  22.30846137  12.93803138  12.92497009
  20.3252484   14.37233738  19.40325716  19.61750063  15.94444078
  12.51612458  20.54896604  15.06382875  21.61933649  18.21202014
  17.16226534  11.3173149   14.59435089  15.13225703  20.09175667
  11.56847974  12.92497009  20.3252484   14.37233738  19.40325716
  19.61750063  15.94444078  10.55340586  13.76360235  17.04856194
   8.02077647  21.92302247  10.29065628  14.52961406   6.91962465
  13.97684331  12.71893418  10.55082308  15.88347611  18.8789608
  20.18232142  22.13753166  16.49661963  18.1942535   11.93437713]","[-0.48665321  1.23213036  3.03007268  0.67426626  2.53868636 -0.95562951
 -5.68495551  2.76033917 -1.60172091  1.34179158  0.6719737   4.09647527
  0.53470036 -0.53553209 -4.11979485  0.96690172  2.59890351 -5.81322483
  1.28116381  5.14067299  1.14280955 -1.21984605  1.15875527 -3.22295464
 -2.18243857  3.86186102  3.10956643  5.26077583 -1.54279591  2.05652081
  1.85210238  1.85311438  1.77022385  2.28570144 -0.66029304 -2.21631583
  4.23284358  2.97713628 -3.0857449   1.43978587  3.3307712  -0.13243625
 -1.33723894 -5.29107725 -2.19236987  2.99012336 -1.34013947  3.03629715
  1.14325816  6.88401497  5.5548684  -0.03038874  0.21724364  3.51141959
  1.21013285  0.58164015  2.20542579  3.71909683 -1.46179582 -0.1736008
  1.4094742   3.65172044  4.59643818 -3.34909261  0.92839021 -1.95488705
  1.34179158  0.6719737   4.09647527  0.81441633  0.75970082 -0.14250376
  0.92916794  3.66117293  0.03183309 -1.93289715 -4.9005957  -1.54279591
  2.05652081  1.85210238  1.85311438  1.77022385  2.28570144 -2.92516396
  2.31078479  3.2679322  -0.36779715  5.41774776 -0.31310608  6.12482523
  2.37411958 -3.22413872  3.66170769  3.34196707  1.41763798  2.78273939
 -2.41860689  2.47483581  0.58164015  1.17298185]"
"[  2.62518068   2.63150948   5.25053567   5.02928108  -3.52009176
   0.87705518   4.3072924   -2.82150903  -1.5014207   -5.85609512
  -7.09124427   5.35789423   2.62518068   2.63150948   5.25053567
   5.02928108  -3.52009176   0.87705518   4.3072924   -2.82150903
  -1.5014207   -5.85609512  -7.09124427   5.25053567   5.02928108
  -3.52009176   0.87705518   4.3072924   -2.82150903  -1.5014207
  -5.85609512  -7.09124427  -8.67176099  -1.89892766   0.87705518
   4.3072924   -2.82150903  -1.5014207   -5.85609512  -7.09124427
  -8.67176099  -1.89892766  -8.01427447  -0.17750343   5.16961418
   0.87705518   4.3072924   -2.82150903  -1.5014207   -5.85609512
  -7.09124427  -8.67176099  -1.89892766  -8.01427447  -0.17750343
   5.16961418   2.63150948   5.25053567   5.02928108  -3.52009176
   0.87705518   4.3072924   -2.82150903  -1.5014207   -5.85609512
  -7.09124427  -8.67176099  -6.64957003   5.35789423   2.62518068
   2.63150948   5.25053567   5.02928108  -3.52009176   0.87705518
   4.3072924   -2.82150903   2.89936041   3.63960264  -1.31971644
  -3.04071221  -6.26451706  -3.90220478  -5.97278968   2.67862839
   3.7186344    4.23954213  -6.64957003 -10.64718304  10.4726916
   0.01719908  -4.94531885  -5.17634757   1.20673904  -2.3247518
   6.72682259   2.89936041   3.63960264   4.23954213  -6.64957003]","[ -2.79857864   0.56721259   0.47953872   3.25912899   5.52570203
   3.8455041    1.55508815   5.36086421   9.62093108   3.08714525
   0.20288142   2.79658978  -1.4860512    3.62610797   1.27123615
   2.84673371  -1.66854858  -0.41981431   2.71511899   5.04900448
  -2.45843919   0.56042154  -4.22877959   6.38193154   4.85251172
   7.33681529  -2.34711214  -7.13597015   4.44761097   4.36303095
  -0.94959473   2.39941092  -4.01338985  -3.13504244 -10.99158507
   3.65185356   6.45584243  -4.02632569   3.23835118  -2.79857864
   0.56721259   0.47953872   3.25912899   5.52570203 -10.99158507
   3.65185356   6.45584243  -4.02632569   3.23835118  -2.79857864
   0.56721259   0.47953872   3.25912899   5.52570203   3.8455041
   1.55508815   5.78211369   7.0091893    1.65868502  -2.79853234
   1.08628651  -4.49996119   2.592982     7.84141344   1.93152246
   1.12038282  -4.22877959  -0.19153275   2.73642583   0.01470862
   3.93849791   1.58250513   0.16005934   0.44218286   5.28913489
  -2.52881255   2.83101409   0.90906922   6.38193154   4.85251172
   7.33681529  -2.34711214  -7.13597015   4.44761097   4.36303095
  -0.94959473   2.39941092  -4.01338985  -7.13597015   4.44761097
   4.36303095  -0.94959473   2.39941092  -4.01338985  -5.02295083
  -2.29232082   7.88497689  -3.13504244 -10.99158507  -3.80261253]","[ 19.98669099  20.01965047  10.06522935  22.57854711  13.61678514
  17.65152456  10.35766203  13.91957507  22.66583452  21.25315871
  17.27331956  25.40122825   5.87506719  16.32893034  17.26123197
   8.31592954  17.51725331  13.53008086  15.9283933   22.70516972
  15.74307895   9.04587919  22.73202062  16.42146893  21.77299284
  15.72743524  13.61588833  18.6279612   21.69372125  15.11532743
  18.4360884   24.09781295  20.93819564  21.46405271  23.19517194
  20.68320345  19.98669099  20.01965047  10.06522935  22.57854711
  13.61678514  17.65152456  10.35766203  13.91957507  13.04455916
  13.69122992  22.10442348  18.59001415  13.53684162  18.02698093
  23.41808375   6.10142392  15.75432813  20.51661237  15.21277422
  10.33102071  18.6279612   21.69372125  15.11532743  18.4360884
  24.09781295  20.93819564  11.94856744  18.66747283  22.77538436
  19.61770936  21.20375576   6.16037277   6.96923418  13.85667579
  19.24486198  18.1612801   15.29543246  15.86469346  18.16499796
  14.47619069  23.63915031   6.16037277   6.96923418  13.85667579
  19.24486198  18.1612801   15.29543246  15.86469346  18.16499796
  14.47619069  23.63915031  25.19709164  11.53236894  18.76618801
   7.05966791  19.52393647   9.97565892  15.94742308  12.29178701
  19.92321106  15.39938429  21.51862554  14.3780102   16.03522996]","[  0.28285622  -9.31247742   1.12847027  -5.01280892   2.23896978
  -8.27938687   6.18124494  -7.90010197  -6.11173578   1.60308309
  -7.70332836  -6.53819535   3.64009481  -5.38128239  -6.71979484
  -3.65408351  -6.52925039  -7.21031926   6.58828441  -0.23990187
  -8.67567008  -5.86521651   3.46894445  -2.07650607   2.23013148
  -7.29459604   2.1149294   -2.47004797   1.44264588   0.74950805
  -2.83078086  -0.95140175   2.21855519  -7.198373    -0.46709034
  -6.96932326   0.77870778   1.3053392   -2.49080548  -1.79877942
  -0.58835578   4.73443087   3.47140689   4.1818421   -8.27938687
   6.18124494  -7.90010197  -6.11173578   1.60308309  -7.70332836
  -5.11554106  -8.77284106   2.88690595 -10.18492121  -0.68916227
   1.22931917  -4.05641448   0.13595736   1.13384933  -8.40867702
  -3.17572561  -3.97538016  -1.19173636  -1.64574443  -2.99958354
   0.49159615  -7.43382142  -8.42479388  -4.04699533  -4.06964576
   5.40801029  -6.83012581  -5.17316152   3.71526005  -1.42629685
  -3.22640256  -6.4822186   -4.22303434  -1.00692137  -6.67012021
   2.63036569  -3.64881943  -7.03096801   2.27977204   3.12065902
  -2.034007    -4.81410622  -4.8822201    1.77629978   3.46525744
   0.89347068   2.50249243  -7.198373    -0.46709034  -6.96932326
   0.77870778   1.3053392   -2.49080548  -7.82180758  -5.97790121]","[ 5.3128499  -1.05619689 -0.8752261   4.14731623  1.25631822  2.15892482
  8.97145067  1.43757904  9.42709627  0.82112489  0.54605287  4.76059268
  5.31332539  3.26872901  2.93844707  7.2111542  -2.33644374  0.84119308
  2.61578852  4.48413073  5.92810852  8.69901749  1.56894293  3.33270524
  2.30083845  1.73893623  3.36438186 -0.6947528   8.16644319  7.10843352
  4.28872381  1.93337298  1.76535054  3.62410567  5.98768989  0.39336473
  7.78458859  8.69901749  1.56894293  3.33270524  2.30083845  1.73893623
  2.16722906  5.64798325  0.21958938 -0.12641208  3.65168643  5.00454679
  5.15915092  7.42313216  5.55590581  6.67894075 -1.18758958 -0.12641208
  3.65168643  5.00454679  5.15915092  7.42313216  5.55590581  6.67894075
 -1.18758958  1.25833393  2.93361716  0.8895213   1.26713543  9.4821699
  4.33407571  0.91460412  3.68770166  2.4101129   6.22355484  2.82844481
  6.93074224  4.4449841  -2.77519952  7.14068991  4.09172451  5.4170349
  5.31514073  2.05527906 -0.32882527  0.77964497  5.62754569  5.55567957
 -1.84972965 -4.16204105  4.48413073  5.92810852  2.08546954  4.9999084
 -3.01834958  9.37888963  2.66723987  6.13498713  2.80758044  2.11064023
  0.27727875  6.82792492 -1.18758958  1.25833393]","[ 26.85375114  18.48381622  28.05216498  22.61414911  23.33605336
  24.15413347  23.32602566  32.48014839  26.276166    24.11402439
  21.80175026  18.63137378  21.90283722  25.5390089   16.94296114
  25.57149733  20.96406056  20.52176561  14.96883133  25.43167083
  23.524942    14.29832178  13.429744    27.28823712  18.29302507
  29.06316323  21.84201624  25.14747125  26.11652937  23.61813869
  20.14789613  17.83101143  20.73028335  23.05347356  28.91847151
  26.60072969  25.53539809  23.63621121  18.85349506  23.29677413
  24.43446421  25.04705469  30.35063385  25.86772985  25.46058404
  22.41925441  25.37264033  25.00327563  30.39621464  24.87124233
  22.62548719  27.359167    27.06489104  22.69641638  33.34645674
  22.93527856  27.02852431  18.16730498  27.67323823  20.6963587
  16.57140633  16.06943491  14.41124993  25.56058496  24.78238258
  20.34498627  21.07484859  25.96421904  20.37041462  23.21973076
  13.429744    27.28823712  18.29302507  29.06316323  21.84201624
  25.14747125  26.39643705  23.9097031   29.13374327  25.94592897
  26.01567473  26.52458007  21.61315672  19.96439141  17.44799448
  23.66404748  24.49151464  24.36955185  25.92913717  18.63137378
  21.90283722  25.5390089   16.94296114  25.57149733  20.96406056
  20.52176561  14.96883133  25.43167083  24.69154295  21.66350831]","[ 20.55435192  17.5263867   13.89943125  13.98853026  21.05797565
  12.87320456  15.1049137   17.55867854  18.69940432  11.6751926
  17.93072506  17.93072506  13.95759611  22.92946425  16.96158808
  17.98372836  15.08233743  11.13587862  13.73590689  12.08447953
  15.01325576  12.9063006   17.95161804  17.3304281   13.17641647
  14.9360261   17.77623902  21.70155519  15.45982371  15.81362711
  14.8433163   15.6024193   15.68802198  18.33890921  16.81603517
  16.23048287  17.33145453  19.44209072  24.65849394  18.94075389  11.73143
  16.42767339  22.69639673  12.08326775  11.13587862  13.73590689
  12.08447953  15.01325576  12.9063006   21.23549158  11.546237
  16.26881361  20.66039029  16.58059209  14.12392751  18.96187038
  16.89226465  14.85020281  10.91590637  16.97913696  12.94368626
  18.16550689  20.15632535  16.41804943  12.8715196   19.02675041
  12.90826459  17.39815659  14.65849155  17.66712872  14.55466428
  11.76155893  14.12834564  14.48984118  14.96504644  15.39408615
  17.95161804  17.3304281   13.17641647  14.9360261   17.77623902
  21.70155519  15.45982371  15.81362711  14.8433163   15.6024193
  15.68802198  19.6571515   21.95208732  13.71290374  17.62468228
  20.06301344  18.94428672   7.08597635  15.58457656  20.69755545
  17.44714814  10.26695777  17.48785495  20.48456722]","[ 13.96704158  12.0423179   12.55293323  10.56736657  12.78065246
  10.64940919  10.74540921  11.45212739  20.13185111  15.89841103
  11.98744484   9.43638008   8.40895121   9.53374417  10.94551989
  15.32131307  16.05214855  14.26433326  17.81263925  14.14598575
  14.54239729  14.67425842   9.54279517  20.69126443  10.77722732
   8.53390082   8.98938516  15.93505429  10.05630548  12.65891925
  11.34115791  14.74703554  13.86377211   8.53390082   8.98938516
  15.93505429  10.05630548  12.65891925  11.34115791  14.74703554
  13.86377211   8.09198539  14.46507689  14.10362967  13.96704158
  12.0423179   12.55293323  10.56736657  12.78065246  10.64940919
  10.74540921  11.45212739  20.13185111  15.89841103  11.98744484
  18.72915892   4.58657266  16.08520669   8.25772867  17.59853207
  10.49718425   6.73182538  12.35240291  17.78909205   8.85301817
  13.60064007  11.22705328  18.35627739  17.75936208  10.01334235
  10.65256255   9.73801719  14.87612473   6.59427413  12.52665301
   2.31916442  13.48563821  12.0423179   12.55293323  10.56736657
  12.78065246  10.64940919  10.74540921  11.45212739  20.13185111
  15.89841103  11.98744484  15.38625114  14.82489986   9.8149839
  11.99827386  12.08332328  15.46165287  14.67790395  12.50452146
  10.57872472  15.11884604   9.00479875  14.69430403  18.13526735]","[ 14.78658145  11.66063167  17.61994013  12.41011547  14.58028526
  12.38994108  16.65919368   8.06493414   8.53459658  13.93869573
   6.96103344  18.77482247  20.34220778  22.56764623  21.80199734
  16.18476284  16.6429561   18.93143452  15.93319551  17.48036279
  19.53237474  15.09643155  19.87637219  20.42876524   9.44515357
   9.13473028  15.16455648   4.51403017  13.17706002  17.74826892
  11.82833965  15.40510777  18.16385109  10.57746933  19.21381761
  19.76660371   5.41657256  15.66840901  13.48986991  15.11742793
  22.95674754  16.41348196  12.74954683   6.21103548  25.58625283
  15.66364697  17.58912406   3.50496301  23.90006265  10.44242548
  18.18441605  14.20693756  17.01999278  20.21613515  21.77805775
  15.57879132  22.5225817   17.3425667   13.78291958  20.91305781
  25.58877588  21.28675734  21.09704381  17.24041864   6.32479892
  27.45180264  13.41220844  17.05913624  20.01430432  17.72025035
   6.21103548  25.58625283  15.66364697  17.58912406   3.50496301
  23.90006265  15.5824448   21.78566299   1.21000877  12.39495362
  17.10840432  17.72628875  14.1322527    9.14878788  15.73138783
  14.76557112  20.10477949  22.5225817   17.3425667   13.78291958
  20.91305781  25.58877588  21.28675734  21.09704381  17.24041864
   6.32479892  15.9248517   17.51111288  25.22776682  11.11393669]","[  1.52271269   1.51923912   0.4778004    1.24111954  -2.89347262
   3.49106213  -2.2065969    0.52344102   9.54558902   5.91849558
   2.13037289   1.84717587  -1.0344279   -1.66295908   4.09491472
   8.94479812   8.99529093   1.68404341   1.40280561  -0.80773367
   5.91760945  -0.40093704   0.66519515   4.59636681   1.73337893
   5.26785733   9.37470647   1.48472267  -3.46806621   0.26955365
   0.63777945   4.98198897   1.83627672   5.76010305   1.31529277
   5.09455726   6.71471741  10.35161263   2.85723381   0.11505312
   2.75549899   0.89377246  -0.81735304   2.34625264  -0.98798154
   4.70168753   1.78961172   4.01334084   5.29502349   7.26562549
   4.55105826   3.36201292  -4.63848366   3.56110145   1.40280561
  -0.80773367   5.91760945  -0.40093704   3.01376861   0.18985045
   5.33608419   4.85679626   2.32458207   1.90755863   1.95694013
   1.28763373  -0.16893793   3.85201868   4.7114696   -1.78806844
   1.05557325  -2.00116634  -0.19742563  10.04272926   0.81998124
   4.12869054  -3.08065116  -0.34959156  12.38130894  -2.25655493
  -1.46002514   1.01444798  13.15645028   9.96292528   4.18797948
   5.07217949  -1.07297276   0.11505312   2.75549899   0.89377246
  -0.81735304   2.34625264  -2.00924491   1.40196795  -0.90712637
   1.97213878   5.21887752   2.51699348   4.89407403  -0.84601869]"
"[ 1.9594302  -2.08106292  1.43922639  2.71820723  4.37545791 -4.294498
  1.74867314  1.60241238 -1.77045858 -5.9723266  -2.6345617  -5.9723266
 -2.6345617  -2.23780528  8.14094807  2.73601606  3.51544632  4.46910704
  0.97119509  0.59273709  0.86242957  1.75510478 -1.77045858 -5.9723266
 -2.6345617  -2.23780528  8.14094807  2.73601606  3.51544632  4.46910704
  0.97119509  0.59273709  0.86242957  2.71820723  4.37545791 -4.294498
  1.74867314  1.60241238 -1.77045858 -5.9723266  -2.6345617  -2.23780528
  8.14094807  2.73601606  1.43922639  2.71820723  4.37545791 -4.294498
  1.74867314  1.60241238 -1.77045858 -5.9723266  -2.6345617  -2.23780528
  8.14094807  1.43922639  2.71820723  4.37545791 -4.294498    1.74867314
  1.60241238 -1.77045858 -5.9723266  -2.6345617  -2.23780528  8.14094807
  5.11549545  3.96398923  1.34619442  1.9594302  -2.08106292  1.43922639
  2.71820723  4.37545791 -4.294498    1.74867314  1.60241238  1.74867314
  1.60241238 -1.77045858 -5.9723266  -2.6345617  -2.23780528  8.14094807
  2.73601606  3.51544632  4.46910704  0.97119509  3.58507326  5.10060374
  0.46309732 -0.33063884 -3.48414085  3.69260266 -4.04908618 -3.18133426
  5.11549545  3.96398923  4.74953963 -5.43437229]","[  2.31436380e+00   2.39569376e+00  -3.86266158e+00   6.70849996e+00
   2.00936875e+00   7.68971785e+00   8.68832742e-01  -6.06088106e+00
   6.96505768e+00   4.41273715e+00  -1.74424544e+00  -2.97265107e-01
   1.20862181e+00   1.56177325e+00   6.27340576e+00   1.14372569e+00
   6.62934314e-01   3.11657261e+00   1.29982347e+00   9.22759251e+00
   1.16585381e+00  -1.40462184e+00  -3.26024839e+00   6.27340576e+00
   1.14372569e+00   6.62934314e-01   3.11657261e+00   1.29982347e+00
   9.22759251e+00   1.16585381e+00  -1.40462184e+00  -3.26024839e+00
   1.05767380e-01  -3.64879549e+00   4.02401377e+00   4.02401377e+00
   5.32098931e+00   6.24165380e-01   4.32208357e+00  -6.78504130e-01
  -5.77630677e-01   5.08099114e+00   3.29520924e-03   6.50636460e-01
   2.99305440e+00  -9.38539895e+00   5.03649014e+00   2.41735149e+00
  -4.90599804e+00   1.03453761e-01   4.68195141e+00  -1.30231350e+00
   2.61243984e+00   2.91096228e+00   7.50212146e-02   6.24165380e-01
   4.32208357e+00  -6.78504130e-01  -5.77630677e-01   5.08099114e+00
   3.29520924e-03   6.50636460e-01   2.99305440e+00  -9.38539895e+00
   1.11270376e+00  -1.28922981e+00   5.08099114e+00   3.29520924e-03
   6.50636460e-01   2.99305440e+00  -9.38539895e+00   1.11270376e+00
  -1.28922981e+00  -5.77061174e-01  -3.35417707e+00   1.25056784e+00
   1.40922727e+00  -4.92247365e-01   3.72846373e+00   7.64432312e-01
   2.91056406e+00   5.29122182e+00   9.26526156e+00   3.25612703e+00
  -6.60075933e-01  -3.07256335e+00  -3.79183154e+00   6.34355056e+00
   1.83279343e+00  -2.97265107e-01   1.20862181e+00   1.56177325e+00
   6.27340576e+00   1.14372569e+00   6.62934314e-01   3.11657261e+00
   1.29982347e+00   9.22759251e+00   1.16585381e+00  -3.24412133e+00]","[ 21.95305403  28.27831079  13.37617208  20.23115903  10.97727828
  15.61190174  19.66462173  11.14301838  16.2746513   19.33087911
  20.36210996  12.98001117  17.6015922   14.68243621  19.09998215
  22.72750029  23.32601209  18.79627521  25.37489316  12.40052577
  22.49586731  19.09998215  22.72750029  23.32601209  18.79627521
  25.37489316  12.40052577  22.49586731  15.54847487  17.70865727
  16.40750992  18.29860626  14.64152599  18.48573996  23.64161466
  12.34291969  19.79240949  19.86792135  21.55311213  14.18474572
  16.95903409  20.29601619  18.87097442  18.48020542  25.95946763
  20.76275121  20.45820834  18.45585132  17.54237203  24.38082747
  14.18352801  12.26003175  18.464502    23.75769963   4.27654911
  17.52093707  19.14711928  21.86531682  18.76984822  16.05348519
  16.8143781   22.65505992  17.24567331  17.25938412  20.66707139
  20.9276114   21.50778412  20.18888369  18.13461784  15.88338077
  19.23961756  25.74690098  22.64165993  18.83591038  22.05894773
  15.57844898  22.04561744  18.48573996  23.64161466  12.34291969
  19.79240949  19.86792135  21.55311213  14.18474572  16.95903409
  20.29601619  18.87097442  15.74388268  18.17693553  18.89190461
  12.79096297  21.50778412  20.18888369  18.13461784  15.88338077
  19.23961756  25.74690098  22.64165993  18.83591038  11.36589196]","[ -3.73624831   5.48728483  -6.51081044  -4.75586804   3.92915795
  -0.8039024   -3.10883636  -5.82806335  -7.13634247  -3.15183853
   2.04827646  -6.59596106  -4.6189773   -6.90884084  -5.52272098
   0.5072094   -8.77392599   1.27724698  -4.46494086   2.47889088
  -8.00243626   6.46502573  -8.51367407  -5.21250367  -7.53059076
  -0.90002318   2.86317028   3.84434805  -5.69792035  -1.67727537
   4.69510048  -7.70303313   5.69642854   4.11605639   4.09823708
  -2.429414     2.70960093  -0.97242084  -6.59596106  -4.6189773
  -6.90884084  -5.52272098   0.5072094   -8.77392599  -8.75367984
 -10.09321982 -10.71177377  -1.76307255  -5.25861226  -8.46658834
  -8.60791792  -3.22614412   4.37361934  -7.8195309    1.67719517
  -2.68875514  -8.49998092  -4.65016995   2.65123052   4.04714787
   4.64094721   1.74532543  -0.49351529   1.97465025  -6.98490115
   5.11866169  -3.64081061   0.31597009   1.18159666  -8.23771216
  -3.24657444  -3.5766772   -1.2012438   -1.36935606  -2.64300438
   0.40855263  -8.41350342   2.84684603   2.17483676  -3.88964347
   1.89831644  -2.99724261  -3.21919363  -6.26271237   3.61427771
  -5.23538183  -6.45093486  -3.38906184  -0.42793     -6.94490059
   0.43768077   1.59815896  -3.64081061   0.31597009   1.18159666
  -8.23771216  -3.24657444  -3.5766772   -1.2012438   -1.14128084]","[  7.5904382    9.57737527   6.6833663    4.9159991   10.08272799
   4.57070813  13.37113      6.63655257   0.4948054    4.89196882
  10.49756324  11.81495531   7.72677805   0.36494927   2.41805922
   8.26729606   7.03316689   7.30202125   6.84145544   5.50664215
   6.76991709  11.85948921   8.17721116   0.62506016   2.09658962
   3.94380217  10.26581506   5.588726     1.36768298  10.79012103
  -2.98658883  12.97332509   4.81325259   6.5081089    0.18641698
   3.90474052   4.61216512   7.85318362   6.18248035   7.5904382
   9.57737527   6.6833663    4.9159991    9.05715075   4.47787753
   3.56233474   7.50017054   4.70141612   0.27265309   9.97171163
   1.70014195   2.49998375   0.91669543   1.89316331   5.42265356
   5.97768532   7.64629029  10.45320067   6.63897888   5.19339794
   2.86790212   6.68407997   5.37142503   1.39358207   4.01097622
   5.37142503   1.39358207   4.01097622   5.89452718   8.2482731
   8.43329903  10.82032947   8.21586531   3.92142884   3.50311617
   3.06390755   6.9441927    5.28312088   6.13683173   0.71947794
  11.92305333   3.9030437    7.78741946   3.61131821   7.83835907
   3.34277963  15.38078994   5.588726     1.36768298  10.79012103
  -2.98658883  12.97332509   2.69693234  13.37649902   5.42265356
   5.97768532   7.64629029  10.45320067   9.04254925   9.65326863]","[ 20.07304636  15.36813955  21.31727599  15.64142843  23.87915507
  21.29348043  23.11647581  19.76260851  24.46049643  22.63251436
  19.12009648  25.33337161  34.17921925  26.80181942  17.05884744
  17.57331883  14.10056421  17.33964234  19.47943405  23.92913107
  23.71037248  16.51840461  15.0526075   14.60356747  23.96346386
  18.8589984   21.44541204  21.44609575  21.86275084  23.58509515
  25.90160955  22.13740225  26.12343315  20.32422741  28.61230202
  28.02865371  21.02765049  20.27075073  16.90051409  26.81051651
  21.78666094  22.31109316  19.58033142  21.75687424  17.31490924
  17.41026228  20.34506075  24.17245526  24.55935801  26.97633086
  27.57302387  18.82419922  14.74106639  24.46671879  23.39638951
  23.23979287  26.12343315  20.32422741  28.61230202  28.02865371
  21.02765049  20.27075073  16.90051409  26.81051651  21.78666094
  18.26213563  24.30846301  25.01623954  22.38361792  24.23649192
  19.70081325  28.73327041  24.37076507  18.86898248  23.1465008
  23.41145215  19.09247498  16.83850136  15.55585456  27.75891912
  23.81071376  20.64864852  18.39173141  20.19904017  24.61779868
  19.06601219  27.80972733  23.81071376  20.64864852  18.39173141
  20.19904017  24.61779868  19.06601219  27.80972733  20.22631979
  20.63214826  23.06096435  24.18547159  21.86275084  23.58509515]","[ 12.68207295  11.59431757  14.63654825  13.15415774  17.08577883
  10.60320915  22.38772686  12.80771608  17.20076507  22.04935726
  13.97926409  20.3570568   15.2034487   20.6301288   11.14623766
  16.7528042   16.88926962  13.4005245   14.7162665   18.70674069
  21.67345808  17.26271726  16.19626682  20.11512917  14.65146596
  20.2000238   19.15817045  20.41134406  14.88696312  15.99491047
  19.36936176  15.65065252  17.11165357  14.12013602  16.12834781
  17.37686099  12.81993117  18.81371027  17.20070178  16.29790093
  11.70529873  21.97242096  10.90810183  11.50761525  15.16043624
   9.72692576  20.31428586  12.15552553  14.02852562  18.84335653
  13.19535322  23.88739956  10.08467654  14.12013602  16.12834781
  19.87945512  16.72519448  15.85257042  12.39620885  18.99017246
  21.26226373  17.63467854  16.74152643  10.65990394  12.70452286
  11.70529873  21.97242096  10.90810183  11.50761525  20.7607554
  12.86904703  14.94860225  19.07238168  17.90162173  17.4978185
  24.37359625  12.85337448  16.14148726  22.22526259  17.16873105
  18.02680932  20.89149483  18.1411528   14.56238765  20.14706065
  20.97265815  16.53665358  15.58283654  17.78823512  16.90976505
  11.55104527  13.22208446  11.82184058  17.38045187  17.51324821
  15.07788019  17.86705065  18.17340642  12.68207295  11.59431757]","[  7.52674699  11.31162352  15.50806387  12.31973619  13.27569589
  16.87340346   7.00500745  12.01774998  15.33220601  17.7881337
  12.72043253  12.97644927  16.1788708   13.03089305  10.09766796
  12.03836598  20.78271838  13.96225454   5.23758389  19.16551345
  15.51629588  13.54505208   9.5520327   17.72220044  16.20029013
  20.91983342  15.90684045  20.03762463  17.35914092  12.89060412
  17.86468101  14.12893885  12.14467696  17.76718518  10.70680294
  14.49298082  15.81560653  14.69820029  12.77480212  15.48994331
  13.44454621  19.42397407  12.4609925   12.71038875  14.17018672
  20.41053222  19.66261645  14.90104635  16.86280125  20.77591972
   6.06589479  21.39491138  15.44811514   5.85318001   8.66259488
  11.95120306  12.14651005   4.02382357  14.3455106   12.2468524
  15.26347963  11.40315228  14.67833469   9.92247452  11.2689472
  12.34720999  17.72220044  16.20029013  20.91983342  15.90684045
  20.03762463  17.35914092  12.89060412  17.86468101  14.12893885
  12.14467696  19.70412593  10.09766796  12.03836598  20.78271838
  13.96225454   5.23758389  19.16551345  15.51629588  13.54505208
  10.37755082  11.19493203  12.53188146  17.72220044  16.20029013
  20.91983342  15.90684045  20.03762463  17.35914092  12.89060412
  17.86468101  14.12893885  12.14467696  19.70412593  10.7537126 ]","[ 21.81891082  19.52220087  12.70709353  13.06935603  16.30622446
  22.37465043  30.29465947  20.6422425   14.1901516   14.69302495
  20.21950978  19.32720844  27.09368953  26.99431657  16.43568265
  23.04543177  17.3889997   18.80140494  20.83810905  21.03341256
  14.29659418  15.52162528  20.05235627  22.7962682   21.67416457
  14.77312471  15.86932224  19.88471975  14.57025851  26.88870701
  17.87302269   7.74042985  14.53276648  20.64828578  19.23087229
  21.35463796  21.03004787  15.30966676  13.82179996   9.27181284
  17.35187225  19.9528409   14.84356408  12.50237648  12.35758505
  14.4607964   20.26029592  19.33173692  20.58686621   8.68438746
  19.37969542  23.90768901  22.98535102  23.45632927  18.05543186
  17.02490405  17.40750388  23.62170058  17.40709673  15.82551322
  15.41368664  21.43115459  23.82429948  22.00650403  19.65496528
   9.22973447  29.0469738   15.80782817  18.81943838  14.20803005
  15.74023624  12.32683164  23.35069799  15.7427621   17.79423971
  15.05262863  12.1553809   16.58140727  21.24692286  17.10239654
  22.78845278  18.30895016  21.30417419  18.05543186  17.02490405
  17.40750388  23.62170058  10.02996691  19.4987077   20.48423422
  19.60447308  18.43846989  22.96740733  17.89340388  15.24407136
  20.68292419  19.9196142   21.33095493  15.80782817  18.81943838]","[  5.80552542   5.5718607   12.84853147   0.94297345   5.2277751
   6.32416352  -3.41466048   5.19144949   6.57456031  10.61648815
   6.19905794   9.96228453   5.64808794   7.87649998   9.87756278
  14.64162285  17.29133302  16.95449801  12.81541329   7.94628369
  14.77800094   8.59804616   5.7904813    4.41101379  11.75462266
  11.13644019   5.02452589   1.27404282   3.404073     9.4731664
   3.58717675   5.49094306  10.60744279   6.69247072   9.24788192
  15.35952969   7.07402423  12.37529991   5.91271296  12.1471119
   9.14008657  13.59529818  12.30481522  11.75592594  14.16089067
   8.01166075   7.3460361    9.25173079   8.45222294   6.71566528
   9.9347991    7.2622086    5.88177688  17.7388066   10.57521758
  14.20075877  -4.12141151   5.40077467   3.68124991   3.24184358
   8.44305879  13.31347774   1.41292196   9.86107832  10.05345297
   8.48116796  15.38836459   9.80284003   0.32694962   2.75122048
  17.90475499  -1.545752     5.7904813    4.41101379  11.75462266
  11.13644019   5.02452589  12.1471119    9.14008657  13.59529818
  12.30481522  11.75592594   9.50711854   9.41068765   3.51816339
   9.52771046  16.0027417    5.39794669  11.44686063   8.15062953
   6.75347223   7.1054522   14.20075877  -4.12141151   5.40077467
   3.68124991   3.24184358   8.44305879  13.31347774  10.70471757]"
"[-0.08703568  1.15216813 -1.08801345 -1.74105439  3.57891996  1.43732341
 -0.18488841  1.73674338 -0.09872078  7.20310757  4.92690489  1.427534
 -2.20166618 -3.94694396  1.45491379 -1.45576435 -7.53431477 -7.49588568
  1.78832488 -5.51877057 -0.45065915 -5.14509532 -2.33392984  3.9600829
 -2.63035144 -3.70166017  1.39884277 -0.4736259   1.2400655   3.25611107
 -5.96752787  0.37788984 -4.28637879 -1.45576435 -7.53431477 -7.49588568
  1.78832488 -5.51877057 -0.45065915 -5.14509532  0.16390963  1.19900048
  4.14727619  2.12825682  1.78832488 -5.51877057 -0.45065915 -5.14509532
  0.16390963  1.19900048  4.14727619  2.12825682  3.51408807  2.52627039
  1.97405465 -2.20166618 -3.94694396  1.45491379 -1.45576435 -7.53431477
 -7.49588568  1.78832488 -5.51877057 -0.45065915 -5.14509532 -5.51877057
 -0.45065915 -5.14509532  0.16390963  1.19900048  4.14727619  2.12825682
  3.51408807  2.52627039  1.97405465 -3.25202709 -2.20166618 -3.94694396
  1.45491379 -1.45576435 -7.53431477 -7.49588568  1.78832488 -5.51877057
 -0.45065915 -5.14509532  0.16390963 -3.94694396  1.45491379 -1.45576435
 -7.53431477 -7.49588568  1.78832488 -5.51877057 -0.45065915 -5.14509532
  0.16390963  1.19900048  3.25611107 -5.96752787]","[  1.27619176e+00   6.56299786e-01   1.46727460e+00   3.12506797e+00
  -2.10736798e-01   3.92075263e+00  -3.97586797e+00   3.22118231e+00
   5.92861855e+00   3.00164763e+00   5.05491090e+00   2.32973790e+00
   3.68132562e+00   4.31677734e+00   7.79297133e+00   5.81279543e-01
   8.04474882e-01  -2.62470781e+00   6.09946592e-01  -3.07257717e+00
   5.85817158e+00   5.85741855e+00   3.67444959e+00   1.69299996e+00
   7.79661631e-01  -2.55043331e+00  -1.76062900e+00   1.35742886e+00
   4.47876784e+00   1.92860399e+00  -2.51566763e+00   1.29548355e+00
   3.16320658e+00  -2.55043331e+00  -1.76062900e+00   1.35742886e+00
   4.47876784e+00   1.92860399e+00  -2.51566763e+00   1.29548355e+00
   3.16320658e+00   9.70108694e-01   2.04335330e+00   1.08761009e+00
   2.63529190e+00   2.63529190e+00  -1.67661726e+00  -3.50035955e+00
   4.05736600e+00  -1.20482930e+00   5.25062736e+00  -2.23272938e+00
   3.20014673e+00   5.21474963e-01  -2.71206303e+00   1.37679739e+00
   6.41291832e-03   5.25062736e+00  -2.23272938e+00   3.20014673e+00
   5.21474963e-01  -2.71206303e+00   1.37679739e+00   6.41291832e-03
   8.81038995e+00  -2.12292873e+00   2.41209442e+00   8.67840337e-01
   5.05491090e+00  -3.17538423e+00   5.62622075e+00  -5.82202787e-01
   3.67444959e+00   1.69299996e+00   7.79661631e-01  -2.55043331e+00
  -1.76062900e+00   1.35742886e+00   4.47876784e+00   1.40657293e+00
  -7.79444468e-02  -9.70017931e-01   4.81660513e+00   2.87638773e+00
  -1.15609037e+00   1.68221222e+00   5.34719853e+00  -6.80184025e-01
   3.69127459e+00   2.04335330e+00   1.08761009e+00   2.63529190e+00
  -1.67661726e+00  -3.50035955e+00   4.05736600e+00  -1.20482930e+00
   5.25062736e+00  -2.23272938e+00   3.20014673e+00   5.21474963e-01]","[ 21.90599883  21.7249924   16.91586573  18.2070292   15.21378582
  18.29975468  20.2841829   20.56433682  23.13154909  22.05283848
  17.66095407  11.07559677  19.40218108  24.29325395  23.20338721
  13.86435751  19.35971173  22.61452034  20.47875896  15.34978642
  14.3706004   24.88683199  22.19630281  21.96052795  22.34667875
  15.50940631  21.66574079  17.87343137  22.5120331   19.78775266
  15.57837348  17.51510874  26.03051167  18.41684478  25.01949897
  18.55067266  20.79226043  20.23258621  24.40753985  24.27009498
  19.51861622  26.48879757  13.72527154  23.65267229  15.50940631
  21.66574079  17.87343137  22.5120331   19.78775266  15.57837348
  17.51510874  26.03051167  17.81816082  25.27399887  20.19194151
  16.91586573  18.2070292   15.21378582  18.29975468  20.2841829
  20.56433682  23.13154909  22.05283848  17.66095407  24.85590237
  20.74774802  21.70138113  22.20326352  22.75522323  18.55923451
  25.47750084  14.04585736  22.89912716  19.37577698  20.0772685
  18.66079753  20.81415884  13.86435751  19.35971173  22.61452034
  20.47875896  15.34978642  14.3706004   24.88683199  25.31032525
  23.04026412  23.18293062  19.66507787  15.48309688  21.96462103
  18.14514365  11.58206858  18.04021252  18.93320705  22.74371901
  22.50868787  22.27221197  26.29440365  15.71087476  22.50493344]","[ -2.2773089   -5.37013337  -5.92102737   0.85916607  -7.82738931
  -3.98242837   3.42299772   0.26107719  -0.85209912  -0.86288332
  -0.92135156  -7.0148212    6.69999039  -0.09996502  -8.49396009
  -5.84775872  -2.53735226  -9.30828445  -3.72946427  -4.51487635
  -8.72419423  -5.4151749   -7.76774401  -9.47741971  -0.96143468
  -5.20145669  -6.07457247  -6.19669193   3.16941054  -5.61988565
   1.27700086  -6.04384      0.53150603   6.0153918   -7.26475351
   2.77532674   2.26150019  -3.95183794   1.92343719  -3.53687967
  -3.32297436  -6.44052088   3.58919741  -5.38339639   2.14023263
  -8.37497147   6.24064435  -6.58777243  -6.28945789   1.56166565
  -7.25860703  -5.01969183  -8.49222101   3.07902245 -10.29029747
  -4.61488793   1.56566197   4.25866493  -0.64842077   2.65261951
  -6.05568301   1.64509841  -8.00089488  -6.08222533   6.43064224
  -2.97460699  -8.7182651   -4.78352571   2.58979189   3.90318955
   4.53887092   1.54169136  -0.64543412   1.90643109  -7.12696044
   0.93982149  -6.76388435   0.42929491  -8.41178257  -7.16684195
  -0.03181903  -7.26475351   2.77532674   2.26150019  -3.95183794
   1.92343719  -3.53687967  -1.07923081  -0.99199078   1.20705106
  -8.95498698   0.07625883  -2.88325448   2.46616729  -7.34562055
  -3.0843261   -4.9088022   -4.16726826   1.56166565  -7.25860703]","[ 11.46948071   6.35992609   2.25890998  -0.24810298   7.96266919
   7.28647844   6.51574528   5.99427815   8.49811722   7.67830345
   7.08322012  10.27431049   8.7745067    9.4518559   11.02793426
  14.87636095   8.71580545  14.65939685  14.88228768   1.27065071
   8.60483429   8.71260817   2.93791581   3.38743485   7.17166879
   6.54390439  12.22918745   7.90307304   3.30300612   5.36006755
  12.36614003  11.17675781   6.19214411   3.82916691  13.22977069
   6.39416451  11.37855411   7.39455348  -2.09729967   6.01787071
   2.71341207   3.37372568   4.7426662   12.22918745   7.90307304
   3.30300612   5.36006755  12.36614003  11.17675781   4.56112904
   4.66844476   6.19214411   3.82916691   2.71341207   3.37372568
   4.7426662    0.92454636  15.68073935   4.89957743  10.61929582
  15.80471671   8.24806586   3.99028554   6.51459885  10.70379799
  -1.5893512   10.12900789   8.72993442   8.30453645   9.60163196
  14.58926163   6.79332624  11.14497415   8.61121734   8.51504481
   9.81839771   7.87728293  10.13915777   5.7495482    5.17546873
   4.54963169   3.09518897  10.70379799  -1.5893512   10.12900789
   8.72993442   8.30453645   3.95267919   1.77805926  16.51781848
  11.13906263  13.3312388    3.48300921   4.19085788   2.77894658
   5.89318181   9.2061963    8.58261499   1.93751023   7.32208417]","[ 28.55364081  17.24422839  19.43124769  23.61690553  20.5316421
  25.67704487  23.69524858  22.54813795  24.49776989  25.42081142
  20.70454621  25.21934182  22.45772511  21.07693037  19.08815672
  23.20364872  21.52859228  21.44695176  20.25751827  24.62698489
  28.00746306  20.66619801  19.10377641  20.98596546  20.15778334
  15.8972529   20.55053659  20.03062483  20.18406025  16.18838338
  24.67447819  19.17476074  20.323542    25.13672084  24.04275131
  19.27701145  23.55705951  17.29722267  26.80496299  19.1712752
  19.63729275  20.36627424  21.45591966  22.05547219  23.77570396
  27.54935237  24.17531983  25.23601489  30.28676352  16.53751431
  20.23448683  21.71404561  22.34736993  21.83152239  18.04174993
  21.94611771  26.95098082  25.005338    20.30100992  26.18072613
  19.96875473  18.12455469  20.27377071  21.47451474  17.89222658
  21.93267193  21.99304765  21.61504702  20.36627424  21.45591966
  22.05547219  23.77570396  18.2490091   14.44831713  16.59090157
  28.7146441   21.14661613  19.37269703  18.22705272  21.44695176
  20.25751827  24.62698489  28.00746306  20.66619801  19.10377641
  15.33649349  27.19607341  21.35084926  24.37170779  22.34698922
  20.98596546  20.15778334  15.8972529   20.55053659  20.03062483
  20.18406025  16.18838338  24.67447819  19.17476074  27.65114568]","[ 16.74498907  20.26478904  19.89260727  22.04609724  23.63529296
  18.10257567  13.82379505  15.87447981  14.82145637  15.08864085
  16.29658378  16.29304461  19.6734838   16.10951925  19.0990152
  20.84465883  29.10826526  18.29667019  15.58876435  22.73619103
  19.19316069  20.45725669  21.87733009  17.1517095   10.9928842
  19.60450441  24.4197675   12.77329948  11.98217051  20.54761102
  13.47594689  15.05153139  13.69612534  22.04534294  13.43911022
  13.95966531  22.67801495  16.74544044  18.7372045   19.13085113
  14.09749835  17.80077836  17.10918707  19.39484752  17.82063591
  16.8785239   19.39340622  15.13810972  21.7150456   14.24052947
  18.11034167  15.77982729  20.32858717  13.30828533  22.06387902
  22.83386824  20.20330016  17.69319663   6.41506214  19.05717237
  19.51848593  14.23326762  16.3835011   11.90069895  18.65232494
  17.94030456  14.96870419  25.32137934  16.49143611  18.88931295
  15.5762049   19.44131433  14.66781844  23.03618164  16.32666591
  13.16779614  18.20226942  10.99064335  18.51282525  12.12300339
  17.83928577  18.56998055  13.18673212  20.46316662  13.2167248
  14.11755144  12.62007556  18.20226942  10.99064335  18.51282525
  12.12300339  17.83928577  18.56998055  13.18673212  20.46316662
  13.2167248   14.11755144  12.62007556  15.05153139  21.31261391]","[ 16.04219466  21.87805148  13.75429245  13.14249977  16.77562429
  11.61401707  17.03852314  11.4804082    3.81969545  13.74162607
  17.24496155  10.40352486  15.82150308  13.4759917   19.01429354
  15.50793688  11.68039886  12.23302212  12.58877745   9.43667316
  14.85970825  11.47821472  13.88113683  11.88634932  13.41970517
  14.89691632  15.75103972  15.02505069  11.87177036  15.9057305
  16.27230542  12.67298553   9.21332849  11.34083639  12.15835139
  15.65994121  10.54613806  20.57450764  18.27925846  18.721719
  16.63426112  19.63391608  13.66069516  15.27374492  15.899454    13.2624962
  13.47094632  11.74939934  19.08055865  10.3459356   15.0664688
  17.86439019  13.97448837  16.30840735  15.90194628   7.91135686
   9.14194428  16.85696889  13.41457471  12.05136901  13.816724
  11.28699243  10.46584546  11.5549957   21.8177037   14.37555419
  15.90194628   7.91135686   9.14194428  16.85696889  13.41457471
  12.05136901  13.816724    11.28699243  10.46584546  11.5549957
  14.37555419  15.90194628   7.91135686   9.14194428  16.85696889
  13.41457471  12.05136901  13.816724    11.28699243  10.46584546
  11.5549957   15.5738022   12.69196233  14.1695355    9.94396059
  19.69520551  14.70085286  18.01509336  10.32841594  10.18665481
  16.50374083  15.07209099  10.79329554  13.95980283]","[ 17.36390657  16.88453434  14.11012462  18.92751615  11.16508813
  22.01472527  16.24271174  19.60033159  13.99706184  24.55867145
  24.19597883  22.49057115  17.53339951  17.24371958  21.79206359
  17.67553908  21.72861193  18.33390229  21.43857834  19.2063701
  19.4760446   16.6598445    9.406464    16.55037742  20.83252646
  19.42912273  22.33643074  14.94676325  20.49372645  22.23965031
  16.39662647  16.03975134  20.74516337  16.57256937   5.94119984
  19.58414675  21.34183692  17.71569687  24.21383245  22.45305175
  15.09546595  19.07347628  19.46319431  14.88530984  19.764385
  27.48388604  18.45827012  22.65662303  18.12288767  17.20282356
  20.56581678  32.79978505  18.66618123  14.14570421  11.75434462
  18.91690349  15.74760708  19.07722154  17.84589014  20.10061389
  10.37702296  17.07831131  17.66747523  29.64120089  23.5697648
  26.18627283  21.89017031  19.16533563  15.14177613  18.96645171
  17.87420032  17.56537645  16.02029513  18.51788719  16.78087707
  22.81406592  14.58895433  32.79978505  18.66618123  14.14570421
  11.75434462  18.0638731   16.75387013  20.34209233  12.61055422
  15.29166211  18.59525722  17.17114398  17.50749761  14.17744897
  12.03141876   5.69800536  22.80994286  22.01194728  20.45766474
  15.26575244  27.47854888  14.62150542  15.14177613  18.96645171]","[ 15.15490724  15.75001007  10.10848641  11.22899989  16.4078952
  15.63738587  12.79552123  13.73700819  13.35888161  12.82021037
  13.09182076   9.4162266   13.08245517  11.66058995  11.67734546
  10.24410456   2.87316178   8.08489077  12.75238081   2.46069937
   7.54249515  13.22064017  14.67740621  14.91010116   9.6376358
  -5.1828021    7.58368359   6.00821428   3.75367995  16.4777506
   8.60051307  15.41249682   8.44875209   8.41189268  16.55764432
   6.48299711  17.03972847  11.47399339  11.56571798   1.62502721
  10.84200914  15.02322781  10.65717126  11.66299472   2.50566777
   7.66175055   9.91118516   3.62033034   9.52546402  14.14492836
  14.54230101  12.05867715  12.55439217   8.80094312  14.54230101
  12.05867715  12.55439217   8.80094312   5.81311656  17.18793777
  18.23316008   1.38877085  17.02397908   3.63049025  15.14512483
  16.30835554  13.4128909    4.41741316  13.82353807   8.80800107
  15.15490724  15.75001007  10.10848641  11.22899989  16.4078952
  15.63738587  14.21354331   6.34472605   9.27885788   6.55101133
  16.94803339   3.91688618  16.70115735   6.5811691   15.89443659
  13.53066823   1.86309222   3.75367995  16.4777506    8.60051307
  15.41249682   8.44875209  19.14564562   1.91355251   6.49717487
  10.95400052  12.0450297    3.80621229   9.68847384   6.27891462]"
"[ 2.12090065 -2.43100465 -3.67306138  2.73894526 -1.99937255 -7.74972606
 -6.98572509  4.99712258 -4.82405532 -1.2356767  -4.91856794 -3.54112087
  5.7718941  -3.62036948 -5.29264075 -0.63918433  0.68976272 -5.16435726
 -8.57970933 -3.9472192   3.69652327 -3.02439965 -5.52669122 -2.854239
 -3.54112087  5.7718941  -3.62036948 -5.29264075 -0.63918433  0.68976272
 -5.16435726 -8.57970933 -3.9472192  -4.31506883 -2.83280727 -2.60859754
  0.78932445 -0.03639339 -6.99190446 -0.12500543 -4.48998141 -5.26429062
  7.73357474  1.07093938  3.00577976 -5.52669122 -2.854239   -3.54112087
  5.7718941  -3.62036948 -5.29264075 -0.63918433  0.68976272 -5.16435726
 -5.29264075 -0.63918433  0.68976272 -5.16435726 -8.57970933 -3.9472192
  3.69652327 -3.02439965  3.7806805   2.20043265 -0.6249492  -5.29264075
 -0.63918433  0.68976272 -5.16435726 -8.57970933 -3.9472192   3.69652327
 -3.02439965  3.7806805   2.20043265 -0.6249492  -3.21641837 -4.82405532
 -1.2356767  -4.91856794 -0.85395193  2.51840953  1.93524897  1.04453777
  1.07093938  3.00577976 -5.52669122  3.00577976 -5.52669122 -2.854239
 -3.54112087  5.7718941  -3.62036948 -5.29264075 -0.63918433  0.68976272
 -5.16435726 -8.57970933  1.07093938  3.00577976]","[  3.88973042   0.299878     8.22322037  -1.66098562   3.99938027
   3.4075033   -1.88504923   1.65272807   0.72298152  11.76209355
   0.30643868   3.79981101   4.1189956    1.85915874   0.86504158
   4.83687243   6.75814328  -3.66553141   5.1597178    9.45921844
   1.88498712   9.38957312  -0.118889     3.60358865   1.68781675
  -1.51881704  -2.07748691   3.88973042   0.299878     8.22322037
  -1.66098562   3.99938027   3.4075033   -1.88504923   1.65272807
   2.71226964   4.57702194   4.1189956    1.85915874   0.86504158
   4.83687243   6.75814328  -3.66553141   5.1597178    9.45921844
   1.88498712   3.54307382   5.13342147  -6.21099793   3.28064164
   0.57920123   3.20224518  -0.19569658   0.32999625   1.93741281
   1.21296071   1.927992     3.22383182   5.47959592   6.46795779
   4.53373113   4.11268992  -3.62961525  -0.23947608   4.97096227
   9.36180385   2.74630401  -0.93952415   0.78338588   2.79664506
   5.87104239   4.53495066   1.32542496   2.37831009   4.98935419
   2.8293245    0.38691065   3.60358865  -1.66098562   3.99938027
   3.4075033   -1.88504923   1.65272807   0.72298152  11.76209355
   0.30643868   3.79981101   2.71226964  -3.66553141   5.1597178
   9.45921844   1.88498712   9.38957312  -0.118889     5.62491848
   4.12644121   7.52781497  -4.19407088   4.91232454  -0.1361663 ]","[ 18.42615927  20.37704384  20.43143299  18.4483669   12.16329863
  17.06929394  20.76272248  24.03123878  13.86451206  17.64603579
  18.97916619  30.06835016  24.05689488  21.15441332  19.90271209
  23.76619129  23.85457601  23.26703386  21.38512952  21.44077198
  16.6721043   25.85267794  15.25000963  15.68856004  25.62476176
  23.59736739  20.54048334  22.57208624  23.14020941  23.51195226
  18.21119638  24.51952536  27.79102467  21.25551736  17.9065317
  23.99811251   9.40697498  22.47512167  11.2075012   23.19957558
  31.95760809  17.73011762  18.08656906  21.96987725  28.56036123
  18.45086617   9.41345876  22.35334941  24.4255763   17.20430884
  24.95582538  24.30986223  20.3889544   18.7428477   21.22860836
   9.41345876  22.35334941  24.4255763   17.20430884  24.95582538
  24.30986223  20.3889544   18.7428477   21.22860836  19.07444255
  23.17600705  14.76081336  25.78150482  11.53472964  12.94983558
  24.68200633  17.8150845   21.92840928  15.05075726  16.80822092
  24.58645627  21.53941493  22.38274186  16.302941    21.25551736
  17.9065317   23.99811251   9.40697498  22.47512167  11.2075012
  23.19957558  31.95760809  17.73011762  20.54048334  22.57208624
  23.14020941  23.51195226  18.21119638  24.51952536  27.79102467
  17.70375972  14.26034043  21.28047254  17.82509512  22.41095158]","[  9.38163092  12.99317954   4.16925929   9.35272172  13.48061667
   9.50532286  14.74022484  15.51125875  11.14431318   4.7612119
   8.25566035   3.49869166   7.38942789   8.23140325   6.77410763
  10.44771039   0.65004604  -2.70361619   9.44991857   4.59784734
   9.47944689  13.80203275  15.23874576   8.82699382  13.01023321
   5.5393967   10.05821768   9.58528363   5.60998103  11.32605424
   7.66225922   8.8304283    9.43353644   7.2001556    9.13455337
  17.88568888   9.70217768  -0.50242583   7.44598756  12.32345958
  14.48848432  12.60989975   5.64442939  13.62379869  12.8238608
   4.00362479  12.69350008  13.31181145  10.88574499   7.2001556
   9.13455337  17.88568888   9.70217768  -0.50242583   7.44598756
   8.49695426  15.89951846   9.88689538  11.69408495  15.06612599
   9.53619626  10.96078696   8.89121964  11.96550617  14.8928706
   3.50218473  11.59493541  14.78031969  15.03252385  14.78576525
  13.0227481   10.46456408  12.8777749   12.04944522  16.00307706
  14.50294355   9.77035117  -1.99575448   8.98725649   9.38163092
  12.99317954   4.16925929   9.35272172  13.48061667   9.50532286
  14.74022484  15.51125875  11.92280078   8.37715397   3.5796745
   7.83494783   6.56205152  10.38931852   3.63247378  14.30010526
  11.98729609   4.01639496  11.8473469    8.2806411   11.61461134]","[  9.34141132  -1.15917435   8.50760064   2.69432338   5.33780204
   1.13000793   2.83312186  14.49098394   5.1092247   10.48719244
   9.52056833   8.45368052   4.9834869    4.26603991  13.22641877
   7.22334256  13.38407259   9.7067098    7.37827308  13.22362424
  10.96466977   9.60079391   4.56684003   7.29216103   3.3519106
   9.33438406   4.97427295  17.41383873  12.93696214   8.25263055
  13.04796314   6.19773315  11.75600487  14.70082489   6.87961504
  10.99130723   8.31375962   6.82086864  10.23736851   3.91580588
  16.22471951  14.08095908   8.23453264   4.96298239   4.97503077
   1.45612416   3.82603246   2.67004823   6.73784076  14.37731884
   6.95266934  12.75418445   9.67229711  10.78857182   7.46602162
   7.89233995   9.6564233   14.49567614   5.75396528  10.34000313
   7.15170221   9.80035264   9.69213118  11.06840638   4.55926743
   4.54676902   8.4642267    9.68915447   8.76055554  17.81151289
   5.7491749    4.13607878  14.70082489   6.87961504  10.99130723
   8.31375962   8.80617272  12.79608545  11.67045707   4.99595203
   5.84528278   6.75490593   1.6712115    4.56684003   7.29216103
   3.3519106    9.33438406   9.52056833   9.50051386   5.11667336
   4.1659932   10.2675658    9.64277042   5.38595344  11.59982531
   8.45368052   4.9834869    4.26603991  13.22641877  12.90489095]","[ 26.30602961  25.6705511   19.63733766  20.40438907  20.86086996
  21.70766775  22.73670204  22.92812651  22.45423669  18.26258643
  23.26504207  22.41155463  20.64053325  21.98988821  20.4072603
  21.40107802  23.88259361  24.55008306  25.1281824   15.27591092
  19.06361619  20.19095854  18.99606039  18.09560401  23.89670522
  25.55038437  17.46154223  20.5457859   20.16105767  20.80609501
  21.39689455  27.28500168  17.03196558  21.39689455  27.28500168
  17.03196558  19.94576448  22.98915602  24.71920784  22.87706925
  19.94779244  26.39561236  28.47814962  20.98070391  17.25941178
  19.89454489  18.7530013   19.36819621  14.99690854  22.18931645
  22.09507753  20.16749463  24.79042463  21.02369303  23.58084513
  18.54417416  21.52649564  21.60373314  18.96417692  17.25941178
  19.89454489  18.7530013   19.36819621  14.99690854  22.18931645
  22.09507753  21.98988821  20.4072603   21.40107802  23.88259361
  24.55008306  25.1281824   15.27591092  19.06361619  20.19095854
  23.62469983  24.6239698   23.25854989  21.51010044  19.76033322
  25.32470986  21.13515736  21.3544912   25.56231761  23.22540315
  25.83454706  18.96063365  22.90181808  26.28563244  18.65715886
  18.24593062  19.27553964  22.84600426  16.85248461  21.6324455
  20.96629728  21.04028772  22.57128538  26.79628109  26.32169768]","[ 15.69163342  17.73802872  23.80344752  20.11304374  17.86756872
  20.60881789  19.37507655  20.5866311   16.93562658  18.73219706
  21.25111356  20.34393599  17.98978388  24.0716276   14.85122182
  11.39172921  10.92264857  16.39451731  18.47499419  12.46824934
  19.48560273  17.19651832  24.05297734  23.72929477  19.46110953
  19.85806909  21.11870555  18.14519772  19.64728889  17.42317342
  11.83308131  18.6896022   16.91262415  12.11284218  18.28898516
  19.24777982  15.72700727  21.43223094  20.67475147  21.35042196
  21.57433323  23.72929477  19.46110953  19.85806909  21.11870555
  15.76051111  17.98045749  15.28115247  24.51560663  16.36033821
  11.97017248  17.37857733  14.58833408  23.26018941  18.48835904
   8.10165615  20.08336248  14.87516365  13.71671115  21.46921802
  12.70580559  20.94520719  21.13650826  16.85369865  18.10504422
  23.66721678  21.23038651  17.87765114   8.17392096  15.82831017
  17.90418918  17.07223457  20.82540337  21.31973482  15.56836708
  17.02626478  18.38989376  16.69950542  21.14600673  20.97200607
  25.95867152  26.21234822  19.68505938  11.0968975   18.35236723
  19.05586561  16.56290088  23.80344752  20.11304374  17.86756872
  20.60881789  19.37507655  20.5866311   16.93562658  18.73219706
  21.25111356  20.34393599  21.51569214  18.42799729  18.0570639 ]","[ 17.5244419   17.70505378  12.84651633  14.17796652  14.14081811
  14.14026636  15.41117437  20.42303209  14.38290815  15.09460506
  13.3983178   21.33190153  13.1369167   18.03746561  10.0400225
  23.86476346  14.32304571  17.66480094  14.16280218  12.78492162
  17.40910031  12.10799809  21.53072962  19.10073457  18.35174871
  15.64421737  12.63187396  15.62820076  13.17730492  11.90995992
  20.07723921  15.13644893  14.9019891    8.31689062  17.5244419
  17.70505378  12.84651633  14.17796652  14.14081811  14.14026636
  15.41117437  20.42303209  14.38290815  15.09460506  13.3983178
  11.90558503  12.9345507   24.44592522  12.69146753   9.72970458
   8.02330125  17.87603067  15.0724914   16.89623924  10.06208763
  12.82602792  10.69838923  16.95997788  13.55264667  18.39855682
  13.82457315  18.3282866   17.25337325  12.58518772  17.79134913
  11.96520615  12.70346395  13.5923749   17.66282433  11.56549354
  10.15221929  16.25489195  14.82730916  13.4895502   17.93217129
  13.40546829  14.85834251  11.32362866  10.58967726  16.2711867
  13.47840489  11.90585454  15.81950093   7.78705316   9.25297907
  13.64877495  14.73488745  12.33704748  12.53346047  15.85403064
  21.53072962  19.10073457  18.35174871  15.64421737  12.63187396
  15.62820076  13.17730492  11.90995992  17.70024629   8.31689062]","[ 16.237249    17.02128922  17.37295314  30.43322503  19.43059608
  13.24233682  18.67237465  14.76229593  20.43210503  19.88659443
  14.76314946  18.59029536  22.3972526   16.15196948  21.6710488   21.307927
  17.90262812  18.70671719  17.15370981  14.95940637  17.86317943
  19.67950696  16.60786195  22.26926499  25.21613964  27.22901528
  25.42415578  20.75144844  20.59785842  20.29649756  24.25235255
  32.04804917  13.92306463  16.90137511  16.60786195  22.26926499
  25.21613964  27.22901528  25.42415578  20.75144844  20.59785842
  20.29649756  24.25235255  32.04804917  19.33252502  21.02915192
  23.30182355  15.56417177  16.52239853  24.89444224  14.54444078
  25.29427277  21.38820971  22.7423617   18.71261819  14.54444078
  25.29427277  21.38820971  22.7423617   18.71261819  26.71095412
  20.79114646  18.37453162  23.38018896  18.19125745  17.59211057
  15.17636727  13.35007688  18.23549215  22.08703614  21.27531338
  29.44422804  26.73325854  23.82529238  20.90290211  15.03768622
  20.83699649  29.90767265  19.86672024  18.42477999  24.48930754
  23.89184441  21.35093901  22.66742185   5.45121043  16.6303142
  18.6876595   20.96099438  20.09584489  14.89447719  22.39729248
  18.46948719  22.21227877  23.37491175  22.15266974  21.20560001
  16.79720371  20.11900956  15.73649843  27.94991263]","[ 17.97131054  13.74847354  10.22765867  11.61330919  10.30708489
  13.19605189  15.10972903  11.29468466  10.06995155  12.73968737
   8.77989999  10.824395    15.46824316   3.58604687  10.19169748
   7.76996346   1.79729009   4.0755232   12.85592655  11.50886449
  16.16214869   9.17690257   9.4350859   16.53202112   0.91089821
  11.08737837  14.59856518  14.77725013   4.78206187  10.18626371
  13.04566403  12.19658794  12.26735062   9.23889906  14.52984524
  15.93685439  13.05390155   6.37519989  11.50854171   9.51704828
  13.98059316  12.92586654  18.50248848  17.75599802  13.96128542
   8.77071504  11.41047398   6.83102491  13.0701397   14.51215132
  13.75959606  10.76879295  14.13556631  18.81955164  12.86809436
   7.53917841   9.61246175  13.08873002  16.37536823  11.33574927
   8.27371128   9.00062317   0.36373972  11.99188679  14.84642455
  15.70241102  11.29468466  10.06995155  12.73968737   8.77989999
  11.5098328   14.49822373   6.85759155  10.53383308  13.38267487
  14.40322253   8.95320622   3.60820891   3.83724523  10.69012003
   5.96911553  12.45818213  14.46228101  13.68464444  12.54514655
   1.03511627  12.22903698  13.04566403  12.19658794  12.26735062
  15.58568576  11.81108682  16.62777359   7.79515181  -5.49197036
   7.06312489  12.24272768   8.64433792  12.85592655  11.50886449]"
"[ -1.02722147  -4.16230199  -0.13001252   1.19314152   1.38820713
  -9.36144212  -2.89171867   2.95440075   1.07606938   0.92277415
   4.95666368  -1.08748139  -3.75552855   7.34263009   5.05619272
   0.20491293  -0.7993346   -2.55037564   1.81066613   3.90524998
   1.17753682   1.39992275   7.24423935  -1.78303518  10.53082708
  -5.85134128   6.30487473   4.11563406  -1.02722147  -4.16230199
  -0.13001252   1.19314152  -3.28062945   1.39992275   7.24423935
  -1.78303518  10.53082708  -5.85134128   6.30487473   4.11563406
  -1.02722147  -4.16230199  -0.13001252   1.19314152  -1.78303518
  10.53082708  -5.85134128   6.30487473   4.11563406  -1.02722147
  -4.16230199  -0.13001252   1.19314152   1.38820713  -1.78303518
  10.53082708  -5.85134128   6.30487473   4.11563406  -1.02722147
  -4.16230199  -0.13001252   1.19314152   1.38820713  -0.13001252
   1.19314152   1.38820713  -9.36144212  -2.89171867   2.95440075
   1.07606938   0.92277415   2.21158108  -2.06699779   4.07422345
  -4.77806803   3.62443247  -6.63792223   0.56539673   2.20324536
   6.27076766   2.10457741  -4.69370375  -0.17945273  -5.78496426
   6.98752884  -1.57609773  -3.70679237   6.30487473   4.11563406
  -1.02722147  -4.16230199  -0.13001252   1.19314152   1.38820713
  -9.36144212  -2.89171867   2.95440075  -4.69370375  -0.17945273]","[  3.10968163  10.14579023  -0.5762941    3.80415347   1.55978138
   3.85885265  -2.97675195   3.34547888   1.84815303   0.68954112
   4.71646707   1.81259028   2.21216803   2.29341124   2.91932086
   3.62834388   3.49881684  -1.01607501   4.51768604   1.2493184
   7.45469824   3.12478291  -4.65124415   8.48517594   4.38270985
   4.83448899   2.5680493   -0.56090877  -1.10306443   1.90238182
   2.91835962   3.33652497  -0.63007268   4.42629812   2.05862213
  -1.10347575  -1.78083917   3.35281877  -1.09217228   6.69016245
  -1.31302875   2.45204861   3.25149782  -2.97351721   2.08555726
   2.5208125    3.4777324    0.65430378   5.22362404   1.79750793
  -2.11862021   1.55657164  -1.94061734   2.08612949   2.14936535
   1.01734503   4.36033894   2.22026055  -1.47711812   4.41674601
   3.26037026   3.37480712   1.81259028   2.21216803   2.29341124
   2.91932086   1.79750793  -2.11862021   1.55657164  -1.94061734
   2.08612949   2.14936535   2.22606604   4.23287601   3.4188538
   7.10267819   1.01734503   2.22026055  -1.47711812   4.41674601
   3.26037026   3.37480712   1.81259028   2.21216803   2.29341124
   2.91932086   3.62834388   3.49881684   1.79750793  -2.11862021
   1.55657164  -1.94061734   2.08612949   2.14936535   2.22606604
   4.23287601   3.4188538    7.10267819   1.01734503   2.91379667]","[ 23.09857692  17.28500675  25.50705016  21.50841861  20.40460653
  20.44515438  22.12665838  24.89941989  24.76019988  21.16844261
  29.15823404  21.94101248  24.05835652  14.17678953  27.00245848
  19.19717546  22.71750759  22.03571392  25.61798521  21.64977334
  23.85285645  18.80706457  21.66698682  18.05813516  19.96781596
  27.69088176  29.80526678  22.01731983  19.73737582  25.61283027
  19.46016309  23.53453659  24.82107329  23.04265468  23.67279476
  23.34865695  21.29715543  17.86753495  24.60435108  27.82806646
  20.7726449   23.43617442  25.65251179  23.181302    24.77226339
  23.49057703  23.03277221  24.83919878  25.76817899  16.55329184
  22.73574396  23.70266232  17.84107432  26.46239468  19.99793781
  22.37002225  23.7683627   24.77226339  23.49057703  23.03277221
  24.83919878  25.76817899  16.55329184  22.73574396  23.70266232
  17.84107432  14.17678953  27.00245848  19.19717546  22.71750759
  22.03571392  25.61798521  21.64977334  23.85285645  18.80706457
  18.75055113  22.16150573  23.4374771   16.04047446  19.07204323
  21.27535274  22.35330688  22.28117494  23.60221697  23.55331417
  22.59708375  25.97887634  19.30670302  22.03685     25.73445652
  23.04265468  23.67279476  23.34865695  21.29715543  17.86753495
  24.60435108  27.82806646  20.7726449   23.43617442  24.36738314]","[  6.66745674  -1.24763887  12.28493564  13.86213761  15.33663178
  12.44470233  16.79089927  10.77357014  11.86234595  14.96149226
   9.34532128  17.2426114   10.54670557  10.05047408   9.29613348
  14.14805124  13.32794956  13.88001876  18.69412595   3.68746488
  16.51663524  16.69543312  12.16840788   9.83231022  12.1986028
  17.90948082   4.95977291  15.13565591  10.18969031  15.34068182
  14.03757009  12.7613982   12.8705381   14.54617762  13.14835363
  12.16840788   9.83231022  12.1986028   17.90948082   4.95977291
  15.13565591  10.18969031  15.34068182  10.5664332   13.80461421
  14.03869844  10.29430298  11.46487246  13.14925251   4.3247592
  17.41585965  12.94930616  10.12393631  10.37247918  12.29709573
  15.1766168   10.64174819   8.14155064   8.88954837   6.68474304
  13.98992158  16.91331345  10.9542222   13.9686096    4.96850691
  11.14123682  12.61388202  10.7228608   14.83452945   8.84633047
   9.43271494   6.94003821  14.54241504   9.30207558  14.28755306
   7.98660892   8.68830783  12.77557379  11.51912177   1.30917502
  10.54472294  18.61965266  15.70003075  10.62276508  16.05663256
   9.71116397   8.2516274    9.29613348  14.14805124  13.32794956
  13.88001876  18.69412595   3.68746488  16.51663524  16.69543312
   8.77583992  16.8770279   20.21297031  -4.96543283   0.31128157]","[  6.30454801  16.57316173  10.6274972    4.98107438   6.21449047
  12.14648676  13.98503543  10.8597963    5.76963562   7.17833157
   5.4171112   13.71318888  12.1965583    5.5850837   16.53002798
  13.120232     6.3219267    3.61462225   3.45716742  11.51208687
   4.59819277   5.47480608  18.21987596  13.2665893    3.92702192
  12.49211706   5.33485842   2.47038646  12.58990236   6.73245612
   7.23188126   6.85294131   9.08170636   7.94655558  11.91081253
  15.8132903   14.09450083  10.05760501   5.87123974   9.11902382
   4.26749889   6.30454801  16.57316173   8.52901364   5.89703165
   0.2839205   11.87031263   8.78982734   1.99582563  13.1386609
  12.42336963   1.66301605  14.73471192   1.50431457  12.97460874
  10.42879137  12.25903229   4.55175061   8.40950186   4.15699891
   8.18342298  14.53729354   5.39836932  13.08791524   3.95327343
   5.85120345  11.14954623   8.74629856   4.1973255    4.93009277
   2.29881786   5.25052379  10.45941963   3.46602089   6.56165768
   6.49370223   5.23787474  13.61756496   8.44125082  13.71318888
  12.1965583    5.5850837   16.53002798  13.120232     6.3219267
   3.61462225   3.45716742   8.18342298  14.53729354   5.39836932
  13.08791524   3.95327343   9.26305432   6.92752705  11.6517159
   9.05020802   0.25607578  10.45540509   8.80892201   8.51022214]","[ 27.65481752  18.2510596   21.57503154  22.59870144  29.17432637
  24.4616702   23.11455387  25.04079503  19.22222829  23.55962598
  24.18802101  24.48402467  26.81580105  26.34154754  20.02458128
  23.758728    28.57750701  20.36780582  20.61707501  16.24912722
  27.65481752  18.2510596   25.60534885  31.23660905  23.53107429
  25.11275706  21.46275843  30.37885384  23.64035845  25.30389121
  22.70449138  24.55150845  21.4837991   20.72199702  20.15013917
  20.50108138  24.39423497  24.09251241  27.09461496  24.64995955
  21.02160649  20.08954554  20.42314626  18.52262895  23.93514142
  18.84640473  19.40969406  23.87343701  27.01445984  17.04519351
  19.42851077  18.57468936  24.67293893  19.0719636   23.50536596
  24.08826647  24.28062038  25.92497594  26.12095051  27.46448957
  18.57033573  26.12488642  20.21949796  29.56173718  21.56963947
  32.32485284  22.05737043  25.94793935  25.0644001   23.02753656
  21.91255193  20.92396343  24.91580376  16.86423617  21.20689813
  22.41037148  29.62838841  18.46345391  24.66470465  19.42725456
  25.94793935  25.0644001   23.02753656  21.91255193  20.92396343
  24.91580376  16.86423617  21.20689813  23.23026355  23.01861875
  23.63257931  29.9700888   20.72199702  20.15013917  20.50108138
  24.39423497  24.09251241  27.09461496  24.64995955  30.45079748]","[ 15.96629283  21.66548285  19.07773206  15.89304899  21.76340752
  20.0878506   20.79987468  20.86455898  23.07395657  22.87207292
  23.36709371  16.43730691  20.6405508   21.05652846  19.91347621
  20.32474841  13.44559881  10.77847726  28.48848995  22.48337575
  22.35263873  15.87088484  16.65852081  19.20535155  18.43162069
  16.69793027  27.3972396   19.68393425  15.15464538  18.29689871
  22.92979224  20.44370542  17.89475185  14.77368339  17.07091382
  17.59228487  24.08660196  18.61729803  12.53077267  18.31222515
  24.9303172   15.61107696  14.98332325  15.96629283  21.66548285
  19.07773206  15.89304899  21.76340752  20.0878506   20.79987468
  20.86455898  23.07395657  22.87207292  13.9286877   17.77971974
  19.22245067  20.20394363  21.42611896  21.48543716  27.22546157
  20.57427105  26.69225018  16.6950772   12.72042644  19.36952909
  25.29789156  16.49774078  21.9561107   22.78980521  21.05680536
  18.36471737   9.34439273  22.76967297  18.59946339  28.44967806
  17.68675601  23.03373626  19.70643851  19.1376405   13.34473951
  18.21255819  13.96492552  18.1430705   14.60704516  20.94939856
  14.66744684  14.73846861  12.89488183  21.02541161  19.13274184
  19.82764431  16.93726739  16.00994859  16.43730691  20.6405508
  21.05652846  19.91347621  20.9710305   15.61940398  21.42882451]","[ 14.76814163  20.7836201   18.01745514  15.26232751  18.45168992
  13.47872028  12.85677156  16.43097998  11.36339036  16.55736424
  15.63963486  13.98545409  13.58595123  13.19056264  10.78938579
  10.73873714  16.59777978  18.57571249   9.18988969  13.42780439
   7.95318734  11.88295603  17.86191926  13.06115558  15.84759184
   8.66640162  18.35300197  14.31583012  16.11735484  17.80018179
  15.03985616  16.0297215   12.86882398  12.18952528  11.21057872
  16.95234629  16.7896389   17.07146752  17.11688241  11.60620097
  13.93184629  14.93059314  18.34459142  15.50975075  14.76814163
  20.7836201   18.01745514  15.26232751  18.45168992  13.47872028
  12.85677156  16.43097998  11.36339036  16.55736424  15.63963486
  17.43886325  15.53694168  17.84559755  11.18186629  12.36461368
  18.45216671  14.89021893  11.94373605  16.53511199  21.33666764
  16.71957564  14.41352855   9.586907    13.98545409  13.58595123
  13.19056264  10.78938579  10.73873714  16.59777978  18.57571249
   9.18988969  13.42780439  14.39269784   7.63595692  13.7376708
  14.62697029  19.26153058  16.16686216  15.32848385  12.97803874
  12.2010774   14.57621815  15.78897601  20.7836201   18.01745514
  15.26232751  18.45168992  13.47872028  12.85677156  16.43097998
  11.36339036  16.55736424  15.63963486  16.9251947   13.83941961]","[ 16.19554937  14.95067207  18.94593154  13.18146179  16.50088062
  18.02222651  13.22686321  18.66929556  16.15216424  17.57688239
  24.4385051   22.88300879  15.75081085  16.15823636  15.60420482
  19.22037871  15.1158816   18.30961536  13.97771744  18.8216048
  22.70215077  15.27327106  17.1379598   22.88300879  15.75081085
  16.15823636  15.60420482  19.22037871  15.1158816   18.30961536
  13.97771744  18.8216048   22.70215077  18.18446793  20.89433181
  19.17356676  19.68440066  22.44270149  21.45130447  15.52693357
  22.00335366  29.07024029  14.38651214  19.82936474  15.62792962
  19.60763675  21.76493562  25.83547511   3.83157459  21.89859344
  16.64337174  25.06509633   1.7489653   18.49240873  17.47629521
  22.01609275  17.49658491  14.43456235  13.34653714  22.12276975
  14.52984631  21.29744764  20.35529498  28.25483046  13.13354155
  21.23836978  16.49573664  17.24512986  23.86658233  18.91013951
  18.86148316  10.88317977  23.89031971  18.4383682   16.56201899
  15.38483237  27.37532744  19.75815582  12.45229162  20.22203098
  24.26158597  22.83032185  23.63198665  17.41584361  24.08041687
  13.52680082  11.504649     7.01109016  17.30326632  18.76067287
  21.7826469   21.52656121  17.8598623   19.26733601  15.41222477
  15.12168972  26.64828216  23.70486818  25.17139773  18.79098333]","[ 12.55463394  10.25478514  12.64046126   6.7526426    6.03926255
  12.59392199  10.96152305  15.64950188  15.94334845  11.29320668
  10.13601347  11.49472052  15.5379094   15.26520813   5.41060736
  22.90602256  16.27596644  13.48253387  14.97810892  15.05457917
  12.69210006  10.74500809  17.98673143  12.37938241  15.96092657
  15.87543647  14.93678559  12.64696073  12.7433187   13.59723908
  17.80385925  16.70567669  17.36466469  15.48142482  12.37102194
  14.58067089   9.08196803  16.72093143  10.04045619   9.22571839
  14.0777889    5.18036895  10.7352625   15.67383491  21.97914813
  14.75750623  10.31806072  15.87435969  12.84740065  13.60071992
  13.9310886   14.29209279   8.46642172   7.95493851  17.66857388
  14.27647553   9.0641088    7.67011211  17.89127026  14.23870403
  14.55284367   7.03458414  13.49994547  18.42901834  13.31383666
  10.55958062  13.74685094   9.77139133  11.45419722  16.00850276
  10.81785647  13.35118707  12.36190004  16.32620912   1.71813497
   8.78490592  10.78939432   7.31526709  16.60226053   2.69107119
  10.85598279  15.45234844  13.30919331  12.55640826  11.75709664
  14.57209686  11.46442775   8.46642172   7.95493851   9.69265417
  12.21988905  13.9923907   14.53098129  12.74392837  14.33528865
  16.38459998  14.3101591   13.85219797  10.81785647  13.35118707]"
"[-1.69003971 -5.71067797 -1.57404063  1.49694692 -0.62627351 -8.80327431
 -0.94520503  7.66263598  3.09470905  2.80264607  5.323622   -2.07658251
 -0.85565425 -9.95854009 -2.79251379 -0.51045981  8.43128975  0.53761673
  5.40368439 -3.19219451  0.68701722  1.88999     0.78189218 -0.51045981
  8.43128975  0.53761673  5.40368439 -3.19219451  0.68701722  1.88999
  0.78189218 -0.12220249  2.46848169  2.38645163  5.42010213  8.88825467
 -0.85565425 -9.95854009 -2.79251379 -0.51045981  8.43128975  0.53761673
  5.40368439 -3.19219451  8.88825467 -0.85565425 -9.95854009 -2.79251379
 -0.51045981  8.43128975  0.53761673  5.40368439 -3.19219451  0.68701722
  1.88999     8.43128975  0.53761673  5.40368439 -3.19219451  0.68701722
  1.88999     0.78189218 -0.12220249  2.46848169  2.38645163  3.68530561
 -2.15437204 -0.85565425 -9.95854009 -2.79251379 -0.51045981  8.43128975
  0.53761673  5.40368439 -3.19219451  0.68701722  1.88999     7.66263598
  3.09470905  2.80264607  5.323622   -2.07658251  2.8382795  -3.95261226
 -9.19481028  5.42010213  8.88825467 -0.85565425  1.88999     0.78189218
 -0.12220249  2.46848169  2.38645163  3.68530561 -2.15437204  3.7644603
  5.2176987  -8.08084997 -0.41016693 -0.84718927]","[  4.07092695   3.83980132   7.05742329   2.04168924   6.30588322
   9.44777843   2.86175571   3.28905018   3.9917478    5.98819949
   6.61762308   3.79989798   2.86175571   3.28905018   3.9917478
   5.98819949   6.61762308   3.79989798  -0.43475951   5.95410462
  -0.43787094   6.35244945   7.27195518   2.8500456   -1.06714743
   2.16335814  -0.85968501   5.99868223   5.29744682   1.65437498
   5.71101494   4.00125447   7.50809016   2.93376024   1.69991244
   4.94073134   3.38094293   5.39826233   3.79849325   4.66055964
   1.10609793   4.4667676    0.65474461   5.61482065   4.07092695
   1.69991244   4.94073134   3.38094293   5.39826233   3.79849325
   4.66055964   1.10609793   4.4667676    0.65474461   5.61482065
   2.63599144  -0.42940522   5.1960143    4.06557268   4.00271585
   1.69991244   4.94073134   3.38094293   5.39826233   3.79849325
   4.66055964   7.05742329   2.04168924   6.30588322   9.44777843
   2.86175571   3.28905018   3.9917478    5.98819949   6.61762308
   3.79989798  -0.43475951   3.31453899   2.4884035   -3.24752927
   6.04646195   3.0898834    4.54111185  -1.78084507  -4.28399918
   5.97708671   5.23189341   7.02276448   4.38773899   0.71541072
  -0.1096261    6.99243497   4.07095342   4.30973959   3.306336     5.9615949
   6.00731786   7.08520006   3.46963814  11.76535521]","[ 30.09822776  23.17832773  21.67158243  27.85049753  18.53721891
  26.81831637  22.34655197  19.08432691  12.74391938  25.3383671
  18.51541728  23.93435304  23.48789721  22.82660277  21.55970474
  24.44703877  20.50917019  23.17608362  24.19170231  23.97915247
  25.15667055  24.46350794  20.58947294  20.4193933   25.49277825
  28.75306778  20.96647152  28.56418508  22.05373416  19.67150206
  25.8214994   24.36043936  29.05635925  30.75312854  31.96253196
  30.09822776  23.17832773  21.67158243  27.85049753  18.53721891
  26.81831637  22.34655197  19.08432691  12.74391938  25.49277825
  28.75306778  20.96647152  28.56418508  22.05373416  19.67150206
  25.8214994   24.36043936  29.05635925  23.56095286  23.20476286
  28.06753025  23.24818641  24.92238852  24.16922249  21.16015544
  24.8676174   21.05482213  25.89948414  20.73463478  22.12297864
  16.72781488  26.88681294  23.6204308   29.9648043   24.36499124
  25.89981305  23.64572985  23.12502218  20.86779036  22.28079788
  28.40597586  25.58628657  21.53809634  23.86435034  20.76124683
  24.31011953  17.48515402  27.54465388  30.33126862  21.88565734
  19.44823804  18.74107489  29.59204416  24.92238852  24.16922249
  21.16015544  24.8676174   21.05482213  25.89948414  20.73463478
  22.12297864  16.72781488  14.20060375  19.99635174  22.07731905]","[ 17.25875443  12.74477335  12.86896102  17.72680076  17.35205392
  14.82020587  15.72518866  12.20684569  14.03010389  19.02031492
  15.25747561  18.41151367  14.20417603  16.51942223  17.92646417
   8.38663442  15.18895595  13.76260108  19.33949609  18.11087393
  19.13513079  12.53547187  21.01373817  14.02746982  14.20761537
  14.81895749   9.8260255   12.40819146  15.40986138  20.12982615
  14.77261647  15.56629167   9.57792667  10.53651682  15.13280603
  18.59014623  15.08394669  10.20345781  17.55368432  11.41854689
   9.91401013  12.07884145   5.85421513  17.92646417   8.38663442
  15.18895595  13.76260108  19.33949609  18.11087393  19.13513079
  12.53547187  15.18988373  18.61973345  15.99242338  18.45455255
  13.94828011  17.09876507  16.95714266  20.30082376   7.35811032
  19.72045986  14.50454497  17.98637187  18.26549592  18.66864947
  14.91391068  14.84531586  17.13468179  11.526292     4.29340404
  12.53668065  18.42465507  15.73939828  15.55484205  14.82361642
  17.25314499  18.88694268  13.5804063   16.5757689   13.29575756
  13.13087316  19.33072705  12.99137558  15.7466408   18.83044727
  16.37942972  14.95556372  14.81895749   9.8260255   12.40819146
  15.40986138  20.12982615  14.77261647  15.56629167   9.57792667
  14.70627615  18.32630511   8.37811492  15.87932745   7.39798115]","[ 12.19316929   3.09548971  13.47445752   9.06134937   8.96531865
   7.99989658  15.47083096  11.22681487  10.1137831   13.38051811
  12.80393519   2.71231453   4.67789715  16.43716613  11.39148744
  10.75072764  11.84508728  -0.12534457   8.71166211  10.47727974
  11.13476345  13.80769322  -0.62639638   5.72846697   9.3474386
  14.6892364    6.22542367  13.84290793   7.11167012  15.1323955
   5.90323148  16.00703059  13.26546714  12.39559131   6.09446904
   6.25201687   2.72373759  17.21315868   9.24290073  10.59243317
  10.16501906  10.31067155   9.45798003  14.15515644  11.22681487
  10.1137831   13.38051811  12.80393519  10.90511675   7.98816434
  10.45875379   6.26466299   9.07687535  11.21807505  14.80567574
   7.1207834   12.97975336   9.29666185  12.16730395   7.60032692
   0.56768609   3.31755422   5.64920373   6.76662601   2.15998896
   2.71231453  11.64701923  10.46033496   8.69751347   8.5890065
   7.55649292   1.20006257   3.65510976   9.18800047   7.92827714
  13.46275386   6.23815306  10.46033496   8.69751347   8.5890065
   7.55649292   1.20006257   3.65510976   9.18800047   7.92827714
  13.46275386   6.23815306  13.37844928  10.54145604  12.11149398
  10.58777447   7.66190522  13.5010243    2.43836273   8.81907489
   3.33483839   9.65329312   7.0906339    3.59439315  10.03370311]","[ 22.86813609  29.755562    21.03450853  19.08610198  17.91256343
  17.73630032  25.6172751   19.95921517  22.15327936  27.02819954
  24.2437906   21.95727179  21.98145558  18.20328301  15.9885632
  20.44324507  22.98855481  29.51207802  17.14508888  25.26621058
  26.78457196  22.49517074  25.38981669  26.34951245  21.29107086
  27.26649307  24.81884533  26.78879509  12.82938624  26.23728235
  19.84019763  25.77320976  25.71991242  26.00642303  25.92556125
  22.34885491  26.57011745  20.36989866  21.45207099  14.74395922
  20.2325565   21.36189371  19.77365427  17.45079739  19.97068614
  27.04229308  25.21688835  25.46699932  21.88403834  22.74145081
  31.0647957   22.20416071  20.02026486  26.49612958  26.0566069
  20.8574231   20.32035951  15.29693984  17.10178514  20.3478361
  17.60075009  26.37957635  23.92713571  17.70573878  27.09597259
  17.70573878  27.09597259  22.04708919  24.74590502  29.67262972
  16.37659252  22.49517074  25.38981669  26.34951245  21.29107086
  27.26649307  29.51207802  17.14508888  25.26621058  26.78457196
  25.17044067  18.71431591  26.8560802   22.57332875  23.50136324
  23.4943247   25.43160519  19.50166271  24.41017531  22.80268038
  24.48939933  26.54043863  31.14290944  23.96162286  22.8226403
  19.16771025  27.35659112  23.37025762  20.02055778  21.72886652]","[ 18.51387874  21.59854695  21.8078848   21.95409716  18.73781945
  17.71616764  15.01248001  23.94130891  22.44629149  22.83665317
  24.77892656  18.78589169  13.743092    20.93050774  19.14691018
  20.6145683   25.10186975  13.77229509  20.39492201  22.76588821
  23.01993255  19.52574842  19.55252038  21.07556721  29.107419
  18.06683858  15.82182044  21.25375817  20.38779051  16.65682967
  24.48268703  18.65974781  27.0296715   22.69662519  15.86691873
  24.0746127   17.64999775  25.21858484  28.96158085  28.79136694
  27.70666654  22.69463959  20.27051588  23.67015719  13.743092
  20.93050774  19.14691018  20.6145683   25.10186975  13.77229509
  20.39492201  22.76588821  23.01993255  19.52574842  16.15092604
  23.65040677  20.41031675  19.14882948  24.10125628  25.24189911
  23.33354036  20.48760398  24.30390478  18.69885134  23.51837694
  21.71750517  24.88467897  19.84477804  17.38149156  22.12122985
  24.45502508  20.49044922  20.70056944  26.00932792  27.39636269
  21.34948154  18.38397575  22.44698197  18.34797679  27.31733271
  22.83005612  11.31838456  22.58336503  21.74338013  25.40068641
  25.78345361  16.45333667  15.92392588  19.89587946  27.55825307
  17.78673403  19.98693556  19.0678641   20.72265758  21.91516732
  22.80111044  17.34773201  16.91214328  21.23256456  24.77892656]","[ 16.67317142  16.10677711  16.68090038  14.63982022  12.55050647
   8.8269105   15.0012227   15.9166434   13.30831726  11.1045702
  17.25503962  18.86612184  13.71451153  15.64988771  13.97432739
  11.83326546   6.75746939  19.2766344   12.63631529  12.47905967
  13.00751155  16.01082134  12.46382545  19.35075949  14.63490321
   8.13061864  13.55041758  17.29747069   9.73101529  11.95663326
   9.30431786  21.26257941  12.35736205  16.76343172   9.64500397
  17.28273902  18.83867967  13.34674959  11.32647018  10.24948647
  12.14831543  15.21193488  12.72649484  10.47287043  13.71451153
  15.64988771  13.97432739  11.83326546   6.75746939  19.2766344
  12.63631529  12.47905967  13.00751155  16.01082134  16.3045876
  18.86612184  13.71451153  15.64988771  13.97432739  11.83326546
   6.75746939  19.2766344   12.63631529  12.47905967  13.00751155
  10.90748093  12.38691564   4.87517155   6.90280807  13.54398582
  15.17520622   9.12652056  14.17025725  10.70703234  12.92911355
  11.06920977  14.44424947   4.87517155   6.90280807  13.54398582
  15.17520622   9.12652056  14.17025725  10.70703234  12.92911355
  11.06920977  14.44424947  16.23531041  12.54635827   9.18726551
  17.64689025  15.04163552  13.38276284   7.15439051  13.06258534
  13.32344329  16.77571246  11.55779158  14.82233969  14.15200863]","[ 21.09678407  18.83141768  21.64520545  16.20481013  23.3951803
  17.98696099  20.53849185  27.35390955  19.43241361  24.09927899
  17.8518138   17.63516996  19.76910404  24.53345463  20.65168234
  20.33163596  27.15928806  24.53428473  12.88264112  23.12625645
  15.32144224  21.11302505  17.50248852  20.90138625  16.64756281
  29.01521739  16.57913147  13.26097182  16.49764372  24.31541498
  24.32243774  21.18536076  20.70223938  19.77824638  20.24768183
  25.39483192  15.78378212  15.31315819  15.65523013  14.5514718
  23.50202913  21.66501481  23.12194369  20.78858295  23.96436076
  19.40286668  18.8878697   22.23046245   7.02266194  11.20116406
  17.35211912  17.69878417  18.22761779  17.18250098  23.94984973
   7.11581103  18.93939276  14.33842722  23.13814329  20.17607452
  24.36627208  21.62004229  20.77722715  16.14313214  22.37546855
  23.37275133  13.88731311  25.29082866  22.94739688  19.6271252
  23.73062887  22.94845416  17.51666569  17.04888885  15.49009346
  18.17734594  24.25191893  21.64520545  16.20481013  23.3951803
  17.98696099  20.53849185  27.35390955  19.43241361  24.09927899
  20.93793866  15.40527843  19.22675461  24.80387624  16.65414466
  14.69507656  20.38139919  16.83554121  15.5667366   18.45365911
  13.92121797  18.17411694  25.55689875  15.46438571  18.98060069]","[ 13.47975331  20.65511411  11.81488309  17.66839814  23.55178841
  14.50771919  18.07471645  15.97587192  14.99181293  17.44634097
  14.61272267  14.09875355  13.83908542  11.69965098  19.1533161
  19.86263977  18.91092719  15.48154805  17.60551994  15.75185187
  15.65209229  16.85115644  12.97085869  15.19556235  13.60017238
  15.16368549  18.89337592  15.82379377  13.58416289  11.99933019
   5.44073981  18.77225478  15.83153163  13.9201762   13.70688779
  15.86736956   5.74526431   8.09864102  21.84668596  20.81257073
  15.24957689  17.54161293  15.98497768  16.79544396  16.12980903
  16.9722521   14.79331029  20.14649808  12.50319325  16.88655714
  18.86091529  14.43190567  13.44516747  19.02879635   9.7296893
  18.77225478  15.83153163  15.50262749  15.37268676  17.58321033
  15.34608321  13.61891699  15.37534812  16.44199727  14.46467778
  19.92667083  13.46860417  22.04701411  14.42177165  23.73786802
  16.19841842  11.07407883  17.18450645  14.71759332  15.2225105
  22.7426118   16.14532546  14.43682621  17.98326112  18.99606031
  18.36202925  11.96786806  14.80841835  19.13367511  20.94131321
  17.48400018  12.93426256  16.75092117  20.3909316   18.16598038
  17.59981722  17.65638433  13.46860417  22.04701411  14.42177165
  23.73786802  16.19841842  11.07407883  20.01650586  15.20934302]"
"[  5.64418667  -1.34911865  -4.50485317   0.73737868   2.25551775
  -2.841519    -0.67959701  -3.84373258  -4.36999877  -3.49381645
  -6.62960716  -2.1346546   -4.40231276   3.32568413  -2.08923018
  -4.91133079   2.4166878    5.64418667  -1.34911865  -4.50485317
   0.73737868   2.25551775  -4.50485317   0.73737868   2.25551775
  -2.841519    -0.67959701  -3.84373258  -4.36999877  -3.49381645
  -6.62960716   4.87238219  -4.31567126  -4.36999877  -3.49381645
  -6.62960716   4.87238219  -4.31567126  -2.0373739    0.1196      -1.52050638
  -1.44239719   5.65757842  -1.38833372  -2.08923018  -4.91133079
   2.4166878    5.64418667  -1.34911865  -4.50485317   0.73737868
   2.25551775  -2.841519    -0.67959701  -3.84373258  -0.75424367
   1.01007838  -4.81952769  -2.02176355  -1.97280018  -3.66938959
   2.82363183   0.75563438   0.34486081  -3.90609     -1.95616365
  -4.40231276   3.32568413  -2.08923018  -4.91133079   2.4166878
   5.64418667  -1.34911865  -4.50485317   0.73737868   2.25551775
  -2.841519    -0.67959701   0.73737868   2.25551775  -2.841519
  -0.67959701  -3.84373258  -4.36999877  -3.49381645  -6.62960716
   4.87238219  -4.31567126  -0.64349767   3.00155194  -3.66349821
  -3.49236258   7.08492312   2.03719842  -1.88454743   1.5991974
  -3.44235807   1.30210275  10.81728747   2.03719842]","[ 10.26954012   3.51053508   8.80879418   8.76001926   2.62562769
   5.316863     4.4194445    8.64651389   4.61336112   4.86727329
   6.28946374   2.08145041   7.33935558   5.25608814   3.77522759
  -0.37312486   3.40101413   9.41061106   1.70914544   9.41827649
  -0.16805082   6.94839392   3.41870749   3.24183812   6.15312808
  -1.62795792  -1.88144648   7.04138103   4.76637146   2.76776267
   5.56276313   2.20202505   6.5306132   -0.31807624   0.34510672
   6.32865149   6.92355733   2.51007762  10.26954012   3.51053508
   8.80879418   8.76001926   2.62562769   5.316863     4.4194445
   8.64651389  10.26954012   3.51053508   8.80879418   8.76001926
   2.62562769   5.316863     4.4194445    8.64651389   4.61336112
   4.86727329   4.19177221   7.31688756   0.63227759   3.44916059
  -0.77898233  -0.60479114   4.785992     2.99399006   4.7991861
   2.96173161  -0.2781142    4.27316673   2.49159006   4.451203
   4.72208923   1.96194736   9.09774115   3.50899745   6.93733052
   3.65454749   4.17318491   1.08196936  -0.05104197   4.73941664
   8.03204732   3.96140319  -0.67499313   3.24183812   6.15312808
  -1.62795792  -1.88144648   7.04138103   4.76637146   9.55863115
   1.34102161   3.15350775   1.02025125   1.27722512   7.15835461
   4.35329719   3.79481951   4.66634678   3.27711969   4.73941664]","[ 25.03934517  25.73498783  26.25241051  24.63280437  24.83464216
  31.37758741  28.09611605  26.80890112  25.03679149  22.83194883
  26.60803043  18.85979426  23.99563102  20.00954553  24.03371989
  25.18287637  24.84280584  17.6255978   22.46886817  28.1271233
  21.42011413  23.47949769  22.32835026  17.2779371   22.52343561
  16.88310048  22.18651007  27.57369165  22.49262128  25.49530422
  21.1344527   20.6817061   21.79895447  25.42283033  24.3638416
  18.85979426  23.99563102  20.00954553  24.03371989  25.18287637
  24.84280584  17.6255978   22.46886817  28.1271233   24.91444404
  23.7947255   27.33752567  25.73248057  22.92487499  23.47719458
  26.71319774  27.50944376  25.51727418  27.06165703  24.52528217
  24.91444404  23.7947255   27.33752567  25.73248057  22.92487499
  23.47719458  26.71319774  27.50944376  25.51727418  27.06165703
  24.52528217  26.25241051  24.63280437  24.83464216  31.37758741
  28.09611605  26.80890112  25.03679149  22.83194883  26.60803043
  19.67761847  24.35643145  29.93430994  25.87113621  26.65359533
  25.11089702  25.28956046  18.7369254   23.53503452  23.99881305
  20.36990322  23.17119505  12.56534261  18.16188103  28.46369655
  23.51707674  22.33054981  17.6221525   24.49728522  23.07036554
  26.65892954  21.98017562  25.14290886  23.2893719   19.07554426]","[ 18.64751298  16.43646616  15.11061724  12.77746484  19.66859039
  17.84421205  17.40370507  18.98127156  20.24856302  15.41023896
  17.46355215  18.62815824  19.49921787  17.22291821  18.14053435
  21.10608603  19.14620283  17.4814449   16.36206325  13.04468608
  18.36368161  18.56699241  18.81802614  15.32509233  13.9445591
  11.18476246  16.72157865  19.63762404  19.74077022  15.73123395
  13.42126222  15.88098391  15.30730223  13.74317503  18.14819996
  12.66818265  17.34335643  18.51361205  19.39251777  12.92958258
  23.67655034  18.77371027  19.86384086  13.64055811  16.41862744
  21.2819907   21.93821401  16.55006258  16.95182832  15.39026211
  20.00618489  20.55851461  18.43485468  17.36681417  15.74510438
  15.53143231  21.30280967  14.75913756  19.73157616  18.43259284
  20.69990523  10.68971177  14.219326    14.03748129  17.77288358
  18.88637152  19.67588501  17.44068846  18.55380395  14.97855432
  15.51219487  17.31524293  19.35603687  16.67439989  13.86368897
  21.54260024  20.40660814  18.62815824  19.49921787  17.22291821
  18.14053435  21.10608603  19.14620283  17.4814449   16.36206325
  13.04468608  18.36368161  18.55380395  14.97855432  15.51219487
  17.31524293  19.35603687  16.67439989  13.86368897  21.54260024
  13.39064791  16.38155797  16.75428659  20.84496792  19.55945745]","[ 10.24010996  12.80350947  13.52005695  -0.89108426   8.07686507
  10.6983019   11.72944778  13.52538996   2.95394664  11.53112178
   0.72362266   8.75802127   9.91768081  16.43493052  10.61528175
  11.43917903  15.45326574   7.83852851   4.13156751  13.17749269
  15.00861958   6.43942951  10.98000464   2.53692192  12.86918123
   3.40133438  10.87674671  11.68716817   7.05608061   5.82028642
  15.72614631  15.76617271   8.72066852   3.90110366   3.6049923
  11.93469962   6.1801143    8.5002952    9.63147534   8.13484035
   6.66284006  16.26238145   1.65427197   0.72362266   7.83932276
   8.03754508   3.28725625   9.9266364    9.10120752  10.42774804
   3.71205858  11.3227328   10.94752704   3.25738193  12.36736312
  14.07892319  11.25731635   5.22835421   4.5759044    9.57786475
   8.53451667   8.36951906  13.80035214   6.37302086   9.96920157
   8.84617536   9.36957912   6.38716121   9.49836605  12.26004133
  12.37829438   6.85265962  10.17969218  12.36736312  14.07892319
  11.25731635   6.69526347  10.98000464   2.53692192  12.86918123
   3.40133438  10.87674671  11.68716817   7.05608061   5.82028642
  15.72614631  15.76617271  10.37113566   2.62720166  13.53805203
   8.76862248  11.2287637   10.48744251   6.73158798  -3.40251948
  12.21885341   9.31551613   8.20550463   8.02047242  15.45326574]","[ 25.03949532  23.58986932  19.02444203  15.63281816  20.17847148
  21.48305751  23.21467472  19.06798623  21.65597457  19.46574409
  11.44398764  15.52143361  24.29592634  18.04933698  15.39522546
  22.60871016  17.26780749  20.77766235  20.62603427  31.2614433
  28.86653161  20.52951152  23.7567931   19.80356044  15.59747052
  22.2350502   23.60644077  21.49636551  30.56998784  25.53424303
  17.50963419  19.61308355  27.20452031  22.45732866  19.3391929
  24.95066999  27.55710338  14.03151706  18.58707975  19.66027685
  23.52726891  18.96138207  25.8749942   18.18982876  29.14414636
  28.43987526  14.96770497  19.3143927   18.60143402  20.29145895
  21.73399866  23.30227818  18.71590281  22.45732866  19.3391929
  24.95066999  19.54244759  20.98511389  31.99773051  20.91123923
  24.63175972  30.10741236  27.14968204  21.1175932   26.90474276
  13.53031077  20.77766235  20.62603427  31.2614433   28.86653161
  20.52951152  22.46514763  23.478801    19.74285232  27.36382955
  25.91113189  17.70084084  22.67685607  21.53787871  21.25104804
  20.88853378  25.49021563  19.45830584  21.68908809  18.95445817
  23.82261372  19.90754033  15.13553426  20.31122522  25.93236302
  27.0469386   28.14719302  20.23479259  20.97836189  17.69618435
  26.7235014   16.42111242  18.67654874  19.45830584  21.68908809]","[ 17.11641085  11.92615185  24.77964214  24.40510665  22.36433301
  21.85102175  21.85301289  26.49188844   9.69262487  19.8588374
  16.51296513  23.4499804   19.27096706  17.82069298  23.81706361
  23.70439683  19.39659589  19.11562803  22.87935337  22.18000799
  21.4030243   22.60330693  24.11096173  28.50826424  27.70127068
  26.75977854  24.03601179  19.46159331  24.69567597  21.07209919
  19.80503579  24.0676199   19.87405294  25.64889331  21.3383775
  17.85547683  19.26123005  23.3665225   15.54581895  26.00386701
  17.34524287  16.11709987  26.64759843  21.64884495  18.69364659
  21.8805541   24.47354635  24.00369325  20.68292919  24.08669929
  21.79801655  15.29419648  19.22846749  20.39264509  18.13666278
  22.36433301  21.85102175  21.85301289  26.49188844   9.69262487
  19.8588374   16.51296513  24.7824967   15.91538657  24.87279771
  18.86268112  13.51133691  20.99564412  19.80968038  17.14313131
  22.26707715  17.979419    20.07189344  24.46448513  22.26716002
  23.49212064  22.44046736  25.6626099   19.22086637  16.50304895
  20.87528776  18.91873342  20.6811125   22.08227924  27.59012467
  17.40163319  16.60569122  21.34748952  21.14268852  25.94938623
  20.21157499  25.50779159  16.88335354  23.30124631  21.23336516
  22.73840561  20.01918658  21.18186869  19.87405294  17.11675719]","[ 15.82768052  11.57906444  11.26634745  15.85565239  12.11465145
  19.10794534  11.28710944  14.38526969  10.71983966   9.360581
   4.72625136  19.13865307  11.80617163  15.83139519   9.95812935
  14.74999968  10.08669527  17.2612896   10.68965984  10.44365999
  18.65756904   9.70290413  11.51932597  12.50735155  15.4292921
  13.33751572  16.96699893  10.76587521  11.89769      5.81065953
  15.2388758   11.42985269  15.38865426  10.22342068   7.14203343
  12.02668991  11.42772597  10.71841729   8.56200451  18.77989658
   9.39384622  14.40185411   4.37997299   7.26298221  13.56582687
  10.2195015   11.74685901  14.23668719  11.52695587  15.49795412
   8.87918128  12.25621469   7.60065622  11.10505407   6.40710046
  13.16646321  13.51275876  10.41361614   8.06146421  14.48192324
  13.4832474    5.34027677  15.76142359   8.33329432  16.48019053
  16.96671389   6.89090552  11.42772597  10.71841729   8.56200451
  18.77989658   9.39384622  14.40185411   4.37997299   7.26298221
  13.56582687  12.92547388  13.33155237  19.13865307  11.80617163
  15.83139519   9.95812935  14.74999968  10.08669527  17.2612896
  10.68965984  10.44365999  15.44983033  15.63467593   7.77665559
  11.60988381  16.4007473   19.19584416   5.10673464   7.16781327
  14.20268549   5.28246074  10.64273583   7.14203343  12.02668991]","[ 19.10569005  14.21955009  15.10071796  21.8084149   26.1904062
  12.58902263  22.55900725  18.54224732  17.05178001  15.65500786
  16.92538483  18.06822863  24.71524868  13.30581785  13.62060937
  17.46997362  13.30352882  23.20900178  12.74526774  21.78809431
  25.87963309  17.52414904  19.10569005  14.21955009  15.10071796
  21.8084149   26.1904062   12.58902263  22.55900725  18.54224732
  17.05178001  15.65500786  15.09554606  12.68660573  22.51785046
  18.74794172  17.56160323  20.27406528  16.55348317  18.58402899
  17.73104688  20.37258367  15.66177874  16.55348317  18.58402899
  17.73104688  20.37258367  15.66177874  10.65516054  18.03466586
  10.30944134  25.09446808  21.08689656  13.97016542  17.76819001
  14.95227254  17.90425714  15.654624    15.61609442  16.18806202
   9.81494427  16.97626451  19.46080687  14.10274742  20.24098301
  17.97470932  19.2886664   12.2860176   16.82692094  17.33168545
  25.55720501  16.79825756  10.64906001  21.85545321  12.43409583
  21.71605665   7.31640465  13.54277741  19.72431809  17.2701035
  13.76962449   7.35533713  17.17125441  17.45732069  13.39210726
  13.88866188  23.43125462  11.40162888  25.02031084  20.56757574
   6.96573158  20.67984916  12.37719351  29.61877816  17.81143352
  15.36526486  22.93842196  24.2493796   17.76726762  20.26622652]","[ 13.1867681   21.41456045  10.89991446  16.5101768   17.16991701
  23.89531882  14.41545421  16.02039045  15.59326816  13.28986944
  15.37570071  16.20424297  21.01854388  16.96582462  21.33195077
  15.13415804  17.34050594  17.43271551  14.92217834  17.45428301
  14.61129541  16.78516398  17.90249558  20.90942134  17.69875059
  18.44947993   8.76146699  13.56142055  15.46997475  18.92507901
  19.5579864   15.81469581  16.13377236  15.52447586  16.64057102
  15.02306206  19.87819869  10.49981009  13.33631579  24.23094886
  20.06310526  18.49356238  17.94977001  14.55815214  21.48654649
  14.51328079  17.94616663  24.52259995  17.88049955  13.46627493
  19.52516635  17.61377307  14.14796228  17.5942774   16.31447398
  20.22201337  15.88703642  14.12827819  16.22423452  19.60821899
  21.65482986  20.922586    14.27820318  25.70978929  19.07693444
  21.48654649  14.74681698  17.19317033  14.14442484  16.28430604
  14.3017728   15.10168334  14.52238178  17.0078777   16.05284746
  17.18599532  17.59889362  17.34050594  17.43271551  14.92217834
  17.45428301  14.61129541  16.78516398  17.83019448  17.09229959
  14.08007861  11.74015058  14.1947981   20.29269477  17.53000245
  13.84208964  17.40604786  17.39982667  14.47209429  21.6003313
  17.11852533  13.85614951  20.22201337  15.88703642  15.20988937]"
"[-1.43614516  1.06953277 -4.49784509 -1.09966256 -3.00633648  7.27937322
  0.53026561  3.17142252  2.12597881  0.49443502 -1.09966256 -3.00633648
  7.27937322  0.53026561  3.17142252  2.12597881  0.49443502  4.39995138
  5.81257327  1.04283881  2.18776573  3.17142252  2.12597881  0.49443502
  4.39995138  5.81257327  1.04283881  2.18776573  4.83564848 -5.12452703
 -0.44274255  3.17142252  2.12597881  0.49443502  4.39995138  5.81257327
  1.04283881  2.18776573  4.83564848 -5.12452703 -0.44274255 -2.84312692
 -7.7350965  -3.73057589 -1.43614516  1.06953277 -4.49784509 -1.09966256
 -3.00633648  7.27937322  0.53026561  3.17142252  2.12597881  0.49443502
  7.27937322  0.53026561  3.17142252  2.12597881  0.49443502  4.39995138
  5.81257327  1.04283881  2.18776573  4.83564848 -5.12452703  4.83564848
 -5.12452703 -0.44274255 -2.84312692 -7.7350965   3.69232364 -6.68894774
 -1.36025427 -3.49711807  4.44300474 -6.50182851  0.76101433  7.23611773
  1.65457245 -3.88407087 -1.67285909  6.4002938   7.32861285 -7.25760962
 -6.01506417 -2.22170608  3.78960209 -0.15029404  2.97453093  1.84636617
 -0.77832668  1.32029123 -1.12365     7.57538237  1.3566421  -0.86163026
  2.85102344 -3.2996874   7.32861285 -7.25760962]","[ -4.15496803   5.83148006   1.12620696   0.81510368   6.21102922
   5.54732024   6.81454472   0.73771241   3.35957926   5.34332071
  -0.48813306   1.15253272   6.82175237  -2.5287946    5.55668523
   1.86462808   7.71335015   3.59904755  10.03542767   4.94585777
   1.1712678    5.40999792   4.75301188   1.11780978   2.79579213
   8.7486331   -2.81201581   2.64827654   9.0390143    5.47843978
   1.78329378   7.80710651   5.13757162   0.64971999  10.11514376
   5.40999792   4.75301188   1.11780978   2.79579213   8.7486331
  -2.81201581   2.64827654   9.0390143    4.75301188   1.11780978
   2.79579213   8.7486331   -2.81201581   2.64827654   9.0390143
   5.47843978   1.78329378   7.80710651   5.13757162   3.01747873
   9.19398346   3.5236217    9.92125434   6.56968668   3.38361943
   2.35749985   2.03394025   7.69205159   3.93598954   5.24676155
   4.0714201    1.86462808   7.71335015   3.59904755  10.03542767
   4.94585777   1.1712678    0.06458478   1.53829026   5.25778696
   2.98343562   2.92515916  -0.48813306   1.15253272   6.82175237
  -2.5287946    5.55668523   1.86462808   7.71335015   3.59904755
  10.03542767   4.94585777   1.1712678    5.86879082   7.9460832
   4.35891795   4.55163067   0.55708735  -0.97721833   4.26326071
   1.94028144   8.6282151    9.11720666   0.63267999   5.43779078]","[ 17.0223861   27.50679662  28.7607579   25.40656891  17.701139
  23.91778681  23.1414697   27.90549834  19.70028188  25.57951519
  27.77160597  21.6461623   21.5703149   24.12909727  23.43776695
  25.87508773  21.8549106   19.78420093  24.66608878  28.2744081
  27.15011036  31.44483517  25.93418668  17.1977512   17.67483792
  23.09894875  24.81705771  21.89107897  23.38911325  23.50762523
  24.96374068  25.54992478  27.58645745  27.13087797  23.67281093
  21.89959409  22.07948193  26.19050979  26.03207216  23.11712137
  22.5053996   21.59574917  27.05848891  23.55197914  27.22057561
  20.40100424  26.90404799  22.48280825  30.10718693  25.45236226
  26.31245174  20.86736146  25.73582221  21.08020972  27.69776492
  17.0223861   27.50679662  28.7607579   25.40656891  17.701139
  23.91778681  23.1414697   27.90549834  19.70028188  25.57951519
  27.77160597  17.67483792  23.09894875  24.81705771  21.89107897
  23.38911325  23.50762523  24.96374068  25.54992478  27.58645745
  21.48424173  23.65652371  14.186286    22.357898    25.63728686
  21.63104594  24.10630465  24.53846832  27.5513      26.69543792
  23.05766758  25.55355915  27.63067893  26.31777759  23.57080003
  27.13087797  23.67281093  21.89959409  22.07948193  26.19050979
  26.03207216  23.11712137  22.5053996   21.59574917  18.65553421]","[ 19.44338519  18.77310358  20.46641254  20.43257713  15.0650508
  21.08638048  17.88251634  18.88456269  22.4868677   15.57738584
  20.57638274  20.46641254  20.43257713  15.0650508   21.08638048
  17.88251634  18.88456269  22.4868677   15.57738584  20.57638274
  20.54443573  23.2946815   20.9155996   25.27391243  20.10315316
  21.10209708  16.82779874  20.67533852  17.07714897  20.04126705
  22.53530516  20.63608881  16.84428944  20.51932455  22.05214154
  15.45624095  22.15553797  18.27137932  15.50743927  18.35974647
  20.51028114  23.20379118  19.09991164  18.8239159   22.34999216
  18.43599273  16.74099017  22.09582012  18.30305685  21.2625208
  20.95402659  19.51848683  18.85187641  21.86927872  20.23388014
  18.93486202  19.75075467  18.98385192  17.21925909  22.46774518
  26.52014364  18.29454738  11.15154124  19.91558747  20.48897398
  21.42690686  13.60006433  24.82031027  18.9251465   23.86172767
  21.51413778  21.4328353   16.18188434  18.68634303  18.38700486
  17.10254741  11.83424122  15.53434538  19.71517152  24.21756146
  25.55359268  15.51222867  22.33204672  19.86361023  17.61060725
  19.88811969  18.08829852  17.75757338  22.09582012  18.30305685
  21.2625208   20.95402659  19.51848683  18.85187641  21.86927872
  20.23388014  20.60212205  21.92137532  16.58610758  24.46960923]","[ 10.26752219   8.19113524  10.60772564  18.20611811   0.93217797
   6.05462977  11.04556388   4.28023504   6.5097495   11.69945496
   6.38378684  11.05596203  11.12649484  14.07830467  14.57693003
  11.80507666  23.05798997   4.82211528   9.20490316   9.69295223
   8.41279298  13.0148315    8.28268319  12.13682037  11.18331985
   9.51484263  13.41818729   4.39081644   9.83731248   6.38378684
  11.05596203  11.12649484   7.76161437  16.01384859   6.53225693
  10.80757228   8.41048952   8.65325235  10.06812012  12.00628075
   8.53307308  14.01697641   7.42973771   9.11601454  15.24686654
   7.88791348  12.24941098   8.54265109  15.22166921  16.28276067
   9.32019817   3.84449218   2.15788762  12.27826039   8.8412679
  12.95760635   2.83808292  14.03661661   1.07530479   9.4967268
   7.77550364   2.91060417  11.03113473  16.14424675  11.32117437
   6.19548426   9.74612936  10.91151464   1.27304581   8.42223166
   4.14395808   7.31634953   4.82543134   5.31571463  16.54469681
   9.33381879   8.8412679   12.95760635   2.83808292  14.03661661
   1.07530479   9.4967268    7.77550364   2.91060417  11.03113473
  16.14424675  11.32117437   1.46267678   8.41851645  17.11556216
   9.11601454  15.24686654   7.88791348  12.24941098   8.54265109
  15.22166921  16.28276067  12.63914638  14.11639926   4.97383058]","[ 22.34611504  22.32667169  28.05845801  18.39270681  21.34910845
  25.28568701  21.04302382  19.57162943  14.24319581  19.44109272
  25.64182382  21.53498511  25.65901442  19.1108009   24.4999557
  21.06333803  24.65482212  28.78446921  23.31011449  23.96555283
  24.37027128  21.04398841  19.71669512  19.02996034  22.98764704
  30.1752975   26.15880331  23.046676    25.02996423  21.01410605
  23.33832705  21.53159754  22.71759885  22.87550755  21.09779319
  19.80573829  23.02986478  26.22943728  26.09750956  26.62646135
  26.64070867  18.21970173  18.62075634  20.64399565  32.06178583
  19.64356085  24.02060283  32.58240803  24.95493821  23.8606941
  28.0554595   18.07862039  17.66911305  17.31513147  20.13112878
  20.34484639  20.96457641  30.44005446  28.02323273  22.71759885
  22.87550755  21.09779319  19.80573829  23.02986478  26.22943728
  21.04398841  18.74405279  23.959726    21.56841783  21.92634561
  17.83374484  19.85555512  22.69950245  21.76655537  26.0003146
  23.56332959  20.49248887  22.40828325  24.2485948   17.3537786
  18.2496659   22.39636034  17.93282848  20.75025859  25.58607729
  21.85377736  26.99773294  20.68473291  32.51878798  28.39557096
  19.95086848  21.24974368  22.48807021  20.89672844  27.01094044
  25.94933006  19.44144549  19.88209037  22.48807021  20.89672844]","[ 23.07605076  17.27143403  22.69898291  20.55815438  20.53446785
  24.89157301  19.61380743  24.74158702  20.67719408  21.11961536
  24.47362091  25.02183048  19.25461046  17.75822247  21.21292034
  23.83178264  20.73118737  23.65560888  21.0012818   15.86748462
  15.31757187  24.92628722  18.45396043  19.36363437  20.36584599
  23.92189705  17.01512264  18.63453829  17.77988746  26.04117538
  22.56913836  10.93149556  23.40041693  19.95582458  14.99810384
  25.48262254  22.98423962  20.03784472  28.58527735  23.88689692
  18.42826454  20.21616835  21.45238634  17.56338261  15.04938787
  28.30152303  17.44246219  17.24118761  23.37247824  15.22639841
  20.56049821  15.08722527  29.08186364  11.31540803  23.92189705
  17.01512264  18.63453829  17.77988746  26.04117538  22.56913836
  10.93149556  22.7499024   25.46089354  19.49787689  23.58908165
  11.31540803  18.644385    22.46500128  23.43828203  15.29130396
  16.63436413  21.48429238  15.14681341  17.48434094  26.13322456
  16.8096827   15.14681341  17.48434094  26.13322456  16.8096827
  29.4464722   22.67746491  23.53819127  19.81634302  24.3508069
  14.85254948  16.7609804   27.8752244   22.0392295   21.07953563
  15.84858086  21.48973367  20.09171381  11.14275019  18.93988607
  24.11734355  26.2582222   19.24023694  14.69868227  23.09301988]","[  8.04538492  13.94719613  10.53432973   7.6248307   11.25583162
  17.05127586   8.96453638  17.03141715  10.7746122   15.00396145
  13.94778474  13.39785212  14.55137616  11.45784367  15.99464877
  13.19351971   9.10891144  22.35685138  13.7171433   14.65173391
  15.83662317  12.51627074   8.39684586  19.59680804  11.59897945
  17.76193958  14.20583583  15.72755607   7.23227702  13.65387595
  10.01246118  13.42028723  14.63620914   9.96035078   8.39684586
  19.59680804  11.59897945  17.76193958  14.20583583  15.72755607
   7.23227702  13.65387595  10.01246118  13.42028723   9.96035078
   8.39684586  19.59680804  11.59897945  17.76193958  14.20583583
  15.72755607   7.23227702  13.65387595  10.01246118  13.42028723
  11.24892182  11.39138554  11.1416929    9.49062596  13.89609161
  16.46437615  14.58678809  13.20135554   8.98280675  16.70109263
  10.46514754  11.78295805  12.52537999  12.7831338   15.40546379
   8.85956965  10.49444717  17.31879845  20.17411985  11.33144631
  12.94918461   8.97187291  17.92973174  11.24611645  10.68414761
  15.0301351   16.22812491  19.11507273   6.73381564   6.80990255
  15.21222425  12.41355318  11.67371416  11.7897847   12.69433935
  12.66233713  13.35689875  10.56254836  12.38227404  17.90419559
  14.44338004   9.37789025  12.24983508  13.3846913   16.85562525]","[  2.22847081  12.55798086  20.02034703  18.67642351  20.56252937
  19.70921317  15.67796044  14.10663212  20.27071417  19.19602247
  26.05324662  17.78825353  25.06135128  13.36210843  18.60351516
  23.77247714  17.31682684  17.31252226  27.13295312  17.45614572
  24.67364004  11.38468226  19.85595826  20.87031363  12.86792746
  24.24540258  15.19894066  16.91764395  17.31257023  15.60370574
  21.65656726  14.447295    22.66666536  10.45954648  15.62278468
   7.77892251  18.54854417  18.33474276  11.78123323  11.40699865
  10.696952    13.89363626  16.20893036  14.39103157  19.82990115
  23.54002146  12.72967997  19.99243376  18.5035651   17.60154324
  17.36609748  22.87333215   9.52837199  15.92529788  16.76602188
  12.33457508  18.0399621   11.74041472  11.67370227  13.15612915
  19.85479437  18.51613345  19.78142306   3.46960412  24.17327659
  17.53043679  19.30427382  18.93942244  16.71300309  18.69967339
  17.82664738   8.44059119  15.54415543  18.0599165   19.04014475
  11.35959459  20.87031363  12.86792746  24.24540258  15.19894066
  16.91764395  17.31257023  15.60370574  21.65656726  14.447295
  22.66666536  23.96983352  13.15612915  19.85479437  18.51613345
  19.78142306   3.46960412  24.17327659  23.89870545  19.55931564
  20.56311876  11.90701643  12.54441509  22.59956062   9.87312483]","[ 18.54153475  17.85452412  20.5073853   21.53016002  11.53341415
  23.24511513  14.8268161   17.6958956   12.9016939   21.96560234
  23.35418957  20.82473621  20.70097852  21.59137694  12.1051442
  21.40364105  18.63538634  13.68561494  23.24779935  17.98536812
  19.86411283  20.07691519  23.35418957  16.37110991  18.71214416
  17.47617977  18.07540442  12.45602697  21.14972418  17.22971858
  16.52049623  16.96995308  15.73064795  15.73064795  16.11755968
  21.71812821  19.30104369  18.84663915  21.37202552  22.02767661
  19.54659979  16.08647908  17.85170974  16.16227731  18.94025085
  12.59190505  10.95662011  13.44639782  24.06059014  15.71517628
  18.75319274  23.71632994  22.99658502  17.26540835  22.08567144
  11.63373221  16.95383926  20.11118787  13.25642454  19.62484017
  13.92127466  19.92377117  21.16024721  19.87998946  20.96273721
  15.39483464  17.72964529  21.9249212   16.09780488  16.67890088
  12.75080514  14.83735316  17.34383501  15.28124973  19.60326635
  17.46373887  18.88596608  12.54754834  20.47184162  15.60824631
  20.53486118  15.41606727  21.39612525  19.82339801  14.70842216
  19.23502393  16.29377532  18.38891153  16.13707881  11.71888911
   8.66830253  20.68527483  16.05484028  17.72964529  21.9249212
  16.09780488  16.67890088  12.75080514  14.83735316  13.60769906]"
"[ 2.08169142  3.95181949  1.15788631 -0.75372464  2.4084548  -3.59771166
 -1.9889984  -1.09209237 -1.56969155 -4.56511016  2.25550595  2.25550595
  4.97001826  4.89734426 -0.12531371 -8.15745219 -2.90509754 -4.95454774
  1.03125041 -1.14044483 -0.9606652   6.76957246  5.12092344 -2.95214368
  1.82651387 -0.95006516 -2.80414571  0.60964795  2.14258727  8.10646476
 -2.23131213  2.10216708  2.44546062  0.47979591  1.15788631 -0.75372464
  2.4084548  -3.59771166 -1.9889984  -1.09209237 -1.56969155 -4.56511016
  2.25550595  4.97001826  4.89734426 -1.40996565 -1.21083214  4.55649723
 -3.47992935  2.40484171 -1.19098668  5.92139915 -1.00579562  2.08169142
  3.95181949  1.15788631  2.4084548  -3.59771166 -1.9889984  -1.09209237
 -1.56969155 -4.56511016  2.25550595  4.97001826  4.89734426 -0.12531371
 -3.47992935  2.40484171 -1.19098668  5.92139915 -1.00579562  2.08169142
  3.95181949  1.15788631 -0.75372464  2.4084548   1.86668096 -5.81132113
  2.10577248 -5.11197244 -1.40996565 -1.21083214  4.55649723 -3.47992935
  2.40484171 -1.19098668  5.92139915  5.92139915 -1.00579562  2.08169142
  3.95181949  1.15788631 -0.75372464  2.4084548  -3.59771166 -1.9889984
 -1.09209237 -1.56969155  5.28403009  6.45699725]","[  3.82595099   5.63180527   7.80568768   3.47521405   7.66516115
   1.57993295   5.2135643   -0.96287699   6.62007759   4.12130939
   5.9403497    7.45138586   5.93915646   5.99811713  10.5081174
   5.96077305   1.63829568   6.66888404   8.87064832   4.57937587
   7.02619349   6.1611524    6.8288204    4.58822994   8.01086976
   4.44421304   9.5821072    5.86751913   6.03884455   6.35265597
   5.23588966   4.32402969   7.05704439   4.15546772   7.62299267
   5.41353624   7.45138586   5.93915646   5.99811713  10.5081174
   5.96077305   1.63829568   6.66888404   8.87064832   4.57937587
   5.63180527   7.80568768   3.47521405   7.66516115   1.57993295
   5.2135643   -0.96287699   6.62007759   4.12130939   5.9403497
  -0.77749894  -0.90380401   5.41353624   7.45138586   5.93915646
   5.99811713  10.5081174    5.96077305   1.63829568   6.66888404
   8.87064832   4.57937587   7.02619349   5.44881819  11.03351855
  -0.56101221   1.45703726   9.64345429   8.5774145    1.47020919
   5.28309007   4.10257927  -0.19112702   5.33165965   7.65463199
  -0.47060029   3.92291335   6.91441071   9.29167122   8.9083955
  10.16355253   6.37772291  -0.89495346   3.75083136   5.2135643
  -0.96287699   6.62007759   4.12130939   5.9403497   -0.77749894
  -0.90380401   7.3771028    6.70241404   0.13966718   7.8563276 ]","[ 30.47077615  25.25807649  24.41090589  31.63285727  25.33900235
  27.20423783  24.96062979  22.99619304  21.34035493  24.11401544
  29.2154986   21.79485125  26.94902439  22.69201056  26.45401833
  24.60408449  19.66665649  34.23052263  30.67431968  23.69725099
  24.19485275  24.42070456  23.47919963  19.18737263  25.33673222
  26.67664974  28.67383757  19.96913306  20.93452924  25.36971471
  23.26325267  25.18748685  23.09477189  24.64920753  24.88962378
  24.20102348  22.93956695  23.25633167  23.50905267  27.94111068
  22.20464463  24.57971816  23.60062119  27.79320898  20.97465136
  22.69201056  26.45401833  24.60408449  19.66665649  34.23052263
  30.67431968  23.69725099  24.19485275  24.42070456  26.0840238
  25.97068797  28.38667111  23.7906347   29.65795012  32.18708797
  27.68556908  26.11695918  21.85453044  25.74039597  20.17535818
  30.82185314  24.09456902  29.65795012  32.18708797  27.68556908
  26.11695918  21.85453044  25.74039597  20.17535818  30.82185314
  24.09456902  19.8281564   18.70825498  24.88962378  24.20102348
  22.93956695  23.25633167  23.50905267  27.94111068  22.20464463
  24.57971816  23.60062119  27.79320898  20.97465136  22.86014751
  21.00608545  19.9446969   28.00716122  26.60360944  23.69332433
  24.45427619  23.30187479  22.60329117  28.47571435  27.30951086]","[ 20.29733916  20.05012219  25.21950794  22.78729474  20.98497957
  20.27503795  22.77985845  16.75506883  19.3656437   19.0751697
  21.18023604  16.01713173  20.08937559  24.37420369  20.48859014
  18.10262302  22.64878605  18.86917729  20.56174367  12.44706249
  17.96414657  21.50688584  14.76730319  21.52786622  18.79124227
  23.25204877  20.09005027  23.98258073  17.37920012  21.18396391
  16.65417549  18.70968825  19.0106774   18.82889756  21.52706449
  17.28457018  16.05201821  16.31563793  23.35014401  20.70529184
  20.7397446   21.38970744  19.55144412  20.78443062  19.16131764
  13.97808202  23.29292431  23.55812307  19.64256207  17.37408014
  18.25850702  20.06845304  21.13300674  14.75496678  10.63315575
  22.04876442  19.65632287  20.74524574  23.49341169  19.29542305
  19.12603662  21.40111453  19.81511018  16.60540462  19.87803976
  20.11534058  14.72320749  18.30194004  18.59646493  22.51591843
  17.26533581  18.7230136   18.63266163  23.59224652  22.68588967
  21.54681719  21.52786622  18.79124227  23.25204877  20.09005027
  23.98258073  17.37920012  21.18396391  16.65417549  18.70968825
  19.76433194  16.68766271  22.96612321  23.91106649  19.59709057
  19.14557449  20.18704869  13.15593604  18.1834868   25.091282
  20.92892935  17.28813045  16.99179712  21.66108855  16.98052764]","[  9.4749813    7.42798175   6.603553     5.07260535  20.29787355
  16.91593505  11.73438006  16.30258354  15.70304628   9.62499926
  13.31951538   6.29127385  14.19600216  14.11252918  11.03775663
  10.62829424   8.21113988  17.8195555    9.94960232  12.87059502
  14.09888596   9.53966523  10.32752999   6.18034379  10.13040397
  14.10620758  11.68491758  10.3780802   10.72037469   8.02917608
   4.18094237  13.20915862  16.72785954  10.82896495  13.56298376
   7.86792674   6.22844444  14.4106689   16.79459763   9.4749813
   7.42798175   6.603553     5.07260535  20.29787355  15.82044866
   6.32247919  16.85995178   7.18174748   8.88571085  17.73511454
   5.69515909  17.48821619   8.26716206   6.1665357   10.12859799
   6.78228539   8.83848118  15.89032255   8.19461048  12.38598092
  13.56520125  10.43730514   9.59694648  15.36853447  10.21409097
  15.16370725   6.7141692    9.15545064  14.37934013   6.05984324
   1.56311784  15.92458419  10.50921246   9.40862017  12.98507102
  17.55843026   2.26249221  15.82044866   6.32247919  16.85995178
   7.18174748   8.88571085  17.73511454   5.69515909  17.48821619
   8.26716206   6.1665357   10.12859799   4.18094237  13.20915862
  14.92026428  13.81547941   4.13137258   5.65884955   6.43870704
  14.53754648  11.19741642  15.5412946   12.95029523   3.32116772]","[ 30.33022164  28.66666476  28.03527486  24.09895538  27.02850378
  27.95500445  26.67359759  27.584525    28.64127086  28.09887201
  29.61017667  25.36116411  27.02850378  27.95500445  26.67359759
  27.584525    28.64127086  28.09887201  29.61017667  25.36116411
  24.34486108  26.09486114  24.53566568  25.74250511  26.79045781
  22.98317356  23.68257138  25.90925686  23.69139761  22.1575947
  24.3060365   27.06519112  34.75549316  23.68257138  25.90925686
  23.69139761  22.1575947   24.3060365   27.06519112  34.75549316
  26.22586077  23.291924    20.23237978  26.17618928  25.94549956
  32.00662347  30.74893306  24.98700945  22.93911449  23.04613501
  21.19029233  25.63331888  27.71199485  25.13913864  20.66352774
  32.90970368  28.3743065   21.90928619  29.89144723  16.97816544
  31.89160457  30.02851453  26.45444317  28.90459244  24.80538824
  31.09665445  24.92352304  31.96602099  27.63263688  25.64656665
  26.29083142  21.96507294  26.60655477  20.99647835  22.49207874
  36.92520359  24.61754064  32.65728848  25.80472135  23.58536831
  29.85142537  28.90343623  24.29634825  30.72697877  26.92327331
  22.79722327  25.45484746  22.47918146  29.98672814  28.43214043
  27.01167804  25.39499484  26.20066987  26.47872648  18.84307556
  28.87053923  17.41374176  26.17618928  25.88344502  26.89484352]","[ 20.22884537  19.35530912  18.07018253  21.44796708  14.92297663
  19.925288    17.68223051  19.96117524  21.56258324  20.85441441
  22.20216625  18.14539535  12.52703916  13.53111394  19.14564366
  27.19333612  11.53667891  15.76313765  20.95570787  20.92138098
  16.74695597  17.71586305  11.45595969  14.08702249  15.66623834
  13.94678796  15.56003469  13.31560116  21.52714614  19.80022545
  16.98170065  26.35677768  18.48106736  17.05236034  14.92474219
  23.73134275  16.11197872  11.08285818  21.3518828   19.04484776
  17.88734572  20.86594231  11.41790961  14.38023501  22.18737462
  15.01966586  21.00470172  18.14539535  12.52703916  13.53111394
  19.14564366  27.19333612  11.53667891  15.76313765  25.4614733
  19.4513173   24.01627028  17.40383623  16.81072321  22.36508373
  16.83863506  14.93070995  24.02962103  21.88287121  21.26323102
  11.41790961  16.64458663  17.62959481  26.9540128   22.73526929
  18.79467252  13.64295137  17.13065827  25.4614733   19.4513173
  24.01627028  23.97292664  20.41599009  17.15157779  18.50800498
  16.61783939  12.84629742  22.59013041  25.09600773  22.25121331
  25.63051603  18.22531272  24.60400708  17.11952825  22.17794306
  23.35520036  14.29100887  23.52814215  18.17504054  13.76315652
  13.65853399  19.81276669  19.10356046  19.46312875  15.92456269]","[ 10.01262324  12.25332834   6.95573183  10.55937929  11.51759788
  14.69226083  16.80448733  15.24848191   8.52055772  12.93694413
  12.10628278   5.4161939    8.01029632  13.28375322  11.88713526
  17.10256961  14.02235097   9.01241412  15.03566547   9.82869877
  12.61341522  12.12032604  16.05138619  11.88201097  12.64215493
  14.27446628  12.06489808  17.26716425   9.68204559   8.31878674
   8.91314574  16.29685878  12.46582587  12.22922278   5.4161939
   8.01029632  13.28375322  11.88713526  17.10256961  14.02235097
   9.01241412  15.03566547   9.82869877  12.61341522   7.01096009
  16.05138619  11.88201097  12.64215493  14.27446628  12.06489808
  17.26716425   9.68204559   8.31878674   8.91314574  16.29685878
   9.52170717  12.68435772  17.65312923  10.07716881   7.75302762
  13.80454399   5.88596169  14.07126083  10.42876028  17.23663192
  16.34453006   9.59305526  13.00119062  12.40348167  15.44884643
  11.90572473  13.62953388   4.87205356  13.02192834   6.08623705
  12.50673652  13.0852583   16.05138619  11.88201097  12.64215493
  14.27446628  12.06489808  17.26716425   9.68204559   8.31878674
   8.91314574  16.29685878  19.42239455  13.05781957   8.83185025
  18.5463957   13.76276024  14.81716669  10.34861776  13.29208757
  11.58062181  11.22921255  11.53608425  15.13405339  13.59827013]","[ 20.3269176   23.9378526   27.03103096  19.16289417  23.43709702
  22.45793378  25.2486753   19.14673185  20.31268683  15.48460184
  17.05088184  24.60181278  22.86320387  19.46711939  18.98758204
  22.62801214  23.37261638  17.97986449  10.48246413  15.36272073
  16.70972652  20.11624855  14.35166848  22.11388758  25.06909615
  22.10314797  12.06759247  21.28475546   7.1692549   16.90361311
  19.93715723  18.68565197  14.52074419  16.4772028   21.84614747
  20.73451021  19.14062571  15.51257586  21.08171356  10.05453157
  17.46910455  13.99051455  19.33782538  22.17685912  22.12156999
  19.08138206  22.72889999  23.54180655  28.34091678  18.72836988
  28.55101348  18.77083248  25.83682796  18.89846389  25.04234423
  22.1938538   21.37919372  21.2273527   15.96218968  15.40735619
  13.38085689  21.3331484   21.78882316  24.70706141   5.98406192
  25.26912696  21.37919372  21.2273527   15.96218968  15.40735619
  13.38085689  21.3331484   21.78882316  24.70706141   5.98406192
  25.26912696  14.93335716  21.05167743  20.49133704  17.0647643
  17.41158602  18.99837189  24.89093618  17.56330982  15.05330918
  16.86263602  12.25235624  15.95925201  16.94234697  14.51392613
   8.07343763  20.3269176   23.9378526   27.03103096  19.16289417
  23.43709702  22.45793378  25.2486753    8.65406482  20.89002878]","[ 21.96904383  19.82599672  18.40114566  15.29437724  17.9115911
  23.38607155  17.36382801  14.78507353  18.5047561   18.38571923
  15.13797894  15.54285246  21.55581901  21.57099311   5.19961872
   4.03682751  20.54186734  21.51446676  22.54315908  16.40553055
  21.10083659  20.99225423  17.36382801  14.78507353  18.5047561
  18.38571923  15.13797894  17.49978812  17.30282605  17.07874629
  18.87319603  18.28548825  18.34882709  17.24409545  17.16533648
  18.02602924  13.16142212  18.6342065   17.12535698  14.33688829
  19.02731556  19.13673089  12.94591256  22.02740448  19.63056343
  20.21280249  20.04415873  21.49815096  20.79572725  17.78570877
  20.92449779  15.36015913  12.42532696  11.27719746  14.53445183
  11.03696679  16.23789086  13.44977532  17.3218039   23.30301954
  11.94555831  19.42339036  17.07250723  15.11954654  18.07829314
  19.15473592  21.44966513  17.02872945  18.29858031  20.08811961
  13.75792377  19.16770701  17.44375436  15.10471318  14.58281505
  15.45618545  16.47719512  22.03357013  20.19798586  13.6244746
  18.94709824  21.82495413  19.80877104  17.99936956  15.71634838
  18.30743911  12.92925412  16.46312764  14.53445183  24.9523624
  18.89270785  18.0984306   15.3606876   18.84521787  16.3868466
  21.88027518  20.12828698  14.3379324   18.68702159  22.66538424]"
"[ 7.96925395  6.415654    0.50402698  0.76168389 -2.8961151   2.94666251
  0.30549579 -4.76019271  3.89305685  2.07368446  4.86383383  9.27612482
 -0.15463212 -2.95267646  0.66111897 -0.24129262  3.35521128 -4.7907684
  7.45926684  4.05572706  0.13249219  9.38221371  1.1051453  -0.24129262
  3.35521128 -4.7907684   7.45926684  4.05572706  0.13249219  9.38221371
  1.1051453   7.96925395  6.415654    0.50402698  2.05507584  0.19789801
 -0.15463212 -2.95267646  0.66111897 -0.24129262  3.35521128 -4.7907684
  7.45926684  4.05572706 -8.21627472 -3.96804636 -5.09604159 -1.17935462
 -0.58385517 -2.2948624   2.05507584  0.19789801 -0.15463212 -2.95267646
 -1.17935462 -0.58385517 -2.2948624   2.05507584  0.19789801 -0.15463212
 -2.95267646  0.66111897 -0.24129262  3.35521128 -4.7907684   3.89921817
  6.7392499   0.44695531 -8.21627472 -3.96804636 -5.09604159 -1.17935462
 -0.58385517 -2.2948624   2.05507584  0.19789801  3.35521128 -4.7907684
  7.45926684  4.05572706  0.13249219  9.38221371  1.1051453   7.96925395
  6.415654    0.50402698  0.76168389  3.70512676 -5.15679223 -1.40881004
 -2.52036748  5.18204695 -5.43468124  0.89850268 -0.61509179  7.9415146
  1.91758361  3.84183334 -0.59512878 -3.81905481]","[  8.25126998   3.71535796   2.5604565   -0.8560171    6.2429764
  11.70984207   1.89421329   8.04451333   5.21531103   7.32174326
   4.93615046   5.48984619   0.55631548   5.42269626   6.19661207
   3.16227725   2.15818618   8.25126998   3.71535796   2.5604565
  -0.8560171    6.2429764   11.70984207   0.84052559   9.31448914
   2.86231313   7.55976636   0.25090401   5.4442668    3.9339384
   5.61529733   1.06237014  -0.54904485   7.71123933   9.9240357
   2.45243907   6.82982455   8.2851868    5.06768359   4.4649216
   7.10927716  12.30847099  10.04156      3.04202603   8.96222577
   6.19661207   3.16227725   2.15818618   8.25126998   3.71535796
   2.5604565   -0.8560171    6.2429764   11.70984207   1.89421329
   8.04451333   5.91672861   8.25552592   0.84052559   9.31448914
   2.86231313   7.55976636   0.25090401   5.4442668    3.9339384
   5.61529733   1.06237014   5.91672861   8.25552592   0.84052559
   9.31448914   2.86231313   7.55976636   0.25090401   5.4442668
   3.9339384    5.61529733   1.06237014   7.86289116   6.31949313
   5.21449802  -0.43165232   6.18131723   8.14038388   2.42894459
  10.16205175   6.52764503   7.21989053   5.678728    10.22282694
   2.75091339   7.12698167   2.34286262   8.93820574   7.88121573
   8.51103026   9.44659437  10.71597861   7.65649322   6.59604878]","[ 25.20074689  21.10547241  14.17564621  22.5203231   24.49878857
  25.32687229  23.53883765  27.64499428  28.09387493  22.96101494
  24.10504741  24.23034817  28.29784892  22.24461415  18.61359002
  31.16375092  24.73270135  25.10544097  23.17177752  25.45581247
  22.87124331  28.19354339  24.88214107  25.99118405  26.38440487
  25.83532729  21.0089479   24.42869572  29.91392648  20.24435216
  24.82082605  23.55134797  22.96877567  35.02764504  25.60011737
  25.34635699  27.59843134  18.13100457  23.69253374  22.60925332
  20.37126008  19.08044403  23.42510537  24.27013402  21.10547241
  14.17564621  22.5203231   24.49878857  25.32687229  23.53883765
  27.64499428  28.09387493  22.96101494  24.10504741  27.06048096
  26.38440487  25.83532729  21.0089479   24.42869572  29.91392648
  20.24435216  24.82082605  23.55134797  22.96877567  28.67952145
  20.48661766  27.45825585  26.23778979  20.67836191  25.58103842
  23.99943659  24.73517882  27.51332357  30.04916059  30.23328686
  24.15651413  21.92344665  30.37939316  16.18378514  23.06803376
  22.55149361  23.49204326  23.38763735  27.54019307  21.17208011
  25.60223163  22.0081232   21.27403934  24.88190855  29.06094828
  25.39619435  26.50305986  33.01319033  21.27458861  18.72948607
  30.65663055  17.24932754  20.27826872  23.69856758  21.60727843]","[ 19.03825551  16.84927439  20.10422838  22.00226355  23.35511967
  23.1337792   17.62085895  22.12453526  20.92170848  18.32609356
  19.45958108  17.15123761  27.37673729  21.71803998  18.80682496
  20.78191133  21.06047409  22.56411575  18.69663027  20.47455527
  21.32130879  19.79648103  22.08051814  17.76333311  20.69159981
  18.58367765  18.56716378  24.35973402  19.91044407  17.64984982
  22.74906423  18.78108981  17.11026462  24.32814106  22.80593945
  18.04625365  22.8405842   25.19245065  23.97019133  18.5645018
  18.74632832  21.87801415  23.51644837  22.8977938   21.00709103
  23.74289501  17.99783799  21.44370779  19.26002221  15.95657744
  22.89611685  12.96145656  17.35855995  22.86290827  18.76693736
  22.82565022  19.45599126  19.43897001  22.43154984  21.13169863
  21.89927846  21.23421033  23.35620472  21.25502915  25.72998338
  21.67859582  21.91978737  23.3337853   20.71629464  18.92192584
  23.12725244  18.87170059  20.0247537   18.41746454  22.00440109
  20.31432716  18.80682496  20.78191133  21.06047409  22.56411575
  18.69663027  20.47455527  21.32130879  18.24325406  19.97493762
  18.82406702  21.99915225  17.76333311  20.69159981  18.58367765
  18.56716378  24.35973402  19.91044407  17.64984982  22.74906423
  18.78108981  22.7226258   20.77397593  26.99403539  25.33203477]","[ 14.08292418  15.02278262  12.08088523  14.42601604  12.93687582
   4.93176298  10.09700414  17.39398535  17.36468288  10.71971629
  14.05980458   6.72414003  19.3600791   16.56684222   0.96495553
  15.85197947  11.40720685  15.73927519   8.5126562    9.82277634
  13.18145101  15.02278262  12.08088523  14.42601604  12.93687582
   4.93176298  10.09700414  17.39398535  17.36468288  10.71971629
   7.78319931   7.42122703   6.72733305  10.73258957   7.68587353
  16.71555999  15.61040422   6.36443629  13.93608635  16.74301964
  17.90743596   9.2929175   15.4558519   11.94442689   4.78972817
   7.65725194  12.95839732  12.9880238   13.36726439  15.95727095
   3.01201085  10.67957038   6.72733305  10.73258957  14.76929222
  17.01460931  10.6367249   16.05813806  14.71426886   5.19189691
  14.79901479   5.10779073  14.6559827   11.98252646  15.83769913
  14.79901479   5.10779073  14.6559827   11.98252646  15.83769913
  14.29235244  11.06446191  19.22849771   5.0368452   10.71406163
  14.56239399   4.9949037   15.04583203   5.5541036    4.48780613
  18.91557299   5.96507162  17.50189422   8.35468712  11.18754376
  13.19634109   6.82852559   9.32805982   9.80370338   7.30078238
  12.96933677   9.02270894  14.32106574  15.74913589  14.36515221
   5.92528064  13.732412    15.05622974  15.73927519   8.5126562 ]","[ 27.75555106  27.46787357  31.95134837  29.66032898  26.56824449
  26.03157079  24.44480303  31.70900067  28.26192052  38.88027729
  35.92362684  26.37029807  34.40376695  20.069983    26.64972349
  29.8205586   26.14976128  32.750047    21.40671116  30.49259319
  30.75935184  22.51155542  34.29738945  29.16142564  24.47586099
  25.14729798  30.00678731  26.16577677  23.99800946  31.51616285
  36.48056503  32.59905807  31.42160322  27.80408955  17.59688275
  25.90767945  30.04640886  29.06405324  25.29899773  18.0726541
  31.88223862  20.26722904  31.18339305  30.54558044  26.15958429
  21.60475744  25.09050477  26.00797566  30.86103407  32.74535789
  25.39535098  30.91801393  28.19572645  24.64301367  36.46328521
  28.37851306  25.22078261  24.59541831  26.37029807  34.40376695
  20.069983    26.64972349  29.8205586   26.14976128  32.750047
  21.40671116  29.66319629  19.94446517  30.47160338  26.2953719
  30.75321402  33.24119699  26.61953724  27.38489072  29.73895833
  27.78963626  30.54558044  32.51545483  29.11555873  27.56023278
  29.09373329  29.57134055  26.69718539  31.56839146  29.88630829
  27.52314742  30.41750354  25.71703579  30.27368826  29.78556145
  33.57636501  24.88939735  29.50597081  21.22889986  31.79145986
  21.79363637  29.16033162  33.86319634  25.09050477  26.00797566]","[ 22.59193155  23.68282538  22.96444367  18.01397806  19.44859111
  15.62883357  20.87428937  17.79514804  20.34759662  23.53267561
  20.22974556  15.56464263   7.07065679  25.74740993  24.62780119
  12.83924818  17.7983179   19.79969345  21.25908652  27.69153978
  25.07217659  16.81601038  26.09185691  16.18167037  18.76274758
  21.73568844  14.96028804  18.41346945  25.37510486  23.08117379
  21.33169189  22.16143041  19.79969345  21.25908652  27.69153978
  25.07217659  14.86070169  24.6487418   26.59842267  15.89551835
  13.61953429  24.71885603  23.69146502  24.57110699  20.82819256
  22.49616741  26.80335547  23.62860518  20.32670087  20.55435281
  24.28726388  16.72531653  25.05560438  15.06009309  23.53328925
  22.75355168  15.1574684   14.28368215  17.58134381  27.18157351
  16.44098875  20.62713376  21.99161653  17.36448176  23.29818228
  23.96416312  18.65923288  15.46406228  23.44584968  19.93238532
  23.96817486  21.67449073  22.98181429  18.50161342  18.95831293
  16.49953046  20.85856763  22.43344071  24.915257    16.31592265
  24.36765738  22.28534109  15.53934655  21.72576665  18.81198031
  19.86731939  22.72424661  22.7653372   17.97144818  20.68252044
  21.44921827  24.46741631  25.09487241  21.85812378  16.94332156
  21.84891312  12.30603192  21.15195736  19.44859111  15.62883357]","[ 10.96796982  16.20457733  10.86897213  12.48801226   8.49424137
   8.67015679  18.23844853  17.39324701  17.01662407  17.28771417
  17.47139974  16.88293184  17.59396464  15.25407159  10.02445874
  16.22883149  14.94559134  19.07284832  12.70305009  17.65869401
  13.53290678  13.87824808  13.61348264  12.67613313  17.15554492
  15.44651038  16.69667435  13.99576224  16.80761037   9.84022127
  14.29756448  16.71554336   9.89666575  17.15554492  15.44651038
  16.69667435  13.99576224  16.80761037   9.84022127  14.29756448
  16.71554336   9.89666575  15.42743303  13.90208094  10.5442666
  13.48056181  19.09151145  17.06605729  22.20684407  12.12901048
  11.77447187  18.44086799  11.31795466  16.81024836  10.71895373
  12.67613313  17.15554492  15.44651038  16.69667435  13.99576224
  16.80761037   9.84022127  14.29756448  16.71554336   9.89666575
  15.42743303   8.71808553  23.43916215  12.95023384  15.70911745
  17.45429114  17.27897475  12.18810357  16.03365078  15.23343856
  16.47334395  19.86302698   8.71808553  23.43916215  12.95023384
  15.70911745  17.45429114  17.27897475  12.18810357  16.03365078
  15.23343856  16.47334395  19.86302698  13.92339486  12.27179201
  21.1461532   16.11545794  11.45205235  17.34928922  11.44989592
  16.21610421  17.40841476  16.05096415  14.419751    16.67243632]","[ 22.07042913  19.31089277  23.02409934  28.44415465  21.37022703
  23.02206486  23.07169698  18.23769903  21.98270541  21.31440104
  21.70845634  19.67685441  24.1393451   20.65370873  20.70720938
  17.89553553  15.11129689  17.61936007  23.83678383  18.03992037
  16.61285002  18.5721228   14.72654012  16.46469742  24.42043751
  15.99115731  23.05004359  20.4902804   21.61249548  15.12260266
  28.45561262  24.83330551  27.07432455  11.1140526   26.32955256
  20.7884153   21.054698    21.74799401  26.69618595  19.19988507
  23.31035273  22.1046854   18.87153868  24.87132747  27.38993706
  14.77594917  23.77362646  26.36614111  20.44157197  29.8405041
  20.24975356  12.97699301  28.58575118  16.09737613  19.29385071
  20.3833701   21.32384989  16.66942464  18.76450998  23.43257097
  18.54083079  16.15475783  25.30804935  26.87651619  21.13515084
  24.78052032  13.81625458  22.66774445  25.93449897  16.93199062
  17.27713937  22.44985549  25.76084718  18.3251275   22.66446008
  23.38514416  18.91068749  23.96626623  18.91589527  24.78052032
  13.81625458  22.66774445  25.93449897  16.93199062  17.27713937
  22.44985549  25.76084718  18.5721228   14.72654012  16.46469742
  24.42043751  15.99115731  23.05004359  20.4902804   21.61249548
  15.12260266  28.45561262  25.95421841  29.51793922  19.98152566]","[ 13.79593692  22.86421147  17.99125678  19.33219983  15.02689346
  17.50095574  18.76483994  14.34380103  25.74017184  12.8975051
  21.0250278   24.99701212  22.72917427  15.28354392  12.44697301
  16.37394396  14.2617451   20.12527791  17.52399749  11.64164071
  20.53881324  19.02764181  13.0934277   17.4256073   19.8140418
  15.75541027  15.94934264  16.88149515  18.74175753  17.04827865
  10.91217503  14.51418784  20.43549441  18.95809525  20.8748029
  16.1587738    6.30310327  12.8669811   16.23282134  16.73338316
  20.23694891  14.26931409   9.11762265  19.58205341  18.11329556
  20.48177744  13.97238733  13.16551514  12.73159523  12.83033982
  24.99701212  22.72917427  15.28354392  12.44697301  16.35148286
   9.79201033  15.54666815  11.93416618  18.23973461  15.31672535
  12.7632452   15.72942982  14.39320482  10.70854023  22.32952081
  17.25929914  21.51360053  23.84381841  14.65675139  20.70581538
  10.5933959   11.67980013  11.25606013  10.98935539  14.22270876
  20.43549441  15.65911491  11.64433087  14.90179538  20.88507082
  16.55463654  18.34171027  11.55471549  22.02362729  11.32558776
  12.76420455  19.6910891   16.54132313  21.70505327  19.45284682
  15.23904348  21.69181731  19.91406246  11.69630876  26.11624992
  20.43114674  17.25929914  21.51360053  10.24635349  26.52673069]"
"[ 6.55083232 -1.63028719  1.61594024  8.88136671  0.24726029 -0.11271129
 -4.01307616  3.90806247  0.05798629  3.89642944  0.05798629  3.89642944
  9.667922   -4.67859484 -7.84519541  1.76194501  2.40521911  0.71741423
  4.68378174  3.46006933 -0.39106986  0.12238975  6.67718054  0.14610496
  8.31115278  6.55083232 -1.63028719  1.61594024  8.88136671  0.24726029
 -0.11271129 -4.01307616 -4.85893745  7.96615243  0.70416012  0.12238975
  6.67718054  0.14610496  8.31115278  6.55083232 -1.63028719  1.61594024
  8.88136671  0.24726029 -0.11271129 -4.01307616  3.90806247  0.05798629
  3.89642944  9.667922   -4.67859484 -7.84519541  1.76194501  2.40521911
  0.71741423  4.68378174  1.61594024  8.88136671  0.24726029 -0.11271129
 -4.01307616  3.90806247  0.05798629  3.89642944  9.667922   -4.67859484
 -7.84519541  4.88769212 -1.20917849 -0.15447044 -4.09187132  0.71842863
  1.24917221  3.54487708 -4.85893745  7.96615243  0.70416012  0.12238975
  6.67718054 -1.68751981 -0.12580572 -0.7623346   3.08219884  4.37796787
  4.26526508  6.8201261  -0.45155497 -7.99029393 -4.17695045  3.89642944
  9.667922   -4.67859484 -7.84519541  1.76194501  2.40521911  0.71741423
  4.68378174  3.46006933 -0.39106986  3.46006933]","[  5.5842335    3.50459607   9.79652671   3.35002151   9.61161978
   2.53551476   6.13871953   4.52797621   7.45545635   5.04766238
   7.82022711   5.18676493   4.86405982   7.73497758   6.59491481
  12.01123702   1.81227606   5.40513622   7.93184795  10.28516857
  -3.11808674  11.22802335   5.40513622   7.93184795  10.28516857
  -3.11808674  11.22802335   7.07996745   5.19588532   9.04071388
  11.1718489    7.70797967  13.78342822  11.25172045   9.50133793
   4.56487055   5.6421699    3.12911802  10.02043747   3.24432112
  15.39238371   6.84267265   8.18491378   7.3995085    5.47715389
   8.15124129   1.99584845   8.5383126    4.01848151   5.82127021
   0.77313822   7.91976127  18.19829224   2.54411204   7.49426135
   1.80605816   7.3995085    5.47715389   8.15124129   1.99584845
   8.5383126    4.01848151   5.82127021   0.77313822   7.91976127
  18.19829224   7.49426135   1.80605816   7.3995085    5.47715389
   8.15124129   1.99584845   8.5383126    4.01848151   5.82127021
   0.77313822   7.91976127   7.73497758   6.59491481  12.01123702
   1.81227606   5.40513622   7.93184795  10.28516857  -3.11808674
  11.22802335   7.07996745   5.19588532   9.04071388   9.70777817
   5.14849618   9.78909269  12.78747676  10.87633769   9.24894007
  -0.15082957   2.67287485   6.14205288   9.92130448  10.01853085]","[ 30.57918131  22.9853538   23.50975594  33.78075341  24.48896294
  26.76003935  19.86142865  21.71351213  26.69239824  22.33958243
  19.0261739   27.78995097  23.09911516  22.04096987  22.74705846
  23.55230482  26.13943671  23.3152623   22.37502182  25.37311377
  27.28068433  22.4738983   22.023947    20.6039304   26.11598331
  25.05294163  24.8723639   18.29951956  13.56417402  24.75571978
  28.17661272  21.7591447   24.37724929  21.88930611  25.52821208
  19.59390064  24.19329885  22.9738561   22.59644619  23.06205207
  24.59938194  19.2296387   23.92590008  32.48645436  21.13646957
  20.19667942  19.20329558  21.38975959  30.33686852  24.77722041
  22.35879996  19.30414342  27.00706077  20.42897121  19.1096662
  19.20329558  21.38975959  30.33686852  24.77722041  22.35879996
  19.30414342  27.00706077  20.42897121  19.1096662   28.25319902
  22.34839234  25.1660666   22.023947    20.6039304   26.11598331
  25.05294163  24.8723639   18.29951956  13.56417402  24.75571978
  28.17661272  21.7591447   29.77130161  19.09100439  22.33151036
  24.40717578  27.62851933  18.6170293   21.63116203  19.79293672
  28.6623006   23.57055612  20.61680836  29.21192361  28.13416906
  21.4315198   22.51933192  20.41305189  20.97595923  23.09055724
  28.65497737  25.89732159  15.90731667  22.04096987  22.74705846]","[ 23.8775852   25.97548542  20.14079371  23.75122024  22.6314707
  24.34914859  21.86328426  16.98297485  20.86887629  19.99057048
  19.75618129  24.2213714   21.43728427  26.08869739  22.54180321
  22.70056918  19.69759383  21.84404466  18.42580097  20.87544306
  23.94122259  21.22580131  25.72270318  21.80388648  21.66371729
  21.46158943  20.0227644   20.17104236  27.30922026  21.87921255
  28.31178954  16.09378708  23.68173056  24.18868935  22.65770752
  20.81022194  19.7344798   21.6150702   18.42212533  22.45854935
  21.56439327  20.52438816  24.05910523  17.91566641  22.22588537
  20.89227349  24.09885881  21.09873215  23.05147671  19.57462474
  23.40559814  23.13931895  25.9524868   19.93533384  21.94683299
  22.56222341  27.99787789  21.19659992  19.08442     21.73814354
  20.92605065  19.12376406  21.60726501  20.59557636  21.97423636
  24.1382795   23.51634184  21.86668334  25.36699704  18.3444929
  22.8742409   21.9492483   21.80943542  21.72604908  25.0601522
  22.38062819  21.59764172  21.88341556  22.22588537  20.89227349
  24.09885881  21.09873215  23.05147671  19.57462474  23.40559814
  23.13931895  25.9524868   18.3444929   22.8742409   21.9492483
  21.80943542  21.72604908  25.0601522   22.38062819  23.12552473
  20.51709477  23.15676439  22.86633968  24.37944102  22.97055885]","[ 15.69855258  16.73749833  12.16271692  20.82008824  17.14840077
   9.29043285  11.18335038  16.83467843  17.93289945  10.31337685
  10.26000001  15.75560426  14.59823424   9.26866738   7.3189468
  17.25024827  16.79662652  12.86416537  13.94174054   8.2300222
   9.7056154    9.76298587  14.28416302   9.79231667  18.52244154
   5.26702747   9.03785812  10.69210374  10.94549677   8.31710913
  10.99095784  22.41818257  11.37243757   8.21015192  13.62866283
  17.41625837  11.8204383   11.39994038  15.75560426  14.59823424
   9.26866738   7.3189468   17.25024827  11.19016145  13.69822145
   4.23003518  14.74699086  19.19430012  10.22091063  12.06166618
  17.25635056  14.09091499  22.14997321  10.157561    14.56967997
  13.63026303  14.56688978  11.71743422  11.3092221   16.89195324
  12.4638333   15.24587065  15.26576007  11.76707995  19.82700438
  10.26000001  16.61035273  16.25943062  14.52369922   9.5975485
  10.29373618  20.73134366  16.93834945  14.90784848  16.73867366
   8.36286896  16.2702429    9.04805629  14.56967997  13.63026303
  14.56688978  11.71743422  11.3092221   16.89195324  12.4638333
  15.24587065  15.26576007  15.41791298  17.22903961  18.31476691
  16.41830429   8.7368805   12.46477434  10.47722908  19.36269485
  17.92775546   9.78074837  19.53521045  17.25635056  14.09091499]","[ 30.64632735  29.26939112  29.22558675  32.92743464  27.87561778
  33.62806479  23.66044486  26.75758847  29.47825102  24.7958867
  32.49359526  30.52742691  27.34401511  30.07167177  28.40322221
  34.11762483  37.21078966  23.16549538  34.71579761  33.55221679
  33.10112001  26.73981062  31.18073422  27.52903046  30.0340681
  21.87453758  27.08260254  27.97656756  30.38900426  36.75410738
  26.95304822  35.2445417   24.85797748  30.73993248  26.32847911
  26.35745845  27.38834004  33.68397667  29.73869113  29.79877451
  25.79185325  27.19079706  29.10997977  33.79350051  24.85797748
  34.5962924   27.83839638  36.72331601  37.85294677  29.70654074
  30.98698958  25.9556938   33.50740377  31.87672394  32.03617569
  29.03443638  29.65164662  27.46906599  32.19679483  21.07465042
  27.91717181  32.93059687  36.19056581  25.11862809  31.40594454
  27.42205369  28.13669402  27.68316663  30.52742691  27.34401511
  30.07167177  28.40322221  34.11762483  37.21078966  23.16549538
  34.71579761  33.55221679  30.41210264  30.58885027  35.34925661
  29.03472017  31.24132218  29.81622667  20.89763539  28.2081523
  32.51052444  27.74682543  31.16536635  20.60815305  20.46912039
  30.73993248  26.32847911  26.35745845  27.38834004  33.68397667
  29.73869113  29.79877451  25.79185325  35.2761649   31.98080432]","[ 21.13160398  22.4469483   28.12228147  23.28596199  17.58301424
  19.35195577  23.70199624  13.21333408  23.30014247  27.71535202
  25.42089783  23.70280931  19.0410239   26.89165696  23.20030019
  12.38871509  24.26203699  21.13160398  22.4469483   28.12228147
  23.28596199  26.32745357  19.51833318  24.62718179  28.06668557
  28.39013693  21.56905769  22.70803765  24.4855804   20.90023106
  26.96556115  21.51592044  13.86517515  24.89076533  25.86719486
  15.65209549  23.6478164   22.40050918  27.93447505  25.3844969
  26.2781084   16.80569565  18.62033144  17.77079393  22.36276249
  19.75780141  23.94060312  14.37035106  18.98704864  26.63065914
  21.62830099  25.00300529  26.23698157  25.36067866  21.0540343
  24.60099134  20.80293785  16.27092628  21.55633524  30.28355148
  30.47780046  28.39956959  18.40866138  27.97128522  23.31929232
  27.61566677  28.10690865  21.12112469  20.16980235  27.67245633
  23.13050285  16.62312916  21.83744362  18.39116374  25.05140139
  24.77333253  21.93715707  17.57331478  19.20072938  22.26054587
  17.60887988  20.58773927  22.92166976  17.99809467  23.46748015
  19.65683234  17.35555256  22.92166976  17.99809467  23.46748015
  19.65683234  17.35555256  20.01286967  15.42016131  16.6147265
  23.55481652  22.69198869  21.51592044  24.13411517  20.10640726]","[ 12.50734341  15.53084608  10.72021501  13.38803174  17.39536788
  10.26747059  14.65483902  17.14012722  13.10911832  18.34490921
  13.905344    15.01962063   9.61677673  17.00087452  17.22012674
  16.01929015   9.15765856   9.4460167   16.04665726  18.92167117
  13.59039492  15.613002    13.22309238  13.24997798  13.79682754
   9.37657825  12.49620473  18.58716704  15.57023865  15.43914584
  14.46782211  15.34738772  13.22139332  16.61452632  14.48304831
  16.89964375   8.1869903    7.34638716  15.61295866   5.53767342
  20.82168571  13.17824003  17.29965368  14.48304831  16.89964375
   8.1869903    7.34638716  15.61295866   5.53767342  20.82168571
  13.17824003  17.29965368  17.54015891  16.70854072  13.22309238
  13.24997798  13.79682754   9.37657825  12.49620473  18.58716704
  15.57023865  15.43914584  14.46782211  15.34738772  15.18262411
  15.16038522  13.0880635   10.21432509  10.44521703  18.60507186
  15.28913374  11.16893586  16.09534138  19.52872725  11.83039068
  12.94684773  17.54717452  14.44986412  16.55427243  16.81022414
  11.81969306  12.89990002  15.99621641  16.8551634   14.7809727
  11.93446704  16.28222025  15.8884698   14.11498025   6.07105771
  12.35710525   9.74285501   9.88971564  11.31480904   9.93840578
  14.50877595  15.13842528   8.63577187  16.61452632  14.48304831]","[ 24.4695134   27.28797391  20.12271873  25.8254454   25.14260201
  23.10563231  13.63900591  17.89424607  19.69791054  27.41450984
  26.12387556  23.60509194  22.98233255  28.75073572  23.2962749
  22.18843498  21.11709222  18.04270511  22.73377011  27.53517857
  29.94141587  22.68641339  17.183969    22.23490457  20.97951638
  23.7468693   22.56433522  25.76649448  21.5764919   18.28228156
  24.70972081  23.95524076  27.52561057  19.64805312  18.71071376
  26.73291124  21.8792261   16.68080091  17.90684554  29.67673635
  21.85188412  31.15232569  26.16659874  22.14508174  24.36143404
  25.08053849  25.34990863  17.15967467  32.83417916  29.1544069
  21.08276841  26.84806431  26.88706458  19.18647861  22.77657872
  27.51429862  23.28943629  20.07580497  25.35083285  20.7211331
  27.93810779  25.52644794  18.80122277  19.55956109  32.17269096
  27.58493929  25.14260201  23.10563231  13.63900591  17.89424607
  19.69791054  27.41450984  26.12387556  17.91123878  26.19900446
  22.3508451   23.11115958  27.62167224  20.13459643  19.64805312
  18.71071376  26.73291124  21.8792261   16.68080091  17.90684554
  29.67673635  21.85188412  31.15232569  17.41560621  19.06077833
  26.3002976   17.77600738  26.93981733  24.37276274  24.00178778
  23.04531142  30.54960394  23.40924808  24.4303529   24.11745586]","[ 19.03716893  25.69550888  22.09672254  15.87573649   7.7150946
  21.5990763   21.80427249  21.01168978  24.61750129  21.79857292
  14.36237333   8.41426745  17.99507631  16.83741846  23.51628886
  24.05282242  18.03197586  20.16637525  21.52432865  21.20950538
  21.80667743  15.29764515  15.67375488  21.31033897  18.34771418
  26.55953266  13.90844422  22.09128232  16.26533767  21.39350301
  20.56576595  11.57777433  22.43143778  23.62293073  22.00164007
  23.1830231   16.29087068  20.16657837  15.65559374  19.06246916
  25.1191676   21.85762047  21.07994112  25.64896864  16.98451181
  17.66899184  16.98012576  20.17969142  13.05003221  22.29152817
  18.89262386  16.32769223  18.88927493  24.16837701   9.43453     25.26505757
  19.31846701  33.84240466  14.0771565   23.34286057  24.85465144
  20.86174113  10.75141579  16.61942569  22.61812256  21.12396448
  21.36850144  15.98345847  20.50712707  16.4806893   25.00313429
  18.67308964  20.31938042  11.11882361  17.13277184  24.70857902
  20.32129672  25.1191676   21.85762047  21.07994112  25.64896864
  23.99039903  19.44513665  28.26821339  22.85280597  16.89865238
  18.90858821  26.70726355  16.81587546  20.07949385  21.38657393
  22.5562988   23.36499246  19.61479667   5.08915185  19.36313743
  19.03716893  25.69550888  12.44291799  19.25634691]"
"[ -0.01913992   4.20474839   5.87601529   5.24259065  10.22931292
  -1.48585409   1.4671556   -1.84884585   1.4713734    1.95094056
  -5.20992204   2.68279746  -0.67977408   1.756378    -1.32400049
   7.02672101   2.94180183   1.72358842  -0.67683932  -2.86664784
   7.65882638  -1.89447783  -4.12185892  -8.64148194   8.40367435
   4.05924169   5.8884313    0.72541645   7.09943597   7.19929737
   0.41073773   3.26228168   4.56098679   5.87601529   5.24259065
  10.22931292  -1.48585409   1.4671556   -1.84884585   1.4713734
   1.95094056  -5.20992204  -4.05985708   3.15748536   5.87601529
   5.24259065  10.22931292  -1.48585409   1.4671556   -1.84884585
   1.4713734    1.95094056  -5.20992204  -4.05985708   3.15748536
   4.05924169   5.8884313    0.72541645   7.09943597   7.19929737
   0.41073773   3.26228168   4.56098679  -0.01913992   4.20474839
   5.87601529   1.91827569   1.2535598    0.0415559   -2.46955309
   2.61858059  -2.03665416   3.91166505   1.10935164  -4.12185892
  -8.64148194   8.40367435   0.72541645   7.09943597   7.19929737
   0.41073773   3.26228168   4.56098679  -0.01913992   4.20474839
   5.87601529   5.24259065  -2.03665416   3.91166505   1.10935164
  -4.12185892  -8.64148194   8.40367435   4.05924169   5.8884313
   0.72541645   7.09943597   7.19929737  -5.20992204  -4.05985708]","[  8.57754214   7.05482907  10.08505084   0.1542132    5.58740494
   8.2957169    8.77321972   6.44675646  12.3534952    2.48099477
   8.35082071   6.44675646  12.3534952    2.48099477   8.35082071
   7.97290708  14.29369225   4.99586381   9.51306098  13.05638908
   6.47088426   7.39890469   6.8723554    8.83344103  11.51929649
   8.1664849    7.90679646   5.58678925   6.13670656  10.54161779
   3.94186045   4.97714704   7.56833361   7.75631604   7.56035717
   4.13858002   9.55906162   2.85570806   9.25447035   7.03160317
   9.78457612   0.23169035  10.05826345   6.43273207   9.12950791
   7.92155541   8.60356274   5.14049156   6.0633312    2.29364057
   9.04392907  10.92437614   7.98897627  11.38313564   7.56035717
   4.13858002   9.55906162   2.85570806   9.25447035   7.03160317
   9.78457612   0.23169035  10.05826345   8.49027559   4.98839412
   8.8617734    1.07782856   6.45790781   5.55640107  11.53211378
   3.41915613   8.8445056    7.95896106  11.73916813   1.43547784
  10.74817008  15.65458318   4.13858002   9.55906162   2.85570806
   9.25447035   7.03160317   9.78457612   0.23169035  10.05826345
   8.49027559   4.98839412   8.8617734    5.58740494   8.2957169
   8.77321972   6.44675646  12.3534952    2.48099477   8.35082071
   7.97290708  14.29369225   4.99586381   9.51306098   6.28481616]","[ 30.13954206  35.31034365  26.2845677   29.05343356  22.86849318
  22.32341992  28.9363632   27.50797169  26.60329964  22.31785244
  28.18589659  25.78592624  31.40224886  29.19710618  19.79922172
  33.25736493  27.40464615  22.23580913  23.56903199  22.54970797
  28.82697333  22.69052002  26.80396669  27.77456033  27.27617296
  23.44251638  28.93138648  23.65198732  19.69729862  24.87172402
  24.14025046  25.26492591  29.84665269  26.04881291  29.19710618
  19.79922172  33.25736493  27.40464615  22.23580913  23.56903199
  22.54970797  28.82697333  22.69052002  26.80396669  20.51191923
  26.56774314  31.18139639  24.1152134   21.70704953  25.12929746
  23.36716922  24.60925086  24.79559182  31.44670027  28.77704918
  25.5619271   29.61003563  24.44119524  22.6991631   15.02375922
  26.64750958  27.32306238  24.84835045  24.63500787  27.42301879
  21.43104566  19.48442075  24.1152134   21.70704953  25.12929746
  23.36716922  24.60925086  24.79559182  31.44670027  28.77704918
  25.5619271   27.29677707  18.88960235  22.63427865  19.48923659
  30.57470583  29.61003563  24.44119524  22.6991631   15.02375922
  26.64750958  27.32306238  24.84835045  24.63500787  33.67246414
  24.56253997  27.0834088   24.1175214   27.20618053  27.8155507
  19.49366227  25.38689206  21.5871874   27.84575091  25.34537572]","[ 22.11655485  18.56336174  19.95369711  22.57184998  20.72165808
  19.3567331   19.11274903  25.73559111  22.02317403  18.08506595
  20.67938395  22.5772986   20.54483598  22.3418117   22.86341755
  19.89627027  22.90100987  18.29425426  19.63018332  22.20668186
  21.38549394  23.83864427  18.02780418  17.30824799  20.73309714
  24.23328009  21.78770042  20.20825889  19.06467703  20.95246941
  18.03441696  20.70838684  21.33246804  24.71404002  22.32866175
  16.52472345  23.92497548  22.20769274  21.0664346   18.98685086
  24.74119203  18.29645704  21.28779955  21.21038614  23.94917375
  22.26290118  17.88097207  18.14060252  22.03883739  19.00090904
  25.22084867  23.81669606  19.42781898  18.43562532  24.71404002
  22.32866175  16.52472345  23.92497548  22.20769274  21.0664346
  18.98685086  24.74119203  18.29645704  21.28779955  21.47291562
  24.33194502  18.37017458  18.34516377  17.64960606  24.20996766
  19.77757679  23.46872031  23.67815891  19.16716598  23.3586753
  24.65023667  19.98726124  13.81310052  20.91075153  22.5807465
  17.00132532  21.43457425  18.33025565  19.43864398  19.9805303
  18.14046797  19.35272769  24.20996766  19.77757679  23.46872031
  23.67815891  19.16716598  23.3586753   24.65023667  18.60308994
  17.62812266  17.44742592  21.05897263  24.79677552  19.8824802 ]","[  9.99467808   9.24078263   9.33760291  12.11807051  12.56429675
   9.75487921  16.76890865   4.8174731   10.22137564   9.53445825
  18.63615414  16.76484161   2.47617332   5.65936803  16.75981073
  14.89518423   9.98789847  19.1834439   13.77176754   7.27764791
  16.49570709   9.86441444  16.37156924  11.43775363  10.91748667
  22.79789116  22.02155416  13.37156962  16.7448276   10.72123622
  14.69090715  18.54957859   6.85632516   8.16340021  10.17349813
  13.17405863  17.4882153   16.76484161   2.47617332   5.65936803
  16.75981073  14.89518423   9.98789847  19.03088326   8.02815305
  12.69319535  21.51598347  19.92042922  17.11813601  25.50510615
  11.03636227  17.34518949  10.39040595   9.99467808  14.78276781
  10.15073563  17.21689659   8.8996999    6.3903119   13.46240241
  11.35774336  16.04091523  14.42149095  12.33535722  13.06317524
  14.75678883   2.71104769  18.88112702  13.85185122  10.70662982
   7.90608284  14.70749432  10.69938346   9.86441444  16.37156924
  11.43775363  10.0720886   14.97691072  16.59606324  14.43229721
  15.39641229  17.91106089  15.54271892  12.73081513  14.35236434
  10.37538644   4.43191563  16.59606324  14.43229721  15.39641229
  17.91106089  15.54271892  12.73081513  14.35236434  10.37538644
   4.43191563  11.34217751  16.30408603  11.97426292  13.35410914]","[ 18.44716621  31.37833721  30.6908898   27.35418039  32.85691305
  26.79312128  32.62796574  27.33277733  23.5897098   28.57172747
  33.58801772  19.57900674  29.57973929  27.80296347  17.90945878
  34.89523876  29.90485839  28.0156195   28.98710764  18.44256043
  34.83143197  34.71936207  25.16687715  22.40336048  29.19699327
  33.10769911  19.51357203  28.09698483  25.26216765  27.51663266
  29.09778587  24.98784239  33.03025149  26.70954515  29.86067301
  23.24864752  27.29194682  27.18723427  30.89239501  33.43099269
  30.67170646  27.50243986  23.85009454  21.77677798  28.07307087
  26.15155717  22.10869184  23.02340479  31.59557282  26.97969872
  33.35893247  26.52676578  33.68582678  24.1206929   29.8576663
  32.85691305  26.79312128  32.62796574  27.33277733  23.5897098
  28.57172747  33.58801772  28.22415482  26.19908407  32.84658937
  39.05865694  30.0234529   18.95328331  28.21038676  28.96855883
  33.75234364  31.89782952  30.71584149  27.97321877  26.74887396
  27.39816763  17.67621252  27.53333369  22.79799258  30.79987611
  24.75034474  30.39420058  29.93974713  30.40915328  27.19297977
  24.306764    28.08224724  30.47224292  29.22889378  28.01792659
  23.70506167  29.62263114  27.45384417  26.96133975  24.00162204
  27.42177571  31.72298259  32.385928    25.96376437  24.82055428]","[ 21.41819408  20.2957521   17.97891739  19.10010407  25.77005227
  25.74944426  23.58173924  26.57676568  22.56771305  20.001907
  28.30102736  26.70799888  15.7344804   24.09855745  22.66257468
  23.96779701  23.71578962  26.34831384  15.98342616  24.29915692
  27.36249169  19.91164399  24.8445083   22.51389278  23.45088626
  24.30155282  27.06215178  17.7212515   21.4318704   16.59637772
  21.78581274  23.39696321  19.29847671  19.91164399  16.80132406
  27.69566875  26.15069652  12.41057905  24.42004551  21.90102156
  16.89419177  26.77104212  23.51968438  16.51327768  22.60289757
  26.04133207  24.99371438  24.89450718  18.64830841  21.0413242
  24.38705929  14.8290304   21.38881487  15.90881425  18.9296042
  22.99130939  17.36774961  19.27284553  24.27458905  25.46870928
  26.85539416  19.10348089  22.63093085  15.40854404  25.86078253
  23.09701812  21.72828795  26.48609085  15.95708206  24.7190099
  25.98592612  18.20828431  26.38434753  24.6671933   21.72262209
  22.9255233   21.15844595  22.20897506  11.5049949   21.95940875
  24.62063404  17.16738304  26.54276223  21.72828795  26.48609085
  15.95708206  24.7190099   25.98592612  26.86736254  23.26937082
  23.75769113  26.51210739  18.88971936  21.24128772  17.00044856
  18.4388033   17.97839211  23.09108237  20.75959612  22.67570131]","[ 13.63396687  17.64068531  13.21086011  16.32565695  16.4925323
   8.94394876  14.29088592  13.74954322  13.63318988  18.29463204
  14.058988    14.20926361  17.73819725  15.59244939  15.26943936
  21.15266702  14.33210064  10.65776945  11.19989494  18.90500972
  16.08455735  14.19545019  17.7735768   13.20505649  16.53664508
   6.88815131   9.03629157  14.15791781  14.62353397  16.79185294
  13.46525749  12.81311695  17.7735768   13.20505649  16.53664508
   6.88815131   9.03629157  14.15791781  14.62353397  16.79185294
  13.46525749  12.81311695  17.74583872  18.04061285  17.73819725
  15.59244939  15.26943936  21.15266702  14.33210064  10.65776945
  11.19989494  18.90500972  16.08455735  12.75954302  19.14337258
  15.59244939  15.26943936  21.15266702  14.33210064  10.65776945
  11.19989494  18.90500972  16.08455735  12.75954302  19.14337258
  14.51692513  14.1086133   23.48530599  14.05561637  13.38340277
  13.92802136  11.18405062  14.85692512  14.65760983  15.32212101
  13.1607039   13.13920073  17.27285475  23.19568018  18.9141034
  10.90291284  12.41416265  10.88031699  13.57277884  14.26216578
  19.78594837  11.64958491  16.00438      7.13587093  13.33321404
  14.03394022  15.83869     16.11912278  14.56775775  13.54018274
  16.54666674  12.71755054  15.23156074  12.79699135  14.55906412]","[ 25.47019197  17.70105144  24.4722147   23.27669837  24.44643322
  19.27174891  16.52238906  22.04429851  26.52248297  30.27109707
  26.34508051  18.70638757  20.95176414  19.49606684  21.0107856
  21.11760251  20.86252918  26.72140812  17.45083469  26.94836861
  27.94316032  19.64475919  22.51081037  18.35488116  28.92413343
  27.65766739  23.03430465  23.48308585  23.31741726  21.11996461
  29.46049805  32.98447587  28.23238468  15.27660348  25.31776938
  22.44197943  20.75928533  27.03665797  17.9745662   21.88484816
  28.53153728  26.51742874  21.32490782  21.88168156  19.86656413
  20.78322614  24.37750377  18.70638757  20.95176414  19.49606684
  21.0107856   21.11760251  20.86252918  26.72140812  17.45083469
  21.08702008  23.01956203  22.21890317  27.97809143  17.40183669
  27.44650528  25.02317245  24.20819289  25.54746015  25.27806939
  20.94484963  24.4722147   23.27669837  24.44643322  19.27174891
  16.52238906  22.04429851  26.52248297  30.27109707  26.34508051
  24.7165185   25.3467217   16.54446604  24.99353401  18.43416964
  18.95941901  22.35388369  26.2415633   22.75017669  24.07334797
  25.5896938   18.16592256  21.2493839   18.34862742  31.80713863
  26.03190266  22.4700963   25.02862821  27.81846319  24.54382545
  19.65931701  24.07134544  15.87939208  30.10467908  18.35116012]","[ 25.3010013   23.57343367  20.38683452  26.99804636  21.21051772
  22.89685568  22.53378691  16.29576657  17.02696994  13.02057743
  17.02696994  13.02057743  19.95166767  21.06751895  22.70585875
  21.34427412  18.88632936  18.95834445  17.22326584  18.06505781
  22.91420861  17.46161973  26.08505831  23.56167415  23.87433039
  24.86460108  17.26749787  24.62446572  21.45705859  20.83798866
  16.11874302  18.60877828  14.41197275  20.58932645  17.79847049
  22.66409307  23.06168101  23.97632376  17.06579788  20.80197837
  23.5160295   20.07020116  25.60677859  23.28766515  17.3113925
  22.98213296  23.07444359  17.86806067  22.19122572  18.34831246
  32.41805129  17.46161973  26.08505831  23.56167415  19.39362674
  23.48094017  23.24573463  12.92138458  22.45622108  23.96827488
  23.30144994  19.35039875  17.12764099  17.9062158   23.99057537
  24.30517696  18.38288673  20.00971486  19.71821299  23.2335804
  23.74897591  22.14388718  24.35102084  23.28914321  22.23268871
  22.3650111   23.30125248  19.88068304  21.073923    19.11687154
  18.22093206  15.32898961  15.6307823   18.42748293  21.40864575
  19.37110194  17.61739641  18.10683524  24.20971813  16.04304471
  19.91065297  18.55006862  20.91338531  16.83964946  21.59474303
  14.77894159  18.21356256  18.28681463  19.99430484  21.69505761]"
"[-3.31187102 -5.66070489 -3.46142257  5.06842275 -3.88812056  2.58708998
  1.27766585  6.70023494  1.86381086  2.63145774 -5.45382708 -3.46142257
  5.06842275 -3.88812056  2.58708998  1.27766585  6.70023494  1.86381086
  2.63145774 -5.45382708  2.05930609  2.58663653  5.31590494 -1.74379381
 -0.21552674 -1.89789502  4.22788273  1.87327214  4.56255776 -4.10491858
  6.76375105  0.82257529 -3.46142257  5.06842275 -3.88812056  2.58708998
  1.27766585  6.70023494  1.86381086  2.63145774 -5.45382708  2.05930609
  2.58663653  0.90502267  1.12421355  5.93544827  5.17543949 -2.62753857
  3.2281986   3.6949525   3.18617554  0.64493697  1.5729377   5.21362686
 -5.45382708  2.05930609  2.58663653  0.60318043 -5.72017555  5.07513527
  6.26893686 -1.84957596 -3.32766011 -3.84817723  2.63552728 -1.65576968
 -3.61518477 -4.84189339  1.97030923  4.69291062 -3.23302438 -4.17136962
 -3.31187102 -5.66070489 -3.46142257  5.06842275 -3.17821783 -2.78749894
 -2.97250248 -2.19120457 -1.65576968 -3.61518477 -4.84189339  1.97030923
  4.69291062 -3.23302438 -2.78749894 -2.97250248 -2.19120457 -1.65576968
 -3.61518477 -4.84189339  1.97030923  4.69291062 -3.23302438 -4.17136962
 -3.31187102  0.64493697  1.5729377   5.21362686]","[  8.35548035   2.44972596   5.3515598    5.08610385   4.72760622
   7.46118567   6.65635123  14.34838146   9.56509234  11.06955709
   7.13478481  11.9115681   10.77227518   4.24291379   6.71131827
  12.27529271   7.45082224   2.71202556   6.58547453   9.73008176
  12.35874204   1.65813722   7.87818251   9.41355048   6.22732031
   5.7318897   12.72669924  13.95340569   8.23197636   8.79042351
   7.61059236   5.9797824    9.02519527  10.77227518   4.24291379
   6.71131827  12.27529271   7.45082224   2.71202556   6.58547453
   9.73008176  12.35874204   1.65813722   8.20932198   7.87818251
   9.41355048   6.22732031   5.7318897   12.72669924  13.95340569
   8.23197636   8.79042351   7.61059236   5.9797824    9.02519527
   8.62263861   7.01998162   1.33622067  10.1547088    6.25833025
   9.80729723  11.73824697  10.1741802   11.32183741   9.04599568
   1.06195985   4.94300541  11.63402016   2.58374339   7.87818251
   9.41355048   6.22732031   5.7318897   12.72669924  13.95340569
   8.23197636   3.18668503   5.25736126  10.38896341   5.97105309
   3.15349902   7.15804606  11.65856425   5.81231183   6.43454805
   9.50287608  12.25083511   9.8957715    8.68015251  11.97915269
   4.14521294  11.9115681   10.77227518   4.24291379   6.71131827
  12.27529271   7.45082224   2.71202556   6.71471402   8.65938171]","[ 31.42632145  24.04525741  21.15012123  26.66198367  33.62580226
  30.66068933  22.18903296  31.17938415  32.25928111  26.55902479
  25.52873617  29.6200856   23.20295186  35.13752684  25.00162102
  28.022393    22.18634176  31.76573638  28.07587937  24.30764826
  31.59010476  32.50260505  23.20295186  35.13752684  25.00162102
  28.022393    22.18634176  31.76573638  28.07587937  24.30764826
  31.59010476  32.50260505  23.31362259  31.52950759  32.95568099
  24.23668825  27.96856531  28.30443974  31.45054388  24.98420452
  29.98416674  31.91090418  23.24828246  30.47563467  25.87359396
  28.33876969  27.83825524  27.76695027  28.34636761  22.69081941
  26.04725939  27.25335838  24.76620799  22.62848647  26.1611316
  25.11869469  26.46562216  34.07510559  24.20185865  22.50982837
  28.90551708  23.9957818   20.5924189   27.20146084  29.01984253
  24.96495915  28.46362482  21.89535438  22.36551526  21.93788852
  23.51673187  26.78355615  25.81688449  27.76882149  27.82405555
  24.31237597  27.20453499  32.09915255  28.86018447  28.04978809
  33.28324192  29.45090643  31.99360461  30.05022228  27.29118854
  31.0703694   19.27793865  34.07510559  24.20185865  22.50982837
  28.90551708  23.9957818   20.5924189   27.20146084  29.01984253
  26.90873203  23.01225082  22.93716004  23.82960765  28.75062274]","[ 21.69767568  19.19328283  19.15158376  21.41072039  18.88674098
  26.83060195  23.94530328  20.71084448  21.31965485  23.9136855
  21.99437875  18.01730529  19.38590599  24.08362418  20.52037653
  23.76414589  19.66661908  19.73121589  16.80699068  21.06068133
  23.73383303  22.11903621  22.6289197   20.94893256  22.14199127
  20.88856757  19.97081456  18.305868    20.03483096  15.73141799
  20.32700201  18.56989628  21.16514123  19.39417133  16.95793873
  21.22343654  17.1862907   22.6289197   20.94893256  22.14199127
  20.88856757  19.97081456  18.305868    20.03483096  15.73141799
  17.66219301  24.81303396  23.98275604  17.73988657  14.17846038
  18.44211466  23.21064039  18.07848601  23.40021419  22.70008461
  20.22473807  23.26181761  17.66219301  24.81303396  23.98275604
  17.73988657  14.17846038  18.44211466  23.21064039  18.07848601
  23.40021419  22.70008461  19.26533963  18.40461191  18.05347138
  19.2734532   20.67813978  21.0727385   20.37486545  17.21910942
  19.14268748  22.23505452  20.74570663  18.49326586  23.50154593
  19.84701057  22.81437243  20.08722467  23.49253362  20.89112831
  18.61960407  19.4421798   19.01866234  19.85072047  20.02062968
  17.43879453  22.8818514   18.84839563  13.7036376   18.33917123
  20.8573248   14.59631853  19.2698183   17.87817071  22.91176594]","[ 17.45558623  16.43387149  16.73416577  19.10628701  10.77686209
   8.70555204  19.8683746   13.35021393   3.90291099  17.71487443
  17.37261921  19.49109877  26.29114033  13.65912273  12.06641969
  12.67022062  20.33474812  22.72439843  17.09945689   5.84638264
  15.6074407   26.31552097  12.57984897  21.59621557  17.19745953
   8.00918374  16.48408199  15.11656759  18.44083021  15.17160397
  10.15916054  16.17887379  10.24842634  12.19004276   8.01937182
  22.08209977  16.58601108   8.14018322  16.0829923   18.09965506
  16.30635798   5.11447165  17.96090475  17.71487443  17.37261921
  14.56042361  20.99288308  17.56918869  20.77698233  18.24172772
  13.32214269  13.18157389  20.04191145  16.77066296   4.01226543
  21.20186047  13.80954761  20.48149632  16.12247212   9.3144579
  14.64820734   9.94020289   7.45462783  21.44133361  19.77321355
  17.54790379   7.5656032   16.21637993  14.83283005   3.51674558
  13.16599131   9.83862886  26.49286265  12.57984897  21.59621557
  17.19745953  11.73330479  16.46519895   9.59011101  14.38339603
  21.1756163   15.38039697  10.83965142  10.11427711   6.79478774
  21.19275882  25.14714835  12.67022062  20.33474812  22.72439843
  17.09945689   5.84638264  15.6074407   26.31552097  18.50916136
  16.68220343  22.69990991  17.00202625   4.07754426  13.60052221]","[ 33.72435134  30.75590407  26.09153701  32.54151535  29.56411168
  29.27013274  27.52546958  35.84310821  31.55191313  31.34227711
  36.82335352  26.9813427   30.46673355  34.71759013  28.87413145
  28.79041057  32.09695596  28.78161718  30.42512916  28.5086387
  31.75332134  29.02839214  29.02839214  30.23280821  29.49901861
  34.44072102  37.89562667  24.54038616  30.05687542  23.76528701
  35.92995338  27.46337165  21.94699564  30.58524172  30.88420967
  30.18022996  30.51095709  33.39572194  32.36486162  23.12056159
  21.52796545  32.2466091   31.38605373  30.83998004  22.46345539
  29.65993131  27.73792616  32.15179854  24.93812151  21.55071299
  33.64248457  25.27020348  32.13512738  33.46505996  28.95565418
  32.54151535  29.56411168  29.27013274  27.52546958  35.84310821
  31.55191313  31.34227711  36.82335352  30.5110239   29.53373409
  24.74806909  26.56576744  17.99040283  24.3224716   38.37050261
  26.36721689  33.56887408  27.41111287  38.84136487  29.7879529
  21.22812217  32.16541086  36.87065784  32.42913416  26.18320062
  30.07242595  38.1738224   34.65130871  29.11312263  34.4163335
  30.60110382  24.88479105  31.95242913  25.31313305  33.42375519
  31.62620762  32.32859933  32.4040704   21.56650653  20.42423481
  31.54638425  26.96889607  19.26015584  32.81760493  24.74806909]","[ 16.77847892  23.01458939  20.63757057  22.78586179  16.98769001
  24.34696259  20.62226451  21.81532554  18.03266414  23.01833878
  22.58200087  11.05791386  25.79148658  19.61296488  16.51354599
  24.06678487  23.21826403  17.46245762  23.82286837  19.05364581
  17.52075457  21.26038363  21.68927165  14.22573328  22.79559306
  25.84680664  17.28578622  29.85598771  22.01688697  22.99368373
  18.90115697  16.18127929  23.60446694  24.58538433  19.81246708
  20.4831855   23.30613767  15.67068798  12.9220184   29.11928409
  24.54235421  22.85993422  27.22978181  22.06178622  25.81740378
  25.10841638  16.04541199  17.5302295   22.09786555  14.17141546
  20.64223308  22.69047126  18.08617344  18.98127694  12.86821719
  24.04615765  18.29634382  16.29610463  20.18738627  21.86000846
  24.88426285   8.50146535  21.18808082  22.89674946  18.98563676
  16.33530525  22.43989068  18.15222757  27.02725555  17.6665483
  27.37572924  19.50705078  22.90870812  21.70750341  24.3898827
  25.70478172  21.06368752  25.17818697  23.82286837  19.05364581
  17.52075457  21.26038363  21.68927165  14.69943503  24.81584859
  23.1144357   26.69424704  14.22573328  21.5536846   21.24619253
  22.93784101  19.85311888  24.11716594  20.62719964  14.02242022
  23.70609193  22.0455123   25.5401932   19.75211075  21.18808082]","[ 19.72883077  16.58896544  13.30096193  18.38596397  16.0648601
  10.91376243  17.17882485  22.77290304  16.31233892  20.07037925
  13.45054533  15.60141872  15.32296495  13.22969159  19.59530069
  16.89207202  15.8215724   15.2711589   15.1503532   10.83355503
  21.14641308  14.56224372  15.50665399  17.88704094  18.3232555
  13.98119944  18.22539388  21.481122    24.1843542   19.0538413
  14.62143182  16.84167608  11.36943784  15.52106103   6.99856997
  18.10662379  14.49841789   9.67139222  15.28720493  14.42233562
  16.9350132   15.02337571  14.83268474  14.51403988  15.50665399
  17.88704094  18.3232555   13.98119944  18.22539388  21.481122    24.1843542
  19.0538413   14.62143182  16.84167608  20.52635731  15.47172536
  15.3203334   13.6831027   16.81462142  16.89579723  20.91603843
  11.38895329  20.30598555  23.22703981  15.41547102  16.55556194
  12.99061535  13.77149562  11.21797095  20.227639    14.84326126
  16.07123107  13.82552568  16.95546179  17.05331026  15.04370277
  17.98090689  20.52635731  15.47172536  15.3203334   13.6831027
  16.81462142  16.89579723  20.91603843  11.38895329  20.30598555
  23.22703981  18.95756475  15.28454947  14.31766564  15.50665399
  17.88704094  18.3232555   13.98119944  18.22539388  21.481122    24.1843542
  19.0538413   11.30967458  10.73490092]","[ 21.48413248  18.28882308  16.90544443  19.82355598  26.11754444
  15.11986671  18.78146319  21.36475127  21.45673874  25.37077987
  19.36141977  24.4837058   17.06638621  21.39219857  14.05321281
  21.36229501  21.75456752  24.10040397  18.63243517  15.86711925
  23.16313778  18.56292716  23.59408098  24.39882379  24.4837058
  17.06638621  21.39219857  14.05321281  21.36229501  21.75456752
  24.10040397  18.63243517  15.86711925  17.65241914  19.15777912
  25.63141674  23.86331895  16.80457174  22.35551257  19.3743866
  19.23614262  25.2967229   16.14175114  23.47370091  19.82355598
  26.11754444  15.11986671  18.78146319  21.36475127  21.45673874
  25.37077987  19.36141977  21.42353508  21.3896445   22.57684015
  25.41804311  11.88285083  20.13161485  19.61450583  23.00449731
  23.44711297  16.90104913  21.95327366  19.47767627   7.69199009
  18.31292403  17.75412091  20.07145277  12.71262571  23.62711426
  19.0156835   23.92435667  24.25489147  21.2313388   21.2776648
  22.55314885  24.73508239  11.48490468  23.77940592  16.55140865
  14.12249481  21.20880905  18.98231661  25.60961993  24.29749955
  15.68380507  24.20174607  25.41574748  26.9915817   17.99040394
  24.34283467  26.58376189  18.04407001  27.94915351  22.88273535
  18.56693585  17.1977507   25.36825518  22.32489443  17.86443865]","[ 26.01472028  25.25688426  26.53076961  24.02664788  19.83091098
  30.00383081  29.44401886  25.2316171   25.72496345  31.62734577
  21.87722959  24.32619479  20.90729341  22.79972641  26.39129372
  25.02241502  27.39521685  28.44531612  22.91881868  18.09529052
  25.73512367  26.84618947  32.23548016  23.95125678  29.69501761
  32.9335532   27.01259257  27.81659679  23.98360444  30.36050344
  29.19226894  20.73251342  32.2038809   26.28442266  21.33575289
  21.69913184  26.43999102  28.37272022  25.41423975  28.91741405
  26.04198908  18.88455497  33.13804263  22.45519005  23.01772259
  27.05808011  24.81995623  29.21542899  24.59175176  25.14883722
  29.42795754  27.98426002  22.26661479  28.02526576  25.97847232
  24.70448982  26.97567846  31.71877456  25.17788943  20.64982858
  29.44193755  26.75437419  12.92974943  25.56889707  27.34899118
  18.88455497  33.13804263  26.48004866  31.94983177  20.36306907
  25.1390348   30.30129974  28.74587886  30.96452686  27.68472771
  29.20357911  29.74443752  22.90269396  26.33018028  31.92289628
  25.81253048  24.6374006   29.96706437  11.86679442  22.46521237
  28.85165491  23.44110684  27.13666139  27.14147083  24.36236309
  23.94624645  20.65288737  26.53762052  22.80470538  21.79043647
  26.02177758  26.79041354  23.29299495  22.26661479  28.02526576]"
"[ 5.01269871 -2.32728506 -6.80069685 -2.15656189 -2.76175354 -1.92467033
  1.67370478 -2.8684044  -4.59890671  2.82696198  5.27357466  3.47008555
  3.36622862  0.70419237 -3.13807806  1.9935064   9.17440238 -2.59087642
  1.19780055 -3.04419395  5.84198316  6.29874936 -3.04419395  5.84198316
  6.29874936  5.21004539 -1.69034482 -3.68071757 -6.93876087  5.74829225
 -0.70605287 -4.17707742 -4.77351949  6.29874936  5.21004539 -1.69034482
 -3.68071757 -6.93876087  5.74829225 -0.70605287 -4.17707742 -4.77351949
 -1.67169241  4.54881931 -2.59630787 -3.33737042  3.36331344  1.69501697
  3.47008555  3.36622862  0.70419237 -3.13807806  1.9935064   9.17440238
 -2.59087642 -4.77351949 -1.67169241  4.54881931  4.21628246 -0.59693114
 -2.62936497  6.75217849  2.86087502 -4.50428378  8.44694367 -0.18399648
  2.93897258  3.3749983  -0.68170185  1.45430622  2.08760734  2.19836772
 -5.24363612  0.69202854  4.95297732  0.88684892 -2.59630787  4.95297732
  0.88684892 -2.59630787 -3.33737042  3.36331344  1.69501697  3.47008555
  3.36622862  0.70419237 -3.13807806  1.9935064   5.21004539 -1.69034482
 -3.68071757 -6.93876087  5.74829225 -0.70605287 -4.17707742 -4.77351949
 -1.67169241  4.54881931  4.21628246  1.69501697]","[  4.76336927  11.07479905   4.66015994   8.1824524    8.44540694
   5.5062194    9.64476331  13.35698723   9.92399094   5.8041482
  12.64380091   6.14444239   9.74579432   7.07877785  13.65507123
   6.87948501  13.08924931   6.05241296  16.18682824   5.91826601
   5.03695398   9.05681789  11.63583867   4.60435803   9.27977044
  10.06136057   5.92084025  10.74767907   9.28789056   6.02741575
   2.5792988    9.52763887   7.14875994   9.74579432   7.07877785
  13.65507123   6.87948501  13.08924931   6.05241296  16.18682824
   5.91826601   5.03695398   9.05681789  11.43057731   7.20827454
   9.87554828   4.49394973   6.12157024   6.49662049   6.14444239
   9.74579432   7.07877785  13.65507123   6.87948501  13.08924931
   6.05241296   4.76336927  11.07479905   4.66015994   8.1824524
   8.44540694   5.5062194    9.64476331  13.35698723   9.92399094
   5.8041482   12.64380091  10.16309252   9.04923978  10.02066203
  11.12341719   6.202967     6.80178868   5.54712626   6.82194693
   3.93199856  13.10999829   8.04053437  14.02079573   6.01323808
  11.36059675   4.76336927  11.07479905   4.66015994   8.1824524
   8.44540694   5.5062194    9.64476331   1.38786391  11.58227985
   5.45308262  10.49189014   7.46011551   8.13016665   6.13405338
   4.13810803   3.94452317   6.17227764   5.39613933   5.07470455]","[ 31.63863213  26.83189834  23.36438245  26.43798597  26.4141283
  32.55749646  25.38718509  26.45218833  29.9296175   28.11935299
  25.41234771  29.71475376  25.70029717  28.91883097  29.89307521
  31.86441108  19.27343735  26.40820678  23.7029248   27.53666533
  27.08915827  25.91506372  30.9663542   35.49173069  27.19023364
  23.36919054  20.35689251  29.98394282  30.95153513  25.44956111
  18.25128695  29.09155682  29.34568593  30.1805302   28.00367399
  29.9332379   20.10533814  29.72741672  26.76076866  26.55321807
  20.67177579  31.98496032  20.81531628  30.22310812  28.31156142
  29.299955    17.86151101  28.93920782  27.42320164  23.4889431
  31.86052881  23.50884773  27.36608483  25.28971372  30.37149387
  27.42320164  23.4889431   31.86052881  23.50884773  27.36608483
  25.28971372  30.37149387  25.39624002  26.7326985   34.32087694
  32.58542815  29.1455913   29.6976314   29.99775363  31.73174651
  27.79407556  24.02388627  25.46904892  25.35021744  20.1193636
  26.49734706  27.84499674  21.97691279  19.63415533  32.37797924
  29.71475376  25.70029717  28.91883097  29.89307521  31.86441108
  19.27343735  26.40820678  23.7029248   31.63863213  26.83189834
  23.36438245  26.43798597  26.4141283   32.55749646  25.38718509
  26.45218833  29.9296175   28.11935299  27.78350308  31.51299507]","[ 15.31721858  21.39098483  16.6537965   20.28152796  19.75122648
  19.09825842  20.97963062  17.31873521  23.8756387   18.30974519
  23.18766968  19.00458742  21.07232279  22.91462152  24.06100919
  14.17923145  14.29829099  20.75215308  18.88472117  18.36072469
  20.00248416  18.05489544  20.13874994  14.91533427  15.62481311
  22.38464689  23.64039651  18.0120167   19.22747429  18.62189287
  19.41543866  18.15820719  17.45937934  23.39009711  19.914767
  21.27567242  22.03205392  20.62884421  17.77394142  18.99842595
  18.68742452  21.94375192  21.09955537  16.47579283  17.54979044
  18.34886603  19.00458742  21.07232279  22.91462152  24.06100919
  14.17923145  14.29829099  20.75215308  18.88472117  18.36072469
  26.44133906  21.41742071  18.09115459  19.18383182  16.03137983
  19.11763345  19.89741236  19.48265484  17.97057125  20.79135785
  20.895911    24.68681177  19.77600881  17.543098    17.28867963
  20.88104312  22.77701808  17.40706508  13.21589996  21.7782254
  24.79984748  20.84109737  21.41367906  18.8708712   18.60553248
  19.95194182  17.00221075  23.96206184  24.10121073  20.24619885
  21.07768873  20.49738386  20.27185115  18.79676207  20.69942593
  17.29921277  19.37027274  19.21117744  20.2828248   19.84123728
  18.68045943  21.95800778  19.54028705  20.27185115  18.79676207]","[ 12.63640997   9.76677745  15.2429778   15.85283016  21.2194036
  14.41942401   9.65663985  12.68453606  18.93112417  15.98461229
  14.58564617   9.2544608    9.73574886  16.65464537  18.29114628
  11.9766721   16.74076595  13.8648142   18.27651732  10.70098369
   9.18384757  11.48638358  13.96213252  22.03920626  26.12969677
  22.55169313  10.33276296   8.46914291  14.54216615  17.36648564
  16.77156486   0.13488311  18.30558192  17.84839011  15.85334339
  15.50704905   9.23154297  26.09383075  14.65588463  12.58020964
  19.72702175   9.4582112   19.6341472   20.76369566   4.13746397
  12.63640997   9.76677745  15.2429778   15.85283016  21.2194036
  14.41942401   9.65663985  12.68453606  18.93112417  16.49734703
  12.97954162  16.44296272  20.51922406  17.89391338  12.05407165
   5.41692683  26.61049498  14.74626621  10.78941663  18.03216188
  10.34997189  20.98916521  18.30558192  17.84839011  15.85334339
  15.50704905   9.23154297  26.09383075  14.65588463  12.58020964
  19.72702175  13.8648142   18.27651732  10.70098369   9.18384757
  22.60956185  11.03096194  10.09137034   9.76355408  19.19926937
  14.79607844  13.65662076  19.08960092  13.04929437  15.71409413
  16.43490154  12.88909782  11.64996712  20.24396845  19.77507185
  11.48638358  13.96213252  22.03920626  12.78417891   8.82555905]","[ 27.78590416  35.13622133  31.03746778  17.45942774  31.79098492
  39.51690774  30.34681344  29.48118258  37.86677971  41.80413365
  37.39250111  25.29047312  32.84632152  33.14219231  29.81244949
  39.33075257  29.15961147  36.06711797  25.22614341  41.19977371
  26.40200227  36.9740743   39.33075257  29.15961147  36.06711797
  25.22614341  41.19977371  26.40200227  36.9740743   29.94149646
  26.48047587  30.09769745  34.14296229  38.85419978  26.66064085
  29.22425154  38.33405071  27.52444119  28.86498215  29.48782676
  29.52576678  30.10745169  33.93631688  30.09769745  34.14296229
  34.11138242  33.59230472  38.85419978  26.66064085  29.22425154
  38.33405071  27.52444119  28.86498215  29.48782676  41.80413365
  37.39250111  32.41597035  28.49739515  33.44077397  31.34127006
  34.10706613  32.70825835  36.75510981  34.17992827  29.94772143
  34.21081292  27.83109249  27.59326902  24.81437814  35.0119343
  34.52193226  41.811893    33.70545036  25.28203628  21.72156584
  34.99619104  31.92042363  27.56981344  35.83061312  26.62847457
  31.26104375  28.93133614  32.14239846  36.88245859  36.39248607
  27.34741279  28.98759042  32.14721808  32.40355484  30.59705361
  40.36440781  28.48744955  37.12866563  28.69713987  37.95828814
  39.40305837  31.25694304  29.9844269   25.54874957  30.27304706]","[ 18.39556008  20.77440975  20.14937692  22.88025149  22.28069925
  19.51328201  25.874971    21.09855296  22.5015304   19.62612293
   8.454799    16.26645584  24.66350547  21.60910258  23.98540572
  17.65355834  18.99622673  27.65389271  18.67812517  18.80246359
  21.62426329  23.93938834  19.3680646   18.47679289  19.23588805
  28.45154748  28.72715124  23.18730585  23.66868371  14.77306489
  26.92571919  23.77573172  18.5126045   24.39072487  24.3832803
   6.8394258   25.5070124   22.81971485  19.07069707  25.692787
  23.98405948  19.84435956  20.46731214  19.99839995  20.35246944
  20.04622768  19.9373726   24.64128359  22.43182639  22.9615957
  18.45102729  18.32254616  19.46066767  25.63079353  22.8976449
  23.8433366   18.06014447  21.10475853  18.82552007  20.11465004
  18.49232357  15.13739314  20.08256593  20.04201115  15.27486739
  18.04027902  18.53729202  20.77821275  18.58447459  14.2322814
  23.34526714  20.4443839   17.09436729  13.80402287  21.06602867
  16.16237734  22.71232682  25.63340502  22.37544494  29.27415938
  23.76039219  14.54304132  19.57218887  17.82140149  25.63577498
  21.37007922  21.34970407  19.51328201  25.874971    21.09855296
  22.5015304   19.62612293   8.454799    20.72169676  19.38972164
  18.66075652  22.81966094  18.92627043  19.57218887  17.82140149]","[ 14.43845116  13.96356949  18.23557654  15.42470892  12.70167327
  15.26567214  18.18557985  17.88023741  15.12562218  19.27100614
  22.5869869   16.68532475  11.22287503  16.75542419  16.52670329
  13.83428971  16.37576757  15.91905185  14.6166443   16.72015101
   9.13331841   9.83146568  15.27132247  18.8397015   19.5504916
  14.48992527  13.20484187  15.81664007  18.20609613  18.54070833
  20.24309316  15.17810338  15.41257897  16.68532475  11.22287503
  16.75542419  16.52670329  13.83428971  16.37576757  15.91905185
  14.6166443   16.72015101   9.13331841  17.25621757  18.73585679
  19.70062057  13.8298341   18.45758521  17.09229653  14.30238347
  20.76530386  12.29069126  15.89948231  17.45311005  17.88905538
  13.21839725  14.03411283   8.90980302  10.10331033  11.22297207
  18.89655613  17.53240543  18.74053123  14.75912051  13.21288295
  15.14600344  15.8021857    9.83146568  15.27132247  18.8397015
  19.5504916   14.48992527  13.20484187  15.81664007  18.20609613
  18.54070833  16.58628688  19.74582955  17.00065145   4.99951678
  15.00212186  19.56250368  12.01200149  11.08356824  12.40157495
  18.90519099  12.80448689  12.62029321  18.21461275  15.14600344
  15.8021857    9.83146568  15.27132247  18.8397015   19.5504916
  14.48992527  13.20484187  15.81664007  17.34318386  11.19679876]","[ 22.31895356  18.35355335  23.83316462  23.21529453  21.50094602
  22.30310959  20.76945244  20.67967932  10.88233707  21.06841982
  22.91535052  19.81538369  22.78455811  18.895441    21.95110475
  16.83205505  22.40181623  19.297546    14.87978279  18.66887428
  21.40030891  28.79845024  18.895441    21.95110475  16.83205505
  22.40181623  19.297546    14.87978279  18.66887428  21.40030891
  28.79845024  15.19371246  19.35560913  19.76224867  17.58779734
  17.70711459  19.89428802  19.71367147  25.3843862   19.17758116
  22.40745255  18.18108291  21.56155516  25.51127932  11.49034274
  20.46646745  16.71782603  20.12960057  29.91245003  16.87153065
  22.37661505  12.16713057  17.6109841   20.55009273  13.85115095
  18.92828171  22.10803073  23.327623    22.37616686  18.58185659
  22.56729662  24.82578061  21.60723235  24.47223442  23.32492256
  21.91113649  22.21154096  15.31423695  22.67506153  17.27657211
  27.33116303  24.24298048  15.38262854  26.17767808  24.72534723
  28.09004597  14.89503142  22.33440957  19.07920873  17.17059872
  17.59463262  21.0084731   24.52834943  21.71896101  19.62726047
  17.7969225   20.76776273  19.03179214  20.12960057  29.91245003
  16.87153065  22.37661505  12.16713057  17.6109841   20.55009273
  13.85115095  16.45427024  18.72992456  26.68461435  19.73280882]","[ 24.69947508  25.90941344  32.91642602  27.59258685  23.22322426
  30.3781809   24.27477227  27.50356022  21.91802348  29.89445648
  28.23377051  28.08558154  31.40861053  25.05692766  27.92000934
  27.11180841  30.21725217  35.31355609  25.95203832  21.93017912
  24.77073627  32.09221685  32.17608611  24.09755176  33.02799883
  25.50522437  26.06033796  21.61672152  25.42660189  23.21220708
  28.23377051  28.08558154  24.55229622  36.07262741  27.79540193
  32.84053122  25.95310546  26.03520914  28.297055    28.21126914
  25.0280888   26.76649162  28.95053703  28.95053703  25.07230509
  26.09745642  26.45703266  22.57601691  26.6304432   28.49039265
  19.86289362  23.68360693  29.17769089  28.38314108  29.76640809
  26.01737399  22.91907678  26.43362944  25.2520888   20.11927061
  24.51913524  26.56483608  21.28570083  27.25220539  33.16983482
  20.5511069   21.96701951  19.98200608  27.40715907  24.93378887
  28.16217538  24.52442717  27.26472625  23.62833062  24.69947508
  25.90941344  24.22893951  32.06712278  24.48714439  28.39302072
  28.7816035   23.97443613  24.92020386  34.23053844  24.09701775  28.00862
  26.14103038  27.12096867  26.71339776  33.74367283  27.34524235
  30.52142968  26.17073134  26.36637382  24.59962945  28.1373546
  31.15283175  27.26681439  22.04901404  22.75616308]"
"[ -4.11650761  -6.91533286   5.43712669  -0.98131559  -4.23854824
  -4.6728192   -0.86600991   4.20072627   2.58014308  -0.1774743
  -0.98131559  -4.23854824  -4.6728192   -0.86600991   4.20072627
   2.58014308  -0.1774743   -2.86892537   7.80506396   2.66892916
  -2.78403529   2.66892916  -2.78403529   8.85275152  -0.68340761
  -2.71783671   5.29158733  10.39045597  10.52058859   3.96547812
  -7.31405011  -1.98147625   8.85275152  -0.68340761  -2.71783671
   5.29158733  10.39045597  10.52058859   3.96547812  -7.31405011
  -1.98147625  -1.0457203    6.25614139  -1.98147625  -1.0457203
   6.25614139   2.57260628   5.57800113   2.67868333   5.38539861
   1.52743092   4.85057978  -2.07926273   0.2591907    5.42360138
  -3.64980949   3.583845     0.71931298   7.05831235   2.53566464
   3.89333831  -0.1006354    2.27081599   2.5874449    1.97970775
  -0.68340761  -2.71783671   5.29158733  10.39045597  10.52058859
   3.96547812  -7.31405011  -1.98147625  -1.0457203    6.25614139
   2.57260628   5.43712669  -0.98131559  -4.23854824  -4.6728192
  -0.86600991   4.20072627   2.58014308  -0.1774743   -2.86892537
   7.80506396   2.66892916   4.76602441  -2.09659637  -4.11650761
  -6.91533286   5.43712669  -0.98131559  -4.23854824  -4.6728192
  -0.86600991   4.20072627   1.29614439  -0.38718125   1.46809707]","[ 10.90557611   6.20093694   7.26252578  11.64939108   4.06964098
  12.0345019   11.79161922  13.39393477   5.33027774  13.2155823
  11.58898277   9.54393764  10.68114426   7.50162344  11.50067764
   8.2271786    6.20938532  10.25102604   9.08703764  11.33026302
  13.81601828   6.36503475   8.36478466  11.69214873   8.13915375
   7.79230971   8.6078825   11.20438907   5.77046593   9.74172638
  11.83508192  12.1233116    9.97948605  10.56880977  14.94647364
  14.53832588   6.11471823  10.32890357  14.33908005   8.81709367
  10.49698625   9.48853856   9.58758131   8.19062253   7.14594123
   7.83547564   4.86181336  11.58898277   9.54393764  10.68114426
   7.50162344  11.50067764   8.2271786    6.20938532  10.25102604
   9.08703764   6.44230366   8.03723153   8.71943511   8.6862253
  13.63198419  12.87148009   7.45807431   8.77788598   7.38179494
  11.57238504   8.3190459   14.94647364  14.53832588   6.11471823
  10.32890357  14.33908005   8.81709367  10.49698625   9.48853856
   9.58758131   8.19062253   7.14594123   8.41620337   9.40958036
   6.60212841   9.30968174   4.12099598   9.77421904   8.27516535
   7.9030877   10.40369729   5.46446402  11.50067764   8.2271786
   6.20938532  10.25102604   9.08703764  11.33026302  13.81601828
  16.2970981   17.56890701  12.75521258   3.0606478    8.51439598]","[ 18.7279024   30.212767    29.21523483  27.08630909  23.04278872
  28.43211335  27.39181718  23.74105349  28.32832028  26.98251042
  26.45258404  31.39917236  32.23807485  25.14084208  22.43100123
  33.90760148  23.84132102  33.01398051  26.6412353   27.98879286
  23.36959843  29.29273318  36.2645428   32.60585128  25.71017891
  27.3815147   27.64700465  26.53760512  27.97016693  21.61405884
  29.48185672  27.59173321  31.2429275   25.46214732  26.00286208
  29.61938981  30.57796923  18.7279024   30.212767    29.21523483
  27.08630909  23.04278872  28.43211335  27.39181718  28.92436618
  24.47817469  24.07768172  31.70783121  24.95910502  25.27444235
  22.42438931  26.67897822  30.98003737  32.28262164  29.24209975
  24.95910502  25.27444235  22.42438931  26.67897822  30.98003737
  32.28262164  29.24209975  29.86050083  34.46718225  25.73044323
  27.66512076  35.39219524  26.6917636   27.48344956  28.25473586
  21.96566776  31.97794509  25.1977055   27.05123357  30.3337234
  32.41783068  29.51412394  32.28058097  31.99488706  25.81876038
  25.72300517  28.1635566   29.00598508  35.23807519  30.92203966
  27.10665867  28.88665832  25.28015477  24.47000061  32.25919342
  30.98221844  28.939642    30.87652273  26.76663167  32.3108451
  25.6077151   27.76461327  27.55608176  27.14977345  36.2645428 ]","[ 18.61636149  16.90220655  24.56387006  18.58376334  16.24870226
  18.34741827  19.33872626  20.30623291  18.40694449  20.67467489
  16.74648664  17.37273052  20.84183283  14.92414432  15.37018309
  20.27874327  17.88380638  20.71927567  20.16049346  19.25901102
  13.11733951  18.69170373  18.40597342  20.7276978   20.01959627
  20.72476973  21.4413855   19.31981289  17.44427907  18.01790596
  18.52217714  14.1508373   19.94213108  17.71550893  20.35458656
  19.49884982  23.08118868  21.09151406  14.28309105  16.31917287
  22.32007255  17.03107369  22.55040381  18.9310449   22.35590374
  19.97567241  16.00832363  17.80868815  21.21193401  15.34534     19.97309327
  23.14604488  20.49359738  19.57898316  21.26437161  20.84848778
  19.05213425  20.49896509  21.78899155  25.31304169  16.11456113
  16.97262829  16.56026745  19.34679461  20.49952039  16.90220655
  24.56387006  18.58376334  16.24870226  18.34741827  19.33872626
  20.30623291  18.40694449  20.67467489  16.74648664  12.59570545
  16.00832363  17.80868815  21.21193401  15.34534     19.97309327
  23.14604488  20.49359738  19.57898316  16.69106958  26.33147474
  22.88210673  16.2065741   18.71207822  22.0099434   16.48328812
  19.11674169  19.79859914  16.52737984  21.94782434  17.4154358
  21.48445994  20.04626871  18.44915476  21.12639788]","[ 17.15519289  23.53576908  10.15750646  11.45454652  19.57128345
   9.69441276  23.63942024  16.31053996  14.40555545   7.05811693
  18.38016056  10.46806858  23.47984767  20.91950534  19.38444379
  19.43846137  19.14704111  14.56644341  28.40872077  13.57295944
  15.66646299  20.55707632   6.32262671  12.37298949  16.19259869
  11.87710035   3.55728121  10.5828777   12.62072481  18.39878293
  13.93870106  13.46643709  14.14733728  20.0232179   19.30374727
  22.23522569  14.67083592  20.11536954  24.03765046  17.15519289
  23.53576908  10.15750646  11.45454652  19.57128345  15.63470961
  15.7393716   20.99151022  25.33688026   8.26722311  22.12540416
  14.09970306  12.3333141   26.27329288  21.08278873   7.02433413
  18.08254578  24.14565423  16.89018983  19.27469558  19.19165258
   4.06714997  15.52074878  12.10871408  10.35903768  23.27857915
   6.67651995  13.46643709  14.14733728  24.82003798  15.76916901
  13.99810309  11.33269628  11.47858464   7.63397233  17.61793526
  10.04870442  14.13417232  20.04889615  15.63470961  15.7393716
  20.99151022  25.33688026   8.26722311  22.12540416  14.09970306
  12.3333141   26.27329288  21.08278873  23.81564302  23.06361658
   4.53371101  12.01976439   8.00535128  17.38668764  19.10665929
  15.80055452  23.0982913   20.38487973  23.47984767  20.91950534]","[ 30.60365035  33.80606711  32.10556434  32.99989561  37.67646414
  37.40842072  34.41603999  28.10390717  36.692668    25.77905078
  25.80237013  32.59113305  37.35699917  33.77388903  37.31472813
  39.04439029  40.03972782  38.95311451  34.08627373  37.77859348
  39.9815486   36.43995159  29.45655036  32.4213652   39.7612054
  25.14979377  42.95932793  38.81862585  31.63943285  36.28134009
  39.21484079  27.0684834   32.06361032  25.80237013  32.21754282
  39.36720289  34.83028372  33.49238951  33.36821496  33.33868846
  35.05434603  37.83166704  31.01824837  39.89659085  31.87452047
  35.49978397  24.63431737  36.09686853  33.19451184  31.2094457
  33.65133307  40.23655694  27.75634546  37.79014484  35.2427516
  38.22573216  33.55438819  33.43975481  33.51464683  44.63332926
  27.43177603  34.14306521  25.28972343  38.08666675  28.9661252
  35.64710243  37.05614829  38.3104547   29.45655036  32.4213652
  39.7612054   25.14979377  42.95932793  38.81862585  31.63943285
  36.28134009  36.15127389  25.89924992  34.57447117  32.83610301
  36.1248979   33.97099436  32.81387712  34.84433008  33.98393279
  35.64710243  37.05614829  29.05880701  35.93947888  34.49885197
  35.19468169  36.15127389  25.89924992  34.57447117  32.83610301
  36.1248979   33.97099436  32.81387712  32.08557671  39.09820316]","[ 15.0663612   27.24759572  16.6720259   24.15905753  24.32558126
  19.87796509  12.95979256  25.53260281  18.06437235  20.49734835
  16.46899151  24.88957383  23.19844974  20.6874678   20.73668161
  28.13537921  28.40308003  25.2068377   24.17363874  15.98433606
  24.49984822  20.87669083  15.10611315  22.54702721  20.41282795
  22.25597971  16.47273571  21.46361146  26.28659848  15.75864188
  25.55601192  21.81399215  17.36948818  25.82766807  23.92218422
  22.72674621  18.09587569  12.18244997  18.30054356  22.05617048
  24.99234355  22.80890985  27.41150048  28.40308003  25.2068377
  24.17363874  15.98433606  24.49984822  21.80038535  16.13477793
  26.79514566  19.04964233  21.94676317  18.11433258  19.76517042
  16.40336249  28.16062302  16.3291736   22.25878229  19.28660134
  18.6637585   22.99116875  21.60868375  22.02862775  18.11270835
  13.93674053  21.81971632  20.83748088  17.97341428  25.79072115
  15.0663612   27.24759572  16.6720259   24.15905753  24.32558126
  19.87796509  21.94676317  18.11433258  25.11003749  22.90912126
  20.76918217  23.28210069  24.23424569  20.32261072  24.45140077
  23.39458987  10.10517359  18.26907061  19.96455794  20.84579575
  18.20552874  21.9513612   19.22315403  20.85416735  27.9937522
  17.92977078  26.19021358  27.95672073  19.69727549  16.73522817]","[ 21.79395052  17.93889805  11.85635464  13.62389193  17.2623796
  17.65215969  13.20284226  15.08150526  13.58194509  17.35506601
  14.13481845  19.29140008  16.32068873  18.60184235  15.05631181
  19.298219    15.07111994  14.25930855  17.02414116  15.3443735
  14.95127264  14.54835662  15.23817025  20.83362189  16.0309868
  11.00879189  17.86634908  13.09022938  14.68217766  18.4582369
   9.77186999  12.49500298  16.00448452  20.83362189  16.0309868
  11.00879189  17.86634908  13.09022938  14.68217766  18.4582369
   9.77186999  12.49500298  16.00448452  16.99734752  17.99001675
  18.27939555  16.35089084  20.24544201  18.78345389  12.1868153
  16.01342358  19.59572639  15.50713386  16.16195965   8.54563952
  17.335191    19.21786202  15.06333023  20.49201596  21.73598014
  24.27336443  14.96224618  22.16318072  23.51074908  15.18895838
  16.46904703  18.2907665   20.96019605   7.74803928  14.77308989
  12.34733894  12.00495606  15.7365712   11.2768212   15.5210212
  18.55728625  14.29828269  24.3487186   17.99615507  19.3572256
  21.5383579   21.10537303  11.14900631  13.72898269  12.1746243
  16.01723143  16.46136618  15.42739202  18.24240565  17.39002313
  13.65859126  14.85257913  17.99001675  18.27939555  16.35089084
  20.24544201  18.78345389  12.1868153   18.27939555  16.35089084]","[ 18.04323773  19.79268104  18.20236728  22.39716627  11.94800226
  26.5239264   19.18397142  20.61041038  18.89908194  19.44850841
  25.76190098  20.41587429  20.27191008  28.47221424  25.20610676
  23.13649731  18.71147921  21.77452075  25.3746389   22.17237871
  18.02408495  17.58237533  26.65839182  14.29377757  24.51810856
  23.90101062  24.04308543  24.22983917  19.92366745  23.28520259
  16.13244121  26.30167071  22.11709196  15.78930424  18.23500976
  16.33202191  18.13218682  29.82478968  17.53627865  22.10846676
  13.31652265  20.99988932  14.24654211  16.25265625  24.28064023
  26.64464244  22.29061066  16.63660775  22.46734657  12.56152036
  24.78141408  22.55367228  22.31933334  25.82376361  20.17317787
  25.3542614   16.68066814  25.68742675  27.84078469  20.39777025
  20.8946716   16.58023151  15.24335736  22.39658984  20.93627918
  12.32315797  26.24334415  25.55559491  26.65839182  14.29377757
  24.51810856  23.90101062  24.04308543  24.22983917  19.92366745
  23.28520259  25.99335666  27.81574482  25.90113762  20.286015
  20.93330285  25.80080886  24.7236969   20.86622786  20.70507563
  25.24867262  18.49668972  28.33782612  18.26338346  19.01095652
  23.94985955  24.06516005  23.39165427  19.11828465  22.15840888
  11.35146942  27.17483808  22.59689045  25.68742675  27.84078469]","[ 24.96042186  33.61631807  29.45252587  29.16702175  31.90794107
  27.51666194  27.92788807  36.89148028  30.1994175   29.94208805
  35.13138312  35.22678321  33.26468557  31.83526763  27.12643548
  26.85826859  23.74096057  32.14025627  28.08970814  28.67501117
  23.79936383  28.29210451  24.8447957   33.02156931  26.34065334
  32.41198209  24.32903591  31.68124844  22.3698412   31.87206336
  31.74128042  30.67739909  32.65280884  30.93660149  31.55491114
  28.01824725  28.28321576  30.24065761  26.88932865  27.19480809
  25.32727407  23.47889031  29.87804634  36.2430806   29.94629485
  27.21779226  32.99614182  31.27089747  27.50635734  27.37989578
  30.09861006  33.7528367   21.56087627  26.06252041  24.2195321
  31.74128042  30.67739909  32.65280884  28.68485948  33.76110487
  29.41112039  35.41240433  31.0889401   32.42098942  31.10976111
  26.97443112  28.26026115  26.98639481  39.8409111   30.85992816
  33.65729443  27.31838457  27.43876251  26.56874526  30.69813159
  27.54600494  28.99432994  24.2195321   32.24850043  28.75328089
  32.2242581   28.00380264  27.34181786  27.11000158  34.69704562
  28.40197355  31.58400999  33.59683967  22.43745037  25.22964885
  20.8191548   35.0485399   25.83901047  31.96811138  25.30931871
  33.57824477  25.02410394  20.03012887  27.27551544  27.68685817]"
"[  5.58959412  -0.63767846  -4.08937218  -4.61854331  -0.8711709
   4.84286318   3.93540325  -0.36743468  -2.71167726   7.45309465
   2.83974614   2.83974614  -2.93797829   9.73638307   0.04533967
  -2.52272214   5.84627895  10.46298848  10.44910059   4.60051984
  -7.11410934  -1.53346216   2.89278865   5.12835215   1.11833696
   4.77400847  -1.82758204   0.22725736  -2.39718468   3.67470193
  -2.21491717   6.12475257   5.61074612   0.04533967  -2.52272214
   5.84627895  10.46298848  10.44910059   4.60051984  -7.11410934
  -1.53346216  -0.89583761   6.65228655   2.0615743   -2.52272214
   5.84627895  10.46298848  10.44910059   4.60051984  -7.11410934
  -1.53346216  -0.89583761   6.65228655   2.0615743    5.67659106
   2.0615743    5.67659106   2.89278865   5.12835215   1.11833696
   4.77400847  -1.82758204   0.22725736  -2.39718468   3.67470193
   5.12835215   1.11833696   4.77400847  -1.82758204   0.22725736
  -2.39718468   3.67470193  -2.21491717   6.12475257   5.61074612
   5.13828085  -2.71167726   7.45309465   2.83974614  -2.93797829
   9.73638307   0.04533967  -2.52272214   5.84627895  10.46298848
  10.44910059   4.60051984  -2.21491717   6.12475257   5.61074612
   5.13828085 -15.28194634  -1.35904088  -1.11653309   0.52161003
   4.87280304   1.26566566   3.82798523   5.83534503   1.94136387]","[  8.41140167   7.48376834   5.71868477  11.25010311   5.15698419
   8.94058547  11.99195377  11.63367154   9.40153115   9.29499553
   7.22634072   6.18965131   9.81549032   5.98499035   7.49119613
   9.66444378  14.57033113  11.49358628   6.01564627  10.80745779
  11.18839232   6.70985265   5.83524442  10.93382586   6.03111797
   5.67104456   6.62101317   8.10389847  10.58983107   4.53594412
  12.7937799    5.71868477  11.25010311   5.15698419   8.94058547
  11.99195377  11.63367154   9.40153115   9.29499553   7.59822295
   8.88241816   5.56089074  15.53467133   3.5678823    8.27724408
  11.20950941   9.71853563  10.47598303  14.82198513   7.21741474
   6.27197874   8.45974857  11.24392754   7.30332722  15.53467133
  18.73317306  11.18839232   6.70985265   5.83524442  10.93382586
   6.03111797   5.67104456   6.62101317   8.10389847  10.58983107
   5.79347686   7.76202543   5.62217543   8.55589319   8.09504351
  16.38702825  13.55118723   4.05453582   9.8983469   11.59708284
   9.39820045   4.96391921   7.13243801   8.41140167   7.48376834
   5.71868477  11.25010311   5.15698419   8.94058547  11.99195377
  11.63367154   9.40153115   5.06999122   3.72773234  12.88970749
   5.18558836  12.25064641   8.6830662    7.52342748   8.73558104
   8.13477304  12.53432364   9.54857501  10.93382586   6.03111797]","[ 22.34558583  29.93898035  26.9858481   28.17824516  25.81335448
  29.63047157  23.60561333  24.02678387  31.02076703  31.13700769
  32.10668531  27.23992506  31.04826401  29.66618668  34.38303899
  19.69088402  33.13203372  30.18150138  29.97006332  27.34482523
  19.82965538  27.58186697  29.93898035  26.9858481   28.17824516
  25.81335448  29.63047157  23.60561333  24.02678387  31.02076703
  31.13700769  32.10668531  29.89814577  36.19378966  29.96374517
  29.14681773  31.1451177   28.72401601  29.22874141  28.17227989
  26.07344857  25.75778351  29.18488976  25.3657083   21.16289834
  22.04182928  13.6574952   23.93366791  34.26744977  30.41355286
  27.70677998  28.11124043  31.72613949  28.95124544  31.20444677
  20.4468109   27.92731121  29.87170129  33.98535729  28.70007484
  28.68150837  28.99895608  24.41654517  24.46105127  28.04468143
  26.01106878  28.72401601  29.22874141  28.17227989  26.07344857
  25.75778351  29.18488976  25.3657083   29.74211464  37.53654626
  24.53792792  24.05395429  25.67815513  36.69979601  26.14195093
  22.21495189  28.00939734  28.90597344  28.91841729  32.28734034
  29.97266546  26.10795969  33.5230075   21.38002234  31.63586834
  28.30383573  32.73908517  33.96558859  27.62405172  25.31233298
  32.59520631  24.37155154  31.03802477  25.6736562   26.39526346]","[ 16.49497051  18.56171807  17.98589968  17.21101704  21.03122366
  14.40596767  19.2441529   21.1236163   21.02457735  19.62557061
  17.79744776  20.83644273  21.88153558  16.649314    21.45159569
  23.05419541  15.56644431  17.52760956  17.47350956  17.58299529
  19.29130185  15.48695647  19.58064944  17.42643323  20.66023777
  20.12429723  16.53432624  15.25417758  22.13764457  11.88762677
  21.62264136  18.9578718   18.01456437  20.66023777  20.12429723
  16.53432624  15.25417758  22.13764457  11.88762677  21.62264136
  18.9578718   18.01456437  18.51395693  19.23091293  20.00039299
  20.89138213  22.33978827  15.30857386  15.17239244  18.58206044
  14.78939519  18.12448145  18.92395243  27.59898101  19.60416072
  20.57030901  19.15814929  13.38722197  19.34008632  18.34709678
  22.04965776  14.53813268  17.14045188  18.82415713  15.51574202
  22.83684766  18.74844648  17.04636735  22.46705378  14.37735681
  21.86006801  20.18652895  21.92843319  17.98330328  23.11295718
  21.05175952  20.83644273  21.88153558  16.649314    21.45159569
  23.05419541  15.56644431  17.52760956  17.47350956  17.58299529
  19.29130185  15.48695647  22.6500656   17.48478165  23.51076437
  17.08925891  19.09220632  17.79450005  16.96903486  17.58496401
  20.65941721  21.96066134  18.32679553  17.89456073  19.41549556]","[ 16.91273933  18.59002524  20.00758353  15.43888825  20.91900319
  21.82601513   2.32871503  21.18004297  17.57288904  12.72411049
  17.33951424  20.04384081  23.40082605  21.59367841  22.22251445
   7.54850704  22.31090856  17.06034008  14.42598558  25.17230045
  23.85515201   7.07808208  18.80997396  18.4878293   10.31871162
  22.62261909  12.65348493  19.24493436  17.79540211  15.08221556
  16.79553078  28.0688811    9.30973115  18.48512739  25.51275961
  30.38258054  14.73130541  18.21430706  21.37186888  28.89978022
  18.28953709   5.23237777   9.94679184  15.48033892  18.66576922
  10.42488216  22.53759689  20.03075507  21.1300266   21.78748985
  14.51168169  15.38719263  16.91273933  18.59002524  20.00758353
  18.31445601  26.57210273  16.52151535  22.47661921  16.36155629
  12.94534595  18.80997396  18.4878293   10.31871162  22.62261909
  12.65348493  14.26705582  28.66247113  19.52546782  21.54660687
  16.27148786  19.22935846  19.28548362  14.01856475  11.98576381
  23.71940513  20.92700928  20.04384081  23.40082605  21.59367841
  22.22251445   7.54850704  22.31090856  17.06034008  14.42598558
  25.17230045  23.85515201   7.07808208  18.48512739  25.51275961
  30.38258054  14.73130541  18.21430706  21.37186888  28.89978022
  18.28953709   5.23237777   9.94679184  11.4402873   16.95276705]","[ 32.87722789  32.50933073  42.70390145  31.17509529  44.19145068
  34.75512196  30.02314808  33.55992956  40.73548967  29.27043055
  37.30313392  38.96104988  39.58571779  36.96357246  31.63813561
  32.63675962  24.84658354  32.05435879  38.50171647  35.18647957
  35.93821255  33.55239952  28.33942919  32.71886453  29.30548592
  24.30278458  37.15406483  28.63294488  37.82094632  25.53503823
  37.23149377  30.17552154  40.15433397  33.77564194  38.38918334
  32.87722789  32.50933073  42.70390145  31.17509529  44.19145068
  34.75512196  30.02314808  33.55992956  31.64213811  33.90311475
  38.5504185   38.23647603  34.0065598   40.45985596  40.61397471
  34.88963836  38.78810814  40.47304279  38.56570836  38.06420365
  37.57960791  41.85474356  40.23914177  38.47783152  39.51431471
  29.87787672  35.84794604  39.37385453  34.78127763  36.09558164
  30.17552154  39.23529021  34.63499909  28.82397219  29.61068216
  41.39928392  37.78443603  31.42957897  31.77436946  30.11292731
  32.56969121  31.4867129   25.23171247  37.61746779  36.24204305
  39.83854624  39.0586677   35.4590291   33.55207567  33.90257818
  31.50178304  24.15327362  35.88767217  39.63365541  41.28668696
  37.00362365  38.90979576  35.96902493  35.40522024  34.82964173
  26.84380626  35.46339347  39.52406512  27.26236886  38.30164485]","[ 24.53245679  19.8309541   24.61479417  18.95975705  23.35068324
  21.03528965  22.8755203   16.03949713  15.88548128  24.14459148
  28.1118755   24.26781698  21.918158    23.93289453  18.68740546
  24.85739012  14.81652874  15.83082306  20.1998104   24.2875066
  19.70422074  28.59647409  20.48951801  23.94384401  22.56523601
  19.30279331  13.87466315  24.31735397  18.3147891   19.92080273
  25.1201348   15.7357823   24.7579292   24.85739012  14.81652874
  15.83082306  20.1998104   24.2875066   19.70422074  28.59647409
  21.22960756  13.56746014  18.04415525  21.61108897  20.01706389
  20.76039395  16.16985414  18.39259772  29.2093399   18.65936494
  21.98251444  20.79619358  16.113915    25.83672577  16.1518095
  25.65328292  20.83504968  22.1161654   19.29562423  11.36141108
  21.60908666  20.92000575  20.4388613   19.96685821  22.97015901
  17.45006889  15.45281379  19.00129372  19.33072898  25.58155366
  19.02639391  14.61852864  19.73068291  21.22495122  20.11128995
  20.6973863   24.27311135  16.61414423  19.97291037  20.98011058
  21.62915946  20.4669811   21.15336037  22.24111721  17.4444525
  22.29551399  22.67228469  21.60908666  20.92000575  20.4388613
  19.96685821  22.97015901  17.45006889  25.41038948  14.71109625
  26.85147584  20.48951801  23.94384401  20.26540957  24.41715827]","[ 15.72691281  16.73340362  19.29964476  17.31760275  22.27726229
  21.19965465  12.56130011  14.957318    20.03843805  15.1303845
  15.16216456  16.67412447  19.29942166  12.7798931   18.10213513
  19.19177075  11.26810657  16.39447946  18.00228296  17.97943153
  21.95559408  18.84704046  18.85028087  13.56766913  13.59790662
  17.56154079  12.99760548  16.84429662  22.44393675  16.48723627
  15.07150374  11.41827863  21.82818306  22.41018219  14.44203519
  16.26861237  11.1489509    6.91471928  20.03267285  11.58782292
   8.73633783  20.61834152  13.35039176  11.31566292  12.84853104
  13.85784227  10.92793036  21.10473472  19.89724193  14.42524104
  10.71131804  12.45554515  15.78917845  13.19200102  13.75650261
  22.41018219  14.44203519  16.26861237  11.1489509    6.91471928
  20.03267285  11.58782292   8.73633783  20.61834152  13.35039176
  15.75571029  15.78086027  15.73372823  17.11043807  15.46957451
  18.64910444  17.0311679   11.36176121  21.84620121  14.56033418
  16.07947688  17.49709154  20.40996828  17.00509668  10.95457975
  15.39451682  18.57195743  19.49488285  13.90024998  22.3359835
  20.9493744   25.65110082  17.11043807  15.46957451  18.64910444
  17.0311679   11.36176121  21.84620121  14.56033418  16.07947688
  20.07746606   8.95333854  14.15768363  18.64910444  17.0311679 ]","[ 25.33188069  28.36124886  17.70364625  26.12955039  26.07630827
  26.2189268   23.61621605  20.78444687  27.62100782  16.3519678
  26.73919126  22.81410996  15.75854463  18.1105251   17.05976089
  15.24464145  20.49523013  23.86723959  19.1396734   18.5468      24.36502862
  24.82092994  24.36398783  17.53713084  22.81410996  15.75854463
  18.1105251   17.05976089  15.24464145  20.49523013  23.86723959
  19.1396734   18.5468      20.37591852  19.10722133  19.09462451
  22.92457387  28.07611899  20.72027416  23.10442147  25.48919756
  17.63824025  26.24467759  25.38917316  20.68137048  21.09222319
  19.82337461  22.94484236  15.90483428  20.41355965  28.40224863
  27.34564134  23.05859315  24.9319466   14.7387817   19.93626161
  25.40609659  24.75070789  24.06835438  26.08025188  17.83656518
  23.7316369   15.21127979  30.8685249   24.25801985  21.62655575
  22.52599849  22.28959128  27.35949752  24.29936498  24.31297586
  23.80616773  24.6575703   30.10780983  25.02630126  21.42804619
  15.70498054  18.43465639  15.70810786  19.79473033  31.32151443
  16.74284555  25.0194686   11.38964734  19.48260765  19.0946248
  17.1623884   26.19350865  24.35589199  20.37591852  19.10722133
  19.09462451  22.92457387  28.07611899  20.72027416  23.10442147
  25.48919756  17.63824025  15.43982932  23.44253402]","[ 33.94737442  35.23608435  32.45690597  32.94076114  29.98485129
  28.38241603  29.74309397  34.07934007  37.74782939  31.94413548
  28.6962343   32.09677749  34.90067814  30.07781161  30.37360309
  25.76913442  38.6113328   32.69960786  31.15636266  29.8338313
  30.01855622  32.36743904  30.14613958  32.34294844  29.47672055
  36.85574958  23.42669477  27.2363021   31.33167301  36.62322947
  34.62811168  37.75465805  33.68646117  30.15275089  34.49067274
  28.44479809  31.03012236  33.46997711  36.15958617  30.81888278
  23.10276029  25.43877056  33.94737442  28.8645014   31.84275552
  32.68817707  27.57690058  34.90555765  30.83342559  34.34675595
  27.5680808   27.26667916  33.71127575  32.54027799  33.60281221
  36.68098327  30.40938988  28.62529582  29.82525606  30.29775576
  28.06965235  36.95108885  36.20200901  33.27719552  37.98112595
  31.12796985  30.55495099  29.11054669  35.84090301  29.02702337
  34.65346648  29.94690797  22.93693032  27.28620375  29.89765503
  34.46169837  34.37676678  25.20068025  36.53125739  33.8419552
  26.37154905  38.83099243  29.05540098  37.98048724  32.063196
  25.57902967  27.26667916  33.71127575  26.73746222  38.32196634
  29.58344485  27.54435795  31.33539833  30.67169381  39.21014909
  37.44580697  25.17439254  33.76974498  30.94600814  31.50300065]"
"[  5.51736359   3.35925799   4.01854121  -0.51812548   4.52784164
  -0.4257931    0.42435513  -2.19309311   1.08733981  -0.61428855
   4.97033593   1.68035478   2.84870065   4.1826801   -0.31322801
  -0.50551444   1.69972621   0.34714469  -3.91988993   3.4032127
  -2.08497477   3.35006549 -15.30745475  -0.47444349  -1.91239371
  -0.52315989  12.74590589   2.26339203   2.56457387  -7.45101835
   1.6481154    4.95787691   5.89728902   0.80624976   5.51736359
   3.35925799   4.01854121  -0.51812548   4.52784164  -0.4257931
   0.42435513  -2.19309311   1.08733981  -0.61428855  -0.4257931
   0.42435513  -2.19309311   1.08733981  -0.61428855   4.97033593
   3.64007644   4.29892745 -15.30745475  -0.47444349  -1.91239371
  -0.52315989  12.74590589   2.26339203   2.56457387  -7.45101835
   1.6481154    4.95787691   5.89728902   1.68035478   2.84870065
   4.1826801   -0.31322801  -0.52315989  12.74590589   2.26339203
   2.56457387  -7.45101835   1.6481154    4.95787691   5.89728902
   1.68035478   2.84870065   4.1826801    6.00441317   9.65926342
   9.43728269   6.51523771  -6.44883313  -0.24180851  -0.88846015
   6.537398     0.80624976   5.51736359   4.52784164  -0.4257931
   0.42435513  -2.19309311   1.08733981  -0.61428855   4.97033593
   3.64007644   4.29892745 -15.30745475  -0.47444349  -2.77228304]","[  7.33572396  13.94701472   9.13111459  13.76341481  16.11157409
  11.551683     6.71471185   6.68330728   6.12933005   4.34538121
   5.58953184   7.18075086   6.86366627   6.48347926   9.00995545
   4.387443     5.30770748   5.58177609   8.46240119   8.06884023
   4.85306401  16.25606661   8.71589221  10.98534215  14.98765099
   6.72645167   9.93594284   7.63091071   1.75702593  10.54670249
   9.33539758  11.61886375   5.58192446   6.95878154   9.00995545
   4.387443     5.30770748   5.58177609   8.46240119   8.06884023
   4.85306401  16.25606661   8.71589221   9.48020082  14.82212064
   2.31712271   4.96236085   5.21350671   7.635959     1.39142789
   4.63666815   8.99281346  10.76301127  -2.30898432   4.73708301
   6.95878154   7.18075086   6.86366627   6.48347926   9.00995545
   4.387443     5.30770748   5.58177609   8.46240119   8.06884023
   4.85306401   4.01512151   8.80475968   2.68226613  11.5568369
  10.98534215  14.98765099   6.72645167   9.93594284   7.63091071
   1.75702593  10.54670249  12.40506642  13.29658494   4.01512151
   8.80475968   2.68226613  11.5568369   10.98534215  14.98765099
   6.72645167   9.93594284   7.63091071   8.73628651  12.22755983
   7.00328462   9.16028022   8.26365476   7.89996945   8.00586098
   2.19302387  12.63058335  11.9581371    6.33999966   8.44909997]","[ 34.637175    28.7387555   33.86390695  32.2385709   24.03925468
  31.06633637  30.21226382  32.70493965  31.91139403  32.9684433
  35.5411203   32.49981166  29.70321096  26.04651062  34.07327365
  27.73079206  27.37122801  31.13525064  35.60352255  30.05033335
  29.69927006  34.55244971  34.39735538  28.95608516  33.36205741
  27.30620213  31.85798509  25.12388139  37.03962983  33.59939223
  24.84903535  27.93112933  30.76976487  37.86070929  33.08843206
  34.84945906  21.38858269  32.9739838   30.36424902  27.7345847
  29.18915393  31.48090548  25.59671043  29.80236612  35.75589991
  36.99989447  28.41810163  28.5843465   29.94596085  29.68436951
  26.43190985  34.94323685  23.65654268  30.1486337   28.9851697
  30.72674325  26.73522348  29.28781577  30.4092404   26.42866945
  25.15860169  27.1439565   32.64019111  24.3127908   30.36424902
  27.7345847   29.18915393  31.48090548  25.59671043  22.99553427
  31.43794389  29.48117246  31.85920495  31.86247324  34.22200349
  33.84538146  25.55032057  27.06373204  25.95146162  24.67280949
  25.36797331  26.4215875   33.32319566  24.08635091  22.80037471
  26.04349944  33.65108709  28.5843465   29.94596085  29.68436951
  26.43190985  34.94323685  23.65654268  30.1486337   29.30254195
  40.10126172  31.39257911  29.32623435  33.86390695  32.2385709 ]","[ 16.58376004  17.08367128  22.1925393   21.69732245  19.62131622
  16.05167835  21.74209212  24.33031013  19.89650904  18.72897844
  18.8915519   22.08945798  16.46348003  18.35077877  16.86713869
  18.26238705  14.92539619  21.39820697  16.71681636  16.9554978
  18.28468811  19.5119501   23.29102532  25.08170005  21.88599467
  23.14444638  14.41953257  19.9824294   18.85252805  17.9881254
  20.30780185  17.03597274  21.00029694  24.67235946  21.33972116
  19.74325639  13.70986611  13.90723971  21.45332861  23.73155097
  24.42447416  21.29790179  19.94287788  17.25271225  17.00460545
  19.55062664  23.29289233  17.52152106  18.88783548  25.2805685
  21.14443053  23.16665595  18.48564983  24.28448379  17.48979815
  17.08367128  22.1925393   21.69732245  19.62131622  16.05167835
  21.74209212  24.33031013  19.89650904  18.72897844  18.8915519
  18.04622683  18.25532399  21.31343255  22.08945798  16.46348003
  18.35077877  16.86713869  18.26238705  14.92539619  21.39820697
  16.71681636  16.9554978   18.3139709   23.08746078  17.80707475
  20.66483418  17.15512741  19.22857584  22.20500936  20.27570916
  27.17550469  17.85318251  20.34472157  22.83805878  18.27947802
  22.46346728  25.06091089  17.31641367  17.50193995  22.00964952
  18.4908859   24.24415463  19.02927698  19.43045205  18.84136091]","[ 16.4640638   11.94859398  23.53979277  21.34875604  13.02704542
  13.24383589  23.83651791  17.40041537  18.13490535  12.43937483
  12.98228098  16.29702807  26.51975416  21.86050379  21.31564229
  22.16423225  22.90511463  21.18286615  18.16918239  17.94449703
  21.15863882  16.90671014  22.77845685  25.02934545  18.61441484
  26.92803209  21.88921546  17.71364262  17.93773171  16.67586457
  18.80274133  17.80462436  22.96297681  11.94859398  23.53979277
  21.34875604  13.02704542  13.24383589  23.83651791  17.40041537
  18.13490535  12.43937483  12.98228098  14.434772    15.46307348
  12.84535203  21.57784283  22.66465258  18.38703353  13.90172235
  11.52455645  14.61529671  18.08671944  16.17545601  12.02014498
  24.51561644  14.71675146  24.79472018  22.67298172  13.91405345
  16.29702807  26.51975416  21.86050379  21.31564229  22.16423225
  22.90511463  18.61441484  26.92803209  21.88921546  17.71364262
  17.93773171  16.67586457  18.80274133  17.80462436  22.96297681
  20.61093608   9.40410031  16.17545601  12.02014498  18.30505183
  23.23341361  11.36977209  16.89829536  20.59401026  22.72574682
  26.30724253  24.30779736  16.75908309  22.53528846  18.4046664
  16.38487385  19.79051434   8.01687253  20.44881322  18.7848934
  19.09536953  18.37994594  10.28527032  16.5129833   16.45635527]","[ 36.91604988  34.2755565   24.60596345  36.67254504  36.68738505
  33.27267381  30.03574505  29.39487283  35.29114121  37.01306263
  28.81020572  31.60125855  35.22845739  34.05645969  34.5320389
  35.18493281  32.51753389  34.36453441  29.56323131  30.76649756
  41.15741251  39.34182562  31.17584084  31.56204826  30.7874314
  35.3724243   30.9395744   43.35231514  35.45159932  36.26562945
  28.20431665  36.23493546  29.6572741   36.71927336  36.667157
  35.09587385  32.86754472  30.09897528  35.51901388  33.75678253
  37.61178622  39.34182562  31.17584084  34.827843    34.78769684
  35.70257791  38.99200049  40.3386162   39.70329152  29.46464403
  33.69580968  30.51753183  20.4731585   38.77996054  33.86651891
  35.34128364  31.60125855  35.22845739  34.05645969  34.5320389
  35.18493281  32.51753389  34.36453441  29.56323131  30.76649756
  34.78953684  40.71071019  29.15378836  37.8120797   32.81054688
  35.85713406  37.36689244  43.39068707  34.28529032  38.95393558
  30.23210802  37.36332946  32.55694227  39.68054247  42.7887182
  37.56097371  38.66925005  37.98239394  34.76591857  39.68360836
  35.14355863  38.82368726  34.15795556  34.72505834  35.86851468
  35.66357092  35.1522442   23.0237897   34.74956842  36.46695505
  32.14214506  31.60832318  25.67084202  38.45166387  36.7276934 ]","[ 18.18637992  15.10264017  23.51097674  18.97871647  11.34367655
  19.46047632  22.00195927  16.16906335  18.72283535  17.98475075
  16.98189615  12.99053392  17.21992971  12.475411    21.06834672
  15.58719293  12.66259662  16.83749647  17.5641191   18.13719245
  14.53257415  23.91814509  12.4390538   16.86438192  20.7886807
  18.5496234   21.91196727  17.37123378  24.65938051  15.00821758
  17.75598719  21.49445716  23.22737505  21.91196727  17.37123378
  24.65938051  15.00821758  17.75598719  21.49445716  23.22737505
  14.55652943  27.06275056  20.92373827  12.99053392  17.08158016
  19.59718819  22.9611295   16.86602394  12.47304824  16.65375735
  19.27473245  15.11296907  19.45606744  20.67601224  18.1147501
  21.36133791  27.95377329  18.92800783  16.82528187  20.10411733
  25.61401936  21.17243143  17.57056674  20.20955136  21.26977095
  16.11291214  21.70841881  23.70526025  22.53029126  16.86576611
  18.38681419  17.43562622   9.84023211  19.80847676  17.25617857
  17.07275609  17.23387824  22.26014858  21.14051646  18.93853881
  11.82002567  20.5792422    7.42412763  16.68201469  17.10347257
  18.27160754  21.1566307   22.05927588  18.25521538  21.66899707
  16.61227574  16.36874057  20.82927354  21.12869322  16.49270336
  16.36979413  17.68974331  16.24988048  19.22227373  14.86277165]","[ 17.73996034  20.86579307  15.68661045  15.87552     19.26848604
  16.53592265  13.5389782   19.77807387   7.67450421  17.80803057
  18.28651563  15.87552     19.26848604  16.53592265  13.5389782
  19.77807387   7.67450421  17.80803057  18.28651563  14.79561112
  14.42253945  19.80481565  10.3372779   18.24159202  16.69242316
  17.8893653   19.32822128  10.48037307  16.29787309  15.86816986
  14.67598991  19.07631416  15.58537811  16.99581448   8.87442932
  16.8257009   15.04513614  18.33322521  13.52058869  21.16516753
  16.91632885  14.92154686  13.94404886  20.58294714  14.08248394
  16.43096846  17.73996034  20.86579307  15.68661045  15.87552     19.26848604
  16.53592265  13.5389782   19.77807387   7.67450421  15.70305707
  13.17871362  13.28765841  17.03199432   7.58559607  14.06262306
  14.84557312  15.28110975  17.36995185  20.04328277  18.74816608
  15.06438625  15.02390569  18.257884    16.22606574  17.58150891
  24.24058274  12.99881695  14.28608431   8.15724515  20.58770146
  19.58500876  17.61394098  12.73554687  14.14021926  13.77018847
  16.6175974   19.19950294  19.43877744  17.49191575  17.31889821
  18.75801931  13.36299834  15.39393341  14.28015503  18.45482504
  13.84545113  17.01255242  12.49525709  15.13897949  14.79114336
  15.19700763  13.24364814  16.99581448   8.87442932]","[ 20.37303846  29.7947518   10.97791383  17.38602428  21.85037804
  16.23459248  19.6502051   26.21474452  19.24350818  24.63206345
  25.08401989  16.58057876  20.37303846  29.7947518   10.97791383
  17.38602428  21.85037804  16.23459248  19.6502051   26.21474452
  19.24350818  24.63206345  17.9342396   16.83478555  20.91871966
  22.00550328  12.87377861  20.28500235  14.77715753  25.78600975
  22.862087    24.26167663  17.45180322  16.00780421  21.50899992
  25.64608582  22.43178271  14.10160845  29.29987752  23.48751622
  22.27787609  20.4377014   17.57123234  17.07902538  20.5094637
  21.59030358  17.9342396   16.83478555  20.91871966  22.00550328
  12.87377861  20.28500235  14.77715753  25.78600975  23.88924018
  21.92787346  18.94759817  23.67414763  25.59007201  23.05819446
  17.63284919  15.36868252  19.16254272  21.18553081  16.73200618
  21.30858079  17.04553975  19.30951537  19.4215969   22.04345374
  16.98016689  20.33243394  14.43913585  23.0232422   18.38201433
  20.94112619  22.37630659  23.86625478  27.28689393  17.28084656
  25.49085164  24.6953237   24.16238271  25.04022864  19.8374935
  27.09196474  16.30876301  22.83611338  24.8466139   22.8842753
  23.25530371  20.07007618  18.8101787   26.8389433   11.6280334
  21.42368485  25.79964513  14.01206918  23.18928023  22.22615011]","[ 30.32835429  36.35166295  34.15301259  34.34862357  31.31523906
  31.14086635  29.91892832  27.59189827  34.98168822  34.13622651
  24.65302917  29.64859678  36.77155433  35.36663219  24.90116467
  33.0861118   29.13235077  31.91640808  25.97618568  32.10529619
  36.30166222  32.86002389  30.46663649  29.5743049   27.77666282
  33.29155902  31.83407747  33.65225206  33.67100348  28.56843564
  28.59889675  29.32605803  29.76693275  26.04155409  37.64432666
  28.48572376  30.30488937  32.58721311  27.79524382  37.84185632
  31.16818487  27.79280036  30.96515205  28.73693815  26.00091134
  32.24307263  35.09926154  30.05864663  31.01694168  30.96886395
  28.56015797  31.37647989  26.04155409  37.64432666  27.98150255
  29.20541883  34.4879754   29.04519538  32.26755732  29.53153426
  27.23669313  30.50632796  35.06229483  30.33990603  35.95761953
  28.75497833  30.51592872  34.78287364  28.78643814  37.72682306
  27.81028434  33.35663716  33.60444251  36.44931914  28.30362302
  33.80292968  33.33383735  32.91252039  28.63272479  25.87383433
  26.62840666  39.39202233  37.40097599  29.11570487  26.37083401
  37.41884018  27.77554002  28.66105058  36.97201488  35.02794479
  28.08391965  31.43541082  28.56003799  33.47262364  39.31496419
  25.83608962  34.14161737  34.87437281  34.26645672  37.11249921]"
"[  1.98641049  -5.60857619  -3.10685005   8.40074945  -3.76242711
   3.16978463  -2.76443009   0.69672235  -2.64140423  -5.42608757
  -1.47901313  -1.04430007  -4.0369888    0.62874978   0.56061845
  -3.1401837   10.82199344   4.59461329   5.71144215   1.60620206
   2.3980389    8.4410854    2.95351678  -3.84898064  -0.26648882
   5.47709447   2.08760726   3.68227387  -0.09052199  -3.12863612
   2.17269927  -3.85391479  -1.57293246   5.6684358   -3.9997167
  -0.68666057  -1.58491346   6.93493485   0.35925008  -2.5951337
   2.60470664   4.31022178   8.73571001   3.19989276   7.72595972
  -3.92897617  -0.42698815  -2.96480928   8.4410854    2.95351678
  -3.84898064  -0.26648882   5.47709447   4.05130657   4.03014199
  -3.88564837  -0.79379972   4.13210033   4.84768566   8.73571001
   3.19989276   7.72595972  -3.92897617  -0.42698815   0.35925008
  -2.5951337    2.60470664   4.31022178   4.79109224  -0.72407943
   4.05130657   4.03014199  -3.88564837  -0.79379972   4.13210033
  -2.64140423  -5.42608757   3.98577549  12.26362797  -1.57293246
   5.6684358   -3.9997167   -0.68666057  -1.58491346   6.93493485
   0.35925008  -2.5951337   -2.5951337    2.60470664   4.31022178
   4.79109224  -0.72407943   4.05130657   4.03014199  -3.88564837
  -0.79379972   4.13210033   4.84768566   8.73571001   3.19989276]","[  9.26184792   9.23954198  10.88901033   4.92086682   8.23691702
   6.69129912  10.60207158   7.33550446  13.1275103    5.22657389
  10.34896235   8.42651279   7.49039974   6.60899679   3.97621306
   7.37820726  10.7574887    8.46448161  10.17660217  13.92580996
  10.94681989   9.0892261    4.92086682   8.23691702   6.69129912
  10.60207158   7.33550446  13.1275103    5.22657389  10.34896235
   7.06448816   6.94999272  10.34779968  10.42485334   7.67438805
   9.26184792   9.23954198  10.88901033   4.92086682   8.23691702
   6.69129912  10.60207158   7.33550446  13.1275103    5.22657389
   8.46448161  10.17660217  13.92580996  10.94681989   9.0892261
  14.27767557   7.23969754   8.12814507   9.40423297  13.17816075
  10.42485334   9.31829704  12.20516987  14.87303994   3.02493537
  12.21704482   5.95189938   3.72240274   8.32654365  10.2589356
  11.34532887   8.76934676   8.59332393   6.99026313   5.94272741
   7.5783472   14.11207358   5.3859795    9.05117162   7.52319556
   3.89777547   9.81143116   6.60899679   3.97621306   7.37820726
  10.7574887    8.46448161  10.17660217  13.92580996  10.94681989
   9.0892261   14.27767557   7.23969754   8.25977223   4.1015104
   9.55180278   9.72198656   7.24415085   8.09741672   6.62299362
   5.66353223   7.69565686  10.36634727   4.98332526   8.45387284]","[ 33.86402824  28.66989445  30.00929976  27.42843371  31.79679173
  30.49792157  26.92370914  39.6508666   33.94620172  33.17276818
  19.85589523  30.49792157  26.92370914  39.6508666   33.94620172
  33.17276818  19.85589523  33.23531294  32.99206795  30.59817861
  31.19586758  34.0303433   28.5604588   31.49328254  31.58021232
  27.60230944  30.37476663  38.98890135  28.44901655  27.8575599
  24.66912384  30.64304459  23.73220692  28.44769869  33.10280254
  27.52064332  23.44478555  31.75585237  32.98674232  36.38500322
  31.9096691   32.37000032  37.43134569  30.84322519  31.39010761
  32.64270708  35.21398647  36.31203942  31.26672144  24.92733398
  32.94203782  27.39023259  30.48455858  26.42954751  37.38928507
  30.98495111  26.03367589  24.10004539  35.35606506  31.83880091
  36.04056522  31.39109895  32.70049044  36.530805    28.25493918
  25.06996298  37.65827939  28.69124754  30.7720246   26.50505145
  33.60436952  32.67060581  36.17064276  28.44769869  33.10280254
  27.52064332  23.44478555  31.75585237  32.66796196  25.5797003
  29.56782816  36.03949164  32.4634197   13.87099592  24.05397866
  29.10566256  33.33771057  27.88109731  27.27881557  35.306179
  27.51547058  35.85797341  28.0252674   36.8507798   33.70537269
  34.43670679  30.84371093  28.60590889  34.66483879  35.06204624]","[ 22.33899222  18.90807549  22.89867144  22.3310335   17.15009443
  17.51641324  20.9633945   23.68163619  24.71489643  22.77386948
  23.61750003  21.055847    21.81474871  18.2515806   18.90630151
  19.316867    20.63386015  19.87086028  23.59167048  21.18624308
  28.15836029  22.92056455  21.87479769  22.83143072  18.76319957
  21.74497356  23.06541514  16.54229777  17.89786198  18.33327638
  21.94709499  18.31339126  21.65591342  19.14518918  19.11544311
  22.83977521  21.19145254  19.59444273  21.00072556  23.40317368
  25.17819845  26.88222301  23.48739529  15.79942738  20.76969756
  24.58898696  18.08739613  23.25208793  22.60587677  24.51930598
  17.80521913  21.96380554  23.46267034  19.63260777  18.37300477
  22.83143072  18.76319957  21.74497356  23.06541514  16.54229777
  17.89786198  18.33327638  21.94709499  18.31339126  21.65591342
  21.03580846  22.76628273  19.9375384   20.962884    24.19715932
  19.61518176  26.78523436  27.7710441   23.95794122  21.29890431
  25.84783862  19.11544311  22.83977521  21.19145254  19.59444273
  21.00072556  23.40317368  25.17819845  26.88222301  23.48739529
  15.79942738  20.63771371  23.37275074  21.46430052  20.86250387
  23.41171493  24.33463735  21.88768979  20.84024068  23.59102455
  23.39490952  20.67035791  20.3383736   19.68059575  23.21676208]","[ 21.57167669  16.08776744  19.93790611  16.28502115  15.78052702
  18.49774576  14.56685099  18.58345215  16.75012773  23.81530573
   8.76099742  14.58460553  13.46697826  16.29498668  19.3155641
  16.22122573  24.46372076  23.44174182  24.64398989  20.97604909
  -3.59071025  27.29719205  20.70089809  22.72649838  17.40554789
  19.37429226  13.07712298  14.14623737  10.83094379  16.69077134
  17.14313552   7.24668583  22.40662003  17.18408029  21.32163321
  20.32076151  18.88542664  25.63143031  20.67355791  18.21786766
  18.02868627  12.94245766  24.3602312   23.81530573  16.60347155
  21.45941281  17.7108523   19.9132029   18.86644796  21.44487341
  12.79268392  17.52598025  10.8837507   11.85972896  22.72649838
  17.40554789  19.37429226  13.07712298  14.14623737  10.83094379
  16.69077134  17.14313552   7.24668583  18.8544048   23.99436574
  21.04671164  16.29056589  16.01505179  12.57783617   8.76099742
  14.58460553  13.46697826  16.29498668  19.3155641   16.22122573
  24.46372076  23.44174182  17.87590773  16.91873424  17.708422
  20.94893366  20.48183738  16.81707328  24.02772512   5.97344908
  22.16421077  14.09710886  13.383743    16.15881962  15.67686643
  19.27396008  27.88045087  20.20253207  19.38149729  15.45454958
  15.83161003  17.72825156  23.79303584  23.42244534  17.87590773]","[ 28.47120619  26.07535998  27.02608413  34.30815469  34.8180718
  23.86649549  38.16722077  34.88822356  35.07006515  37.76691557
  38.44217356  29.4922246   30.94815688  38.75295515  34.37739674
  35.34343028  37.82296243  38.13558635  34.45695838  36.43505324
  36.66780482  41.68738082  34.87297602  27.28373058  33.58965949
  30.08136496  34.41429729  41.53906532  36.53389254  35.59827645
  35.65120062  36.95355799  40.2933914   34.0097276   39.95369457
  30.18565934  33.84415899  39.66313129  33.76357034  44.18086734
  39.87159027  27.78807632  39.21002453  37.69825651  37.4281853
  39.65601293  34.44628628  36.48706236  41.10163775  34.31331151
  31.75495479  40.14098425  40.69191777  39.18885911  43.86502892
  38.60061298  37.32523597  29.15057574  31.18876806  27.11457965
  29.35739987  35.97970013  37.02728817  22.37585879  38.46049005
  32.24507979  38.60061298  37.32523597  29.15057574  31.18876806
  27.11457965  29.35739987  35.97970013  37.02728817  22.37585879
  38.46049005  32.24507979  34.12994658  33.01358112  34.87297602
  27.28373058  33.58965949  30.08136496  34.41429729  41.53906532
  36.53389254  35.59827645  35.65120062  40.13497039  31.67152159
  26.01686993  31.25511285  34.2548601   36.91172651  35.70907184
  34.14273499  29.83301615  29.76310384  29.83221146  32.36151103]","[ 20.11661525  16.43998311  22.4664602   19.38154583  16.42583821
  19.39461162  13.99532963  23.25907036  19.22654086  23.52630053
  18.97484268  21.48183794  17.69579963  24.59884897  26.99202998
  26.64710033  20.7411099   22.76999657   2.7860564   20.45581689
  20.83900219  18.5832436   16.85804801  14.91312338  21.01507661
  18.12040597  18.04477589  18.60838974  16.11880382  23.00824054
  16.65522503  19.6785098   13.3124365   26.0770813   17.07710312
  20.44896007  12.16972298  20.03285044  19.67687765  19.40401265
  23.38400009  19.14209426  24.39185256  22.21169213  19.19625728
  15.03187989  21.30024962  26.05968557  16.36160424  16.6205943
  17.00828279  20.30340323  17.48262257  21.05313825  16.6205943
  17.00828279  20.30340323  17.48262257  21.05313825  22.17387678
  17.31219825  17.94953588  24.4813786   16.85804801  14.91312338
  21.01507661  18.34067061  21.24362845  13.67186701  22.8511993
  21.48183794  17.69579963  24.59884897  26.99202998  26.64710033
  20.7411099   22.76999657  20.95548719  24.73989277  15.32983633
  14.53417044  15.78860466  16.4159827   19.08691196  25.74458152
  24.47656077  26.89308668  23.47228853  16.97783754  10.51559352
  19.24483485  19.98373035  14.9417293   21.98848816  14.90181081
  18.02058673  23.99761359  11.86568877  22.33237017  27.26404134]","[ 15.01503956  14.9420417   17.78590485  11.92363604  21.04460564
  14.47119096  10.42856596  15.23084975  15.25986896  14.704481
  15.60719555  11.85688792  12.65277068  17.56694163  18.02406351
  20.05645246  17.30429263  13.40211611  19.95943178  15.87407424
  14.42218693  13.51541064  20.6897591   14.35827141  10.79302325
  17.3937042   12.47873609   8.99630857  15.28902343  14.46591939
  17.2604747   14.2782853   21.88491106   3.97073913  17.41997158
  13.98675305   6.75373613  20.6897591   14.35827141  10.79302325
  17.3937042   12.47873609   8.99630857  15.28902343  18.08059687
  13.94563724  14.03024261  15.482861    17.19093333  12.5599832
  19.53591897  16.21035937  16.4172212   19.87659532  17.88292816
  10.42930194  10.43797913  15.46456748  13.92576794  16.92991776
  24.0516181   10.46646254   9.75202795  12.04145568   8.97948007
  17.88292816  10.42930194  10.43797913  15.46456748  13.92576794
  16.92991776  24.0516181   10.46646254   9.75202795  12.04145568
   8.97948007  18.80758454  13.95321957  18.93504904  17.78504592
  20.15271722  18.73591235  11.12919432  19.55272885  20.76766645
  20.86396944  20.31076685  17.41997158  13.98675305   6.75373613
  20.6897591   14.35827141  10.79302325  17.3937042   12.47873609
   8.99630857  15.28902343  14.46591939  15.01555486  14.76464048]","[ 19.27810788  21.21300988  22.90011695  22.83127959  19.9232604
  18.36387541  20.21664621  20.01563401  26.49102584  22.39925998
  30.8327547   20.91075891  18.61129805  18.31608884  24.92017012
  26.21992636  21.63504314  15.32359536  12.72406994  17.36675048
  18.83424545  13.93071772  26.35761278  20.27977225  23.34520944
  22.71337451  23.63843364  24.38356037  20.13864006  21.89802112
  20.68993973  25.87737096  18.66536707  24.33728046  19.27810788
  21.21300988  22.90011695  22.83127959  19.9232604   18.36387541
  20.21664621  20.01563401  26.49102584  22.39925998  17.66403517
  23.23669305  16.4621831   24.53631396  20.10102575  18.6674717
  14.69392351  20.24300458  28.07367987  19.52179399  16.78162708
  21.62543434  14.33126479  26.84868492  19.99649086  24.41601432
  21.03631932  26.4195256   20.18279132  24.80404985  20.77090447
  19.72057787  24.84765524  23.13726247  23.79170403  18.64238316
  22.62755804  19.99051475  21.40637456  21.67650028  19.97975957
  23.43830109  21.33431177  20.75140854  11.41789808  18.65703191
  14.24161456  26.32475925  22.38444732  20.3647521   18.57885076
  20.85285972  13.53084679  22.48214822  25.11021093  17.66403517
  23.23669305  16.4621831   24.53631396  20.10102575  18.6674717
  14.69392351  20.24300458  28.07367987  17.28638422  18.53077462]","[ 35.21423402  26.38113017  26.69511112  34.09648394  34.10565831
  25.00436029  33.1445834   29.57301048  40.5949164   36.706238    19.7110277
  36.45970145  37.59386586  32.21301213  32.50545147  38.40681211
  29.49908698  30.538525    33.82217698  30.72735416  30.24084633
  34.76858792  39.12425429  34.29374433  39.30298246  24.36319353
  32.34964326  34.43636349  34.04458274  38.39538971  33.05981281
  29.23348241  32.21527945  36.05899915  32.23460078  33.15589557
  32.93102823  30.65804238  28.40235236  31.00730469  36.45970145
  37.59386586  32.21301213  25.42347791  35.40075261  27.82384561
  32.85629269  39.18310951  34.51353156  36.12583216  32.57287086
  27.34927645  29.97775291  33.10223179  29.55401854  27.86199054
  41.59016769  34.56870968  33.38160373  32.42149273  26.720951
  35.21423402  26.38113017  26.69511112  34.09648394  33.51193006
  30.11005919  25.65044331  28.69288381  29.42146064  29.39747319
  25.53513228  27.15179889  34.53938137  40.34492427  28.11425052
  33.29605671  29.31932662  37.62500349  34.18529852  31.89691024
  38.76485199  28.76954797  40.36031153  31.66458288  30.76454543
  31.8922324   33.18950398  36.92741897  38.57928444  30.08396004
  36.66307715  33.67406223  35.68627191  31.72473001  31.20306838
  30.55425324  31.79273639  35.9731048   27.25149228]"
"[  4.27399668   5.28262413  -1.49016772   5.5483073    3.34349549
  -3.46224025  -1.70964649   2.08932063   4.36197799  10.70484806
   1.37814388  -5.34419657  -4.69412261   2.11782517  -2.95975996
  -0.44616113   1.1038786    2.49101412  -0.88711494   4.13617369
   4.16291092   8.98614749  -2.33369587   4.47018283  -4.33864968
   3.14110244   2.04329275  -4.34937274  -5.34419657  -4.69412261
   2.11782517  -2.95975996  -0.44616113   1.1038786    1.1038786
   2.49101412  -0.88711494   4.13617369   4.16291092   8.98614749
   6.73797887   1.64321908   4.21485734   2.75020637   2.98726176
   6.73797887   1.64321908   4.21485734   2.75020637   2.98726176
   1.12043781   3.78192635   3.16545249  -4.2928922   -0.03635461
  -0.91608377  -2.33369587   4.47018283  -4.33864968   3.14110244
   2.04329275  -4.34937274  -5.34419657  -4.69412261   2.11782517
  -2.95975996   2.39259163  -3.02039978   5.55576335   4.19270316
  -3.33174887  -1.99705317   4.43574678  -2.33369587   4.47018283
  -4.33864968   3.14110244  -2.50412721   2.20812898  -4.85037281
   1.13003638  -3.44744062  -0.45167422  -3.20578885  -5.35222187
   3.15847879  13.56994429  -2.10235312   1.1038786    2.49101412
  -0.88711494   4.13617369   4.16291092   8.98614749   6.73797887
   1.64321908   4.21485734   2.75020637   3.79836409  -3.26555629]","[ 10.84848274  11.42023073  11.42372032   9.11657857   8.60448527
  10.42924824   8.7023363    8.00583626   8.90884286  13.10788429
  11.30353228   9.67727629   7.5615673    9.14157411  12.01923522
   9.68369055  10.86387998   8.28280796   7.45699739   8.8594077
   4.09008644  10.67812546   7.51641128   5.7139644    7.09674802
   8.70864283  11.19261558   6.37451656   4.28971297   9.67727629
   7.5615673    9.14157411  12.01923522   9.68369055   8.70864283
  11.19261558   6.37451656   4.28971297   9.67727629   7.5615673
   9.14157411  12.01923522   9.68369055  10.86387998   8.28280796
  12.31576911   9.80102283  15.63395834   5.88633442   7.36720397
   7.76457365  10.77298908  11.70153664  10.23538504   7.60819617
   7.71361197   9.58695984   7.17917531   7.46990634   4.17528143
   3.7512933    7.86175861  10.49778264  12.31903215  10.32232359
   9.65134683   5.76590034  11.02941735  11.43577623  12.7015583
   6.36158562  10.55421835   7.16406329   6.23410649   5.53720051
  18.47355952   4.8868386    7.51641128  13.21504435  16.47081209
  10.84848274  11.42023073  11.42372032   9.11657857   8.60448527
  10.42924824   8.7023363    8.00583626  13.21504435  16.47081209
  10.84848274  11.42023073  11.42372032   9.11657857   8.60448527
  10.42924824   8.7023363    8.00583626   8.90884286   9.54417104]","[ 30.74156351  34.98493865  36.73432605  27.37408924  32.94630356
  35.89323757  37.80944924  34.94904365  31.97177081  38.41428865
  33.51465878  34.78705486  35.56075263  35.05560698  30.50041374
  43.05211736  33.91713052  32.45059342  35.63351444  38.21571261
  34.8748616   32.75729265  44.65848356  28.78541676  42.09758196
  31.56476322  38.99758284  26.88848349  34.23413142  38.7302812
  33.77223528  37.06615584  38.20330376  36.85561816  27.42642994
  34.90700866  34.46818511  32.03658961  40.51472763  28.32953744
  39.14254905  35.45046663  39.21469569  37.62182407  31.71541836
  41.3898735   34.13150863  29.54440402  37.75818411  36.85561816
  27.42642994  34.90700866  34.46818511  32.03658961  40.51472763
  35.36621969  32.77595711  32.10473665  36.54168942  38.40918509
  36.06670066  30.39929795  44.10893914  29.29796918  30.51716704
  32.46675583  32.65137294  38.15285158  32.59510685  37.49272103
  33.8655494   31.55157634  33.59771138  31.69176408  35.58544542
  31.82269083  27.91842542  40.04360227  40.58768349  34.03847328
  34.63989667  30.74156351  34.98493865  36.73432605  27.37408924
  32.94630356  35.89323757  31.56476322  38.99758284  26.88848349
  34.23413142  38.7302812   33.77223528  37.06615584  38.20330376
  33.95571291  37.74392524  34.75143745  36.22148713  36.96430698]","[ 20.64106434  17.89181603  22.73895826  17.01069691  20.25604206
  20.54315418  16.17017401  21.61708785  21.03175935  25.23697541
  18.90908744  16.06488194  20.30414083  16.13933192  15.7137578
  22.20460599  19.17366189  18.56581366  20.23218476  21.76277495
  22.0043076   22.31749416  17.12320307  20.53581267  20.52315089
  18.74833649  17.32425012  20.52671268  19.25816741  21.18738933
  21.00321749  21.88913383  17.50065907  18.23650447  19.73805096
  17.81702244  20.11577716  20.45283599  17.12855477  20.91974975
  13.65233957  12.04467651  21.72351671  22.21388686  18.87320471
  20.79280446  11.76468232  17.35428285  18.68293993  24.08674008
  17.89267747  18.86352299  17.16950086  16.73045406  21.15970258
  19.46368438  20.85932619  19.12922783  18.05620051  19.07483008
  18.27078199  17.58970846  16.49795839  16.48522806  22.33209735
  17.43697604  17.12320307  20.53581267  20.52315089  18.74833649
  17.32425012  20.52671268  19.25816741  21.18738933  21.00321749
  21.88913383  12.78130225  18.85181088  18.15380756  20.52587063
  18.5989165   23.55851394  19.43701573  21.51731349  17.09919044
  19.59970752  14.77396778  14.3349089   21.15970258  19.46368438
  20.85932619  19.12922783  18.05620051  19.07483008  18.27078199
  17.58970846  16.49795839  16.48522806  20.58883804  19.37135989]","[ 10.04808596  14.78736791  20.28861331  19.45333001  25.43476063
  24.36756129  13.58578034  22.49933191   8.45663812  21.0237713
  19.38901384  18.86186145   7.94700591  20.20534082  15.62551524
  16.15159313  23.30180424  21.06071407  11.6126625   17.75087479
  15.65272585  14.77346256  20.73900322  16.61354345  17.47911743
  21.99722952  25.19749035  12.34212903  13.68886105  19.5316331
  15.73761755  15.42684216  19.45333001  25.43476063  24.36756129
  13.58578034  22.49933191   8.45663812  21.0237713   19.98404165
  21.49351984  17.35135394  18.24056652  16.32374526  20.51385898
  24.117945    19.32955019  17.87682727   9.74350517  29.38824301
  25.19924109   7.17341405  20.10454753  14.49347222  16.50927372
  16.80160957  15.1395547   20.01416836  17.62962197  17.28375986
  24.68535999   7.66852499  14.42482003  11.74096962  19.9869391
   8.84700887  13.20294643  13.22764593  20.125491    21.72238801
  19.50315727  17.4437895   15.55677318  16.20041143  18.49885032
  17.18111339  12.47241164  20.37813358  17.81098725  16.32374526
  20.51385898  24.117945    19.32955019  17.87682727   9.74350517
  29.38824301  25.19924109   8.04764592   8.84700887  13.20294643
  13.22764593  20.125491    21.72238801  19.50315727  17.4437895
  15.55677318  16.20041143  18.49885032  18.78202873  17.8324221 ]","[ 35.35352446  29.05163434  40.85524611  36.41529045  34.71115757
  36.81312934  32.85588062  28.11098631  40.37894921  37.64508947
  33.96104226  30.50829328  29.51600282  27.38167558  36.43751736
  36.64688886  20.97008934  41.12035953  28.7146941   39.61675981
  34.63725782  35.16282045  29.05163434  40.85524611  36.41529045
  34.71115757  36.81312934  32.85588062  28.11098631  40.37894921
  37.64508947  33.96104226  32.85321913  34.60709781  35.20520254
  31.55773567  31.38152528  35.0703306   34.41318552  26.22627791
  31.99716451  26.32562802  38.42712918  31.99110996  30.24768443
  30.50829328  29.51600282  27.38167558  36.43751736  36.64688886
  20.97008934  41.12035953  28.7146941   39.61675981  34.63725782
  23.45894542  31.25947369  35.89847424  31.33742723  21.5000253
  36.27682548  31.32187525  35.00464015  35.13549743  39.89690616
  25.48695431  35.02846568  32.6417403   32.63545753  39.12574537
  38.36153539  35.29538194  25.28824589  31.20793521  29.10558045
  33.7394134   32.87345122  33.09201558  33.53249388  39.27536309
  35.38487044  37.83826901  37.62551887  32.56838004  35.09266295
  29.9703278   34.13379633  34.60709781  31.37013353  35.27643167
  25.33047026  25.61252351  38.35486024  33.70498725  38.57316327
  29.61362447  33.50208043  35.74358423  34.82682162  35.72922485]","[ 15.08225058  18.12617431  22.37718788  18.03243568  22.84055152
  22.41971967  28.36563915  22.27432111  19.83756877  17.19326311
  24.80707414  15.63677192  24.98891401  26.31236984  20.22723546
  27.73285579  24.09165407  26.80545296  14.52546905  21.8439387
  17.03590235  24.35427473  16.4625077   19.7303077   16.22763052
  21.15757943  17.24127781  14.11604426  19.70109706  18.75002998
  19.81347659  13.89567531  22.32306991  22.83342776  10.94210797
  20.98688987  22.93284347  12.76821861  15.55482589  20.54409988
  21.26962552  18.41689712  18.85418337  19.00112285  16.83116017
  20.81658673  25.01934198  28.88188025  15.84152448  20.87578808
  20.4838564   21.39480019  24.86590055  15.13550897  19.8996894
  18.40867724  20.91937436  13.84106415  22.37211302  20.33775936
  18.93243391  22.98167126  23.60603909  22.97331925  22.3071966
  16.02183519  19.85646722  22.39682411  19.00112285  16.83116017
  20.81658673  25.01934198  28.88188025  15.84152448  20.87578808
  20.4838564   22.98167126  23.60603909  22.97331925  22.3071966
  19.8902039    5.54068573  21.00005426  22.05945748  18.73269061
  14.53106649  20.61786498  22.39052826  17.8229902   17.44448086
  23.77497494  18.0859841   20.33322577  23.90263429  19.8996894
  18.40867724  20.91937436  13.84106415  14.96392463  20.97885782]","[ 16.21643799  17.03117739  16.71719437  14.5819974    8.77834671
  17.98951455  12.65086194  15.247759    17.58001633  13.68598521
  15.63272959   8.77834671  17.98951455  12.65086194  15.247759
  17.58001633  13.68598521  15.63272959  13.7857829   14.50822613
  17.46000742  15.34113399  14.43995348  18.57949375  15.66580836
   9.33185189  13.43740317  17.7406525   10.26570459  18.11942504
  15.02743801  17.09725203  21.06407848  13.13824554  14.59529431
  18.5623095   22.79437981  17.33734826  11.88815522  17.17231481
  11.40184127  16.41193774  17.18826769  17.24510321  14.20876683
  17.40568772  14.75968861  18.60951924  16.43379422  20.23261165
  19.22068493  13.50576336  14.65600877  17.02801596  14.38975249
  14.43995348  18.57949375  15.66580836   9.33185189  13.43740317
  17.7406525   10.26570459  18.11942504  15.02743801  17.09725203
  21.06407848  12.18391768  15.9754312    5.25138209  12.08303151
  16.80418227  13.49164561  19.5875439   18.39562403  20.63173409
  16.31749139  10.89266832  16.21643799  17.03117739  16.71719437
  14.5819974    8.77834671  17.98951455  12.65086194  15.247759
  17.58001633  13.68598521  15.63272959  14.06645567  18.12621167
  17.20527007  17.35054736  14.30894522  20.23940917  16.06513164
  14.45654223  14.25183001  16.30124196  17.22055542  17.12526316]","[ 24.38984049  24.46400199  25.22388362  20.64443162  22.2112076
  21.96872366  24.58408658  19.82217827  17.96453716  27.95636025
  23.2348671   19.36057245  26.69619692  27.04080781  26.48644361
  18.62692632  23.00838353  18.71840714  24.91477202  22.42350965
  21.55281937  22.59026348  22.59425645  19.89609152  19.36057245
  26.69619692  27.04080781  26.48644361  18.62692632  23.00838353
  18.71840714  24.91477202  22.42350965  23.59197689  25.65821204
  16.61550163  26.60991988  18.76633427  19.70215404  15.77018225
  25.50406494  28.59410141  18.27296708  23.56803989  19.18687317
  21.24207996  25.63070193  20.2209169   19.87865741  16.59113144
  30.73912053  21.1156957   24.21419914  25.3051799   21.92406562
  18.0489436   23.49860213  20.38150377  25.5993285   18.56843211
  23.09653988  27.04603596  22.80616527  16.53851919  25.90019377
  28.87908903  11.46436034  27.98568691  20.77700432  19.1647631
  22.45287536  22.49456753  28.3747244   20.58717959  17.8954416
  24.72573224  18.05812236  22.14552675  18.20220951  25.51160626
  20.02776094  18.82759096  28.50327449  23.72676441  26.35878623
  21.41925849  28.4708571   22.0634118   17.94078135  23.59197689
  25.65821204  16.61550163  26.60991988  18.76633427  19.70215404
  15.77018225  25.50406494  28.59410141  21.63265919  23.08689201]","[ 33.80656124  31.39479948  36.30946101  38.1143861   35.47521038
  34.46901835  28.11335719  28.16915502  38.6613406   36.82081586
  36.47053415  25.56961314  36.86072684  32.13650794  38.7232811
  35.72176391  27.62568998  34.86648806  27.26135081  31.62561725
  30.33413091  32.80376238  36.12058592  36.37793341  30.23891484
  25.44363357  29.8397536   39.48928729  45.37156381  33.3845668
  29.26539246  32.02815013  32.35137207  30.62811671  32.2896066
  32.88655137  38.32688247  35.05242689  32.81970641  33.80018119
  32.58860589  30.31831899  34.27603563  38.60527023  32.68904397
  30.97926909  32.91082638  35.92066304  33.52849632  26.22883683
  29.45840462  26.70640229  22.78968673  27.70758147  36.08154052
  34.90791421  42.29283129  34.55247401  32.32288844  37.06584253
  33.13967256  33.80656124  31.39479948  36.30946101  33.08681077
  36.98802865  30.48149321  33.6579668   39.60522247  30.37903796
  29.2717531   36.14420426  30.10173855  41.20229028  35.92855952
  27.03108652  31.46463963  30.25891478  25.85769241  32.24857499
  34.69325891  33.42134316  35.07591673  26.02066224  31.07836724
  32.85541666  34.16468701  35.07591673  26.02066224  31.07836724
  32.85541666  34.16468701  36.57194905  32.61866118  30.67224119
  39.20902781  30.80792259  38.80218477  32.50955657  29.72621758]"
"[  1.63516471   4.5631232    3.64921273   3.54696439  -0.76285317
   4.37303974   1.98907304  -2.95891591   1.73822871   0.18653108
  -0.87020202   8.26974687  -2.8574945    1.16423249  -0.87065683
  13.52107553  -3.20730224  -0.7154968    3.90507742   2.64791557
  -2.38460025   7.01096816   5.12037299  -4.02753299   4.04909493
   4.55891692  -3.6069209   -6.25094373  -3.09056971   1.06775651
  -2.72070461  -0.4757803    2.47972839   2.96460866  12.35402009
   0.29506473   5.41894936   2.89381183  -0.80067514   3.61354576
   0.58955235   3.26419403   4.96065408   8.26974687  -2.8574945
  12.34389074   2.63712924  -5.58588145   1.86244147  -2.67054522
  -1.17317495   2.75259476   2.26096571   5.74387994  -1.37944496
   3.69308973  -0.80067514   3.61354576   0.58955235   3.26419403
   4.96065408   8.26974687  -2.8574945    1.16423249  -0.87065683
  13.52107553  -3.20730224  -1.06973536   2.1507158   -4.05182395
  -0.87744357   1.75761278   1.75559312   2.22534285  12.35402009
   0.29506473   5.41894936  -2.67054522  -1.17317495   2.75259476
   2.26096571   5.74387994  -1.37944496   3.69308973  -1.06973536
   2.1507158   -4.05182395  -0.87744357   2.89381183  -0.80067514
   3.61354576   0.58955235   3.26419403   4.96065408   8.26974687
  -2.8574945    1.16423249  -0.87065683   3.69308973  -1.06973536]","[ 11.49672049   7.03189255   6.58969578   9.21038527  11.02957685
   6.09132548  10.21023645  12.42467857   9.41806426  14.62753144
   7.8572213    5.54707594  10.73544434   8.55383101   0.68406849
   5.79443173   7.67372127  12.69307512   1.06442791   9.96748931
  10.92635888   6.71059838   9.12000307   5.57651203   5.54707594
  10.73544434   8.55383101   0.68406849   5.79443173   7.67372127
  12.69307512   1.06442791   9.96748931   7.04272722   7.78339461
   4.07129465  14.4658941    7.41991442   5.99143071   4.88953575
  10.1488461    9.65067326   9.16278626   9.63375873   7.8572213
   9.12000307   5.57651203   5.54707594  10.73544434   8.55383101
   0.68406849   5.79443173   7.67372127  12.69307512   1.06442791
   8.45672538   8.60089763  11.32194871  10.79949517  13.06109312
  11.49672049   7.03189255   6.58969578   9.21038527  11.02957685
   6.09132548   9.93911379   8.16107237  10.86744027   2.86482208
   8.19729845   5.47634998   9.03461713   3.56817508   8.50788145
   0.76277801   4.15534533  11.26773677  12.20242828   5.74028163
  13.39413879   3.8868758    0.06074751  10.64457561  12.08771328
  13.84176082   7.25655859   8.23966412   8.52281207   6.08580052
   9.89843064   3.82739975   6.15866405  11.72161384   7.87940812
  12.40121792  12.37797498   8.41893571   3.79120991  10.52963319]","[ 30.24120224  35.63311971  34.83156369  31.82647152  29.48822284
  35.61651387  33.22808399  37.69677955  39.88936201  32.24895174
  36.09639798  34.52615561  27.09543777  22.5453201   37.98507448
  29.83481584  38.33959824  38.65207572  34.77569336  25.49938251
  36.57591117  32.79408709  27.26802751  27.03069217  31.79066622
  32.80802696  27.81769991  35.82466342  34.33692752  31.93981574
  34.60174354  37.24436139  32.41554248  38.33057507  32.1236895
  29.60767731  36.42490397  34.36732965  28.90942954  31.50703873
  32.81406893  31.67037715  35.60061359  41.68501419  36.77029557
  27.67057468  36.79907096  40.23626841  33.74522762  36.29545438
  26.17630448  33.29713594  30.14348324  30.50942316  32.70240108
  33.50698372  32.19037008  34.31783202  33.51344576  28.93346842
  41.0228952   38.33057507  32.1236895   29.60767731  36.42490397
  34.36732965  38.06318693  41.76007514  37.71281889  34.52276178
  34.55355006  44.32401929  31.69655867  39.53466988  32.83149996
  32.74431619  27.27939858  35.33648134  23.33749748  38.20829101
  27.57464218  39.90875093  35.00817799  38.06318693  41.76007514
  37.71281889  34.52276178  34.55355006  38.33959824  38.65207572
  34.77569336  25.49938251  36.57591117  32.79408709  37.32494106
  37.76028317  37.16832685  29.37138867  30.90132182  39.00738124]","[ 20.48427263  19.9721977   17.48944193  20.42379093  17.24810337
  25.29556431  20.49887408  23.54327618  15.37261642  20.42768076
  15.90797311  22.06385611  19.99059466  20.77254883  16.22718173
  21.42672816  21.28740993  16.68617691  18.6148123   17.34650781  25.64297
  17.94498267  22.05430692  22.14263554  21.74535633  23.5679345
  20.88332056  15.85415555  17.94616755  20.0804779   21.43248716
  18.60567374  21.38839618  17.60300338  19.97109442  14.42597159
  23.1037495   20.35609576  22.24480816  25.38893967  15.98742635
  21.13468591  18.62512684  20.30265537  16.33600909  23.14443156
  19.11023989  18.20642634  20.97621218  21.80133135  21.90218991
  21.01782618  20.71719172  21.26494986  20.7896992   17.47819953
  21.38245186  18.29572574  20.82459418  23.0181915   18.79535848
  20.07534863  20.62394269  19.66744343  20.43952021  21.38614858
  23.25652086  19.33459115  21.51712227  23.49137002  20.66022804
  17.73546925  19.86347862  12.79670334  20.48343441  26.32370425
  22.98028595  16.33600909  23.14443156  19.11023989  18.20642634
  20.97621218  21.80133135  21.90218991  21.01782618  20.71719172
  21.26494986  19.99059466  20.77254883  16.22718173  21.42672816
  21.28740993  16.68617691  18.6148123   17.34650781  25.64297     17.94498267
  18.83307443  17.3477382   23.25095591]","[ 18.49506042  17.62413404  25.02313108  17.50863946  14.01119142
  19.02079254  20.30392031  21.60122999  23.29937509  16.54004905
  17.88667357  19.77545403  24.55933814  23.75058273  20.18501826
  17.06772689  12.36686866  15.79351764  20.46228214  27.65867047
  17.76336886  21.69920387  20.41069826  24.3220729   19.77545403
  24.55933814  23.75058273  20.18501826  17.06772689  12.36686866
  15.79351764  20.46228214  20.93086632   9.51567149  22.01851785
  25.97275397  13.38697793  26.15487569  22.11300804  21.23383756
  18.28696865  31.31851492  19.46419989  23.31533029  25.30560699
  24.4285564   18.79313043  23.77176694  18.6765028   17.51479442
  15.2886304   23.80167282  18.36951813  20.01934206  17.83954094
  15.57658828  14.65531222  17.43896711  19.30695844  19.73486233
  22.14045907  23.56653649  22.81951269  16.44689203  27.01780543
  18.85873788  19.02079254  20.30392031  21.60122999  23.29937509
  16.54004905  17.88667357  20.99265977  21.6972405   22.00993506
  22.3995072   19.43044886  21.47396961  27.46013599  25.37643692
  27.08733776  24.79837642  18.62869663  19.03434391  21.84639898
  23.04085189  22.69366872  29.44347515  20.4088534   16.7525334
  20.2719969   21.42733624  21.81706555  16.43394861  17.48738326
  19.67377591  20.8164338   19.49177839  23.8809998   22.57727409]","[ 34.68661236  47.70473025  35.00489922  39.9291042   32.57159703
  34.90065697  27.14743213  32.26903944  34.69505628  37.54770342
  33.69608559  30.83895447  36.43629775  41.13096611  40.59323567
  33.380276    33.04935198  37.19799403  37.39783524  29.86865003
  32.17251718  34.9366736   37.64703157  24.12919358  38.00193651
  26.78518746  34.31332154  41.20465145  33.75767494  39.62577756
  33.70410836  35.05427011  38.74769597  22.8043179   39.93118556
  39.42895403  31.36012584  41.0681725   45.03936413  33.43732964
  42.64322891  33.4935365   34.63971996  39.72586482  36.1347133
  38.9035902   36.75578345  29.23007269  32.22488249  32.44598207
  32.02831787  33.18666104  37.11537976  32.17520327  33.85768915
  32.58629684  40.26641681  34.79328713  28.93959827  35.52415913
  37.71367571  28.27920259  34.04739578  34.90689665  24.36660131
  32.58629684  40.26641681  34.79328713  28.93959827  35.52415913
  37.71367571  28.27920259  34.04739578  34.90689665  24.36660131
  33.9617829   35.26983789  37.73733679  36.98014337  36.61798117
  36.26294745  31.53105863  27.85753965  27.66535545  29.02461063
  39.04801726  37.64703157  32.58682369  30.08134101  37.54118472
  38.5332375   41.58286355  37.50589664  30.26414847  35.15426222
  35.46427188  30.77779357  36.4939007   37.40104391  32.08111675]","[ 22.57411671  22.98520971  22.5498296   23.77164888  26.9281211
  27.26625361  22.96493944  27.72530215  15.59415904  28.03499419
  27.7035983   23.77164888  26.9281211   27.26625361  22.96493944
  27.72530215  15.59415904  28.03499419  27.7035983   24.72778822
  25.42919367  29.15474102  18.57823244  21.57489569  25.11103954
  22.80576228  20.97670617  25.1942204   30.72356569  28.692967
  16.63594643  23.88384915  19.69424096  25.00187884  22.93493713
  19.73942735  23.24754355  24.17002904  20.7645552   27.76180423
  18.57823244  21.57489569  25.11103954  22.80576228  20.16053064
  30.0513588   25.73985537  24.27433224  21.7096013   22.660077
   4.95280151  25.00187884  22.93493713  19.73942735  27.58348241
  18.98910805  22.19350028  25.85948689  24.52554096  14.30755547
  29.03014101  23.51643331  20.44916601  19.70401688  25.76475099
  20.05101046  19.54558717  22.12856318  18.05918275  29.15040107
  24.22979065  21.72963262  24.76022359  25.62846397  16.3093164
  21.99838341  19.40068254  25.66879435  24.2750203   26.63444235
  21.96294746  27.07161804  18.95065218  27.6281541   25.00164463
  19.92935368  28.09060391  21.08248634  18.96881915  26.96409233
  24.79921166  24.26438738  21.54632679  18.42488355  20.27038949
  12.88186096  20.67857902  21.87979979  22.5968661   26.29187909]","[ 16.14331511  19.67619516  16.57470424  15.14231691  10.34204492
  17.99686736  15.2413048   17.78662724  20.56960298  12.61945044
  11.39438265  17.02444958  13.07966515   6.28229533  18.36033882
  14.65806446  11.64167325  15.74240128  17.85872538  15.73817579
  20.73227226  21.20768502  17.02444958  13.07966515   6.28229533
  18.36033882  14.65806446  11.64167325  15.74240128  17.85872538
  15.73817579  20.73227226  21.20768502  15.47682116  10.5309861
  12.74120248  15.79382772   9.66818786  15.92262469  15.48414463
  18.63582319  17.01517945  19.57181801  18.48791162  14.4179792
  19.27744597  16.93725285  19.89628219  15.38878413  14.31391239
  22.7797515   19.9973446   17.62576317  19.38019024  18.99497689
  16.80246442  17.77037389  20.93678021  14.28257178  19.16267149
  20.96905777  20.9747988   23.36223106  21.47026544  14.01029867
  15.99737847  15.86896514  11.14189542  12.42554184  12.20322806
  25.46215316  15.3361502   14.66041047  16.24645702  11.65367023
  23.11684393  12.48762839  19.67619516  16.57470424  15.14231691
  10.34204492  17.99686736  15.2413048   17.78662724  20.56960298
  12.61945044  11.39438265  15.01576057  16.36911017  20.96768989
  15.94289702  13.51680681  16.52220812  20.968692    20.6825636
  13.55116036  16.8588195   18.50061956  23.23108053  17.99686736]","[ 26.0293235   25.78126645  26.8548139   27.16795544  28.15725191
  24.62414913  24.39893583  29.06620916  28.36744519  22.2308095
  27.5323659   15.73606916  28.45607973  23.96674067  26.21609895
  22.44758202  28.22941234  31.99959759  22.06685852  29.76048051
  27.65318034  19.86632761  26.92146265  24.47923652  29.84838165
  32.76449946  26.23041184  23.66958959  36.35510924  23.17197304
  22.47749876  19.1200036   24.91020807  27.84378004  19.85603912
  21.53312939  19.11457202  25.81647953  22.0037178   24.60745107
  28.75354679  25.71490133  31.31873974  31.64289021  23.4773508
  24.0605271   27.47382188  30.14388129  20.50367988  21.3102847
  22.9453317   22.57005416  25.05614299  27.79011155  26.01070149
  27.47382188  30.14388129  20.50367988  21.3102847   22.9453317
  22.57005416  25.05614299  27.79011155  26.01070149  20.18181686
  25.26507054  25.7792591   30.17256347  30.62715573  16.13529231
  23.90383327  31.0186597   12.98233809  19.90773175  22.79937415
  16.50996653  23.96277507  23.96674067  26.21609895  22.44758202
  28.22941234  31.99959759  22.06685852  29.76048051  27.65318034
  19.86632761  24.65404923  15.82579075  27.62995934  22.29507817
  27.21415112  24.53672735  32.59955347  23.07848207  20.41823772
  23.37352044  23.77725433  22.97954311  29.5411616   22.71380317]","[ 33.99275925  33.45426671  35.05006765  31.24363286  30.72325269
  32.18587011  25.54807181  26.09580711  35.53954843  35.34258021
  29.4286951   30.89326655  35.83466702  28.49222597  35.75561659
  29.41515308  35.33756224  34.42336401  35.76097986  30.32485851
  37.47193054  29.66970756  36.99024977  35.37233852  28.42065271
  32.31024489  28.49263498  36.79989904  33.0134549   37.53477688
  35.87153238  31.20280815  31.45359649  28.32568353  31.91605476
  26.9404811   33.09419237  33.61688423  29.64503644  30.31265206
  32.20334611  32.99324031  31.44683814  32.05348331  33.37021066
  26.42716259  26.54560929  39.59377277  30.47915802  31.16209713
  31.97314364  32.98718888  26.73876169  31.90802687  30.87725502
  36.89303583  38.67019583  36.32893346  33.55506097  32.10574596
  36.06537398  36.02190895  26.83250766  32.08691769  29.92849762
  29.12352105  40.00132572  31.21622963  43.00476004  38.76442629
  33.99255556  32.73228197  37.94470007  30.79159571  26.61529073
  34.83004804  38.24898267  29.54672458  35.10110175  31.96103832
  34.41440351  36.28674286  34.54409412  33.1130493   41.15904993
  34.30236567  32.3909426   37.92764483  26.73876169  31.90802687
  30.87725502  29.17009033  34.26099655  30.61422131  30.63655612
  28.49951404  26.28422865  33.15549548  36.27552528  34.54409412]"
"[  3.55973164   1.06794249   3.9027898    2.79144984   3.14144681
  -2.29083367   3.85230024   0.74902508  -3.51719455   3.94851002
   1.29599788   4.63827933  -2.67886968   1.40595443   2.13400152
  -8.18423877  -1.57150541   6.58763375   1.60894121   0.30357021
  -4.92545362   2.65564357   2.92797598   4.16037968   6.46199761
  -3.09789285  -2.35388583  -1.81827051  13.71874779  -3.70477609
  -1.17744379   3.31607442   2.23550089   2.23550089  -2.85875227
   6.57620843  -2.63643972   4.14876173   3.1781183    4.63827933
  -2.67886968   1.40595443   2.13400152  -8.18423877   6.57620843
  -2.63643972   4.14876173   3.1781183    4.63827933  -2.67886968
   1.40595443   2.13400152  -8.18423877  -1.57150541   6.58763375
   2.46602917   5.22370644   2.04172823   0.06113596   2.38168629
   0.64659572   2.92797598   4.16037968   6.46199761  -3.09789285
  -2.35388583   2.92797598   4.16037968   6.46199761  -3.09789285
  -2.35388583  -1.81827051  13.71874779  -3.70477609  -1.17744379
   3.31607442   2.23550089  -2.50956351   0.16337912  12.71804536
   1.44002295   4.51850897   2.32050595   5.6365441   -2.01046195
   4.34141064  -3.39487749  13.81476246  13.81476246   0.66289719
  -0.1197369    4.75582828   9.34860455   2.46602917   5.22370644
   2.04172823   0.06113596   2.38168629  -1.17744379   3.31607442]","[  7.123963     9.16701395   4.14720863   9.47576345   5.19950776
   5.48493893   5.48635243  13.35287462  11.19668442   8.35768714
  11.21773319   8.57131606  10.14497056  12.28684469   6.27059584
   8.94341056  10.28774474   8.51890927   7.92019624   4.37191171
   7.08866955  10.04829483   5.26122443   5.40429919  10.82429688
   7.06844856   1.78821108   8.57131606  10.14497056  12.28684469
   6.27059584   8.94341056   4.92472712  10.04829483   5.26122443
   5.40429919  10.82429688   7.06844856   1.78821108   8.57131606
  10.14497056  12.28684469   6.27059584   8.94341056   5.45880509
   9.35895838   7.123963     9.16701395   4.14720863   9.47576345
   5.19950776   5.48493893   5.48635243  13.35287462  11.19668442
   3.89185484   5.45880509   9.35895838   7.123963     9.16701395
   4.14720863   9.47576345   5.19950776   5.48493893   5.48635243
  13.35287462   7.7101403    4.15152429   9.23911467   8.82417628
   9.0602298    6.80990182   9.06854222   3.02670986  10.23560471
  11.33103307   9.88904739   9.88557113   4.76357893   7.47145098
  10.62173731   8.74396593  12.13739578  13.1237548    9.38620364
   8.45926608  12.2950672   11.10787214   6.52498782   3.40708992
  10.79961067   9.44823273   7.45918894  10.05126418  14.6759091
  11.07342027  14.73166108   4.25789658   9.56643503   9.04073523]","[ 28.43922702  31.73731086  26.72036477  34.94527216  34.9673408
  29.28658648  32.09385068  34.1586213   30.23027724  27.60155822
  32.94147024  26.44570755  35.52232455  30.22488213  28.79617646
  32.67133444  30.31063648  39.35927043  25.75525277  38.02416109
  27.62051937  24.17557134  31.97232202  31.5860844   34.5425114
  34.27607756  25.1439615   27.98391883  28.98775477  27.19015329
  29.34510031  35.82997355  29.57340499  32.09385068  34.1586213
  30.23027724  27.60155822  32.94147024  34.44324408  27.36855387
  30.27218326  28.21486144  34.7109107   30.3417094   27.69755151
  32.1793671   32.97210678  34.26666623  34.07760746  25.74826709
  33.11926209  37.95756308  35.50818403  31.78833564  30.13635754
  33.86085622  35.32188511  33.79115828  33.6670196   32.67858475
  23.55036441  41.76491903  29.00799059  31.99426379  34.96746726
  31.49258165  30.31063648  39.35927043  25.75525277  38.02416109
  27.62051937  24.17557134  35.47742946  34.06895679  33.18200178
  33.39950717  32.86527072  31.51534251  29.74323145  36.98755512
  37.49350219  35.97464637  27.41386036  32.85390241  28.69679871
  33.04662529  31.24471472  32.08479087  29.00799059  31.99426379
  34.96746726  31.49258165  26.51064933  34.12919157  34.19926676
  31.66018018  37.82042801  36.11147299  33.76309984  43.24625019]","[ 17.91595325  17.04663289  18.45859348  18.51262814  18.61320759
  18.66771213  19.57151904  17.10835501  14.09317451  16.07334251
  18.10945931  17.51715438  16.13912049  20.45269887  17.26625894
  18.66983733  19.702596    16.00899981  16.00016717  21.24848558
  20.47092378  18.19067328  16.13912049  20.45269887  17.26625894
  18.66983733  19.702596    16.00899981  16.00016717  21.24848558
  20.47092378  18.19067328  13.98369777  21.79590442  16.03230259
  20.01306019  20.21734674  19.47932913  20.37854109  16.20332878
  20.57309102  15.35840121  17.5856039   18.72023937  17.40878219
  19.30757225  22.56005227  21.47017729  15.39880446  17.81731953
  15.86789725  15.8748351   17.45712006  17.7561731   17.40878219
  19.30757225  22.56005227  21.47017729  15.39880446  17.81731953
  15.86789725  15.8748351   17.45712006  17.7561731   18.09207626
  19.47176781  18.30148122  16.41775239  19.52094204  15.95908147
  18.75699716  18.2459522   20.79223455  15.00909343  19.32294133
  20.22259821  10.60523118  20.39819071  18.45399438  21.33908265
  21.9155234   23.17778521  23.35938327  20.51905187  18.31671536
  19.00310343  14.74480833  16.99718822  18.07037431  18.91328123
  20.7957974   18.8633557   16.28836268  21.38139509  15.76594494
  14.22316466  17.10714207  20.98193513  19.0374417   21.01915899]","[ 10.73144185  19.52770913  15.61330407  15.81098519  17.09389282
  25.73438042  17.04726681  26.06711027  20.93600448  12.10670981
  18.89022946  17.41387538  13.77145046  20.96508301  20.18345671
  21.70388199  20.04057525   9.56196381  20.91773647  24.42150796
  18.16976948  25.73438042  17.04726681  26.06711027  20.93600448
  12.10670981  18.89022946  19.57743492  20.66556315  20.67980498
  18.45388786  18.56943506  16.22617321  19.50475692  18.23770133
  13.41322665  18.99144814  23.86112412  12.17414383  15.19858963
  16.67227942  14.47313331  21.05411526  18.2770235   23.47570774
  24.28723925  22.35056162  20.30267461  20.92544968  12.36916497
  10.35721248  19.24458821  19.5198948   18.51233359  13.92847601
  14.13733278  23.30445718  20.63304038  15.10129418  10.69160171
  21.50829663  20.92143203  25.06081592  19.12827601  21.80326932
  22.181218    23.86112412  12.17414383  15.19858963  16.67227942
  14.47313331  21.05411526  18.2770235   18.32906043  19.74247203
  14.24842009  23.07929763  22.06216276  21.72114108  18.14672414
  22.98903212  16.17647214  23.47127518  18.70871144  14.22448721
  27.70008437  16.03131801  23.90830941  11.33461657  18.3082449
  15.94518728  24.12895198  20.75538653  11.63493324  18.71808823
  18.58684585  26.9356718   19.82712938  12.36916497  10.35721248]","[ 39.74174576  35.03202517  32.48622627  27.42286301  41.07375435
  33.0937167   35.46497699  33.10062479  28.32925226  30.33250406
  42.72629705  34.24362073  38.52511219  42.59956129  29.36777583
  34.47291889  28.71398005  44.01075342  40.83084294  40.53861703
  36.43638729  35.63118127  35.09532669  36.10342909  34.93247992
  33.11813095  37.23751721  36.49045596  37.65901934  40.39344374
  32.54737997  35.80300005  24.0282906   42.40087265  41.95011132
  37.43817078  36.98036076  36.02519549  38.09226763  36.31306059
  29.71566449  27.76228933  33.37381621  40.06355416  31.39108931
  42.40087265  41.95011132  37.43817078  36.98036076  36.02519549
  38.09226763  36.31306059  29.71566449  27.76228933  36.02771466
  39.74174576  35.03202517  32.48622627  27.42286301  41.07375435
  33.0937167   35.46497699  33.10062479  28.32925226  30.33250406
  42.83626289  38.6612243   42.10253174  31.67742413  34.59646089
  36.69994529  34.34203252  36.15659212  35.72035006  36.12215938
  31.62657091  36.5328561   43.44174043  35.62499311  33.35972814
  31.23975953  30.74286645  37.32165984  37.73402018  38.11195435
  35.56756502  44.9489736   32.86930701  34.80862263  32.98088855
  31.7242614   35.60071959  43.13895308  33.79351243  40.18403687
  40.18278283  41.43058844  33.04126513  35.64897412  38.03194574]","[ 18.94571902  25.11386726  19.64817053  30.83049895  30.02339436
  20.47049262  29.30548675  24.27854254  25.59208429  28.72122773
  26.53566176  17.2518886   24.51826584  27.44928861  31.32043873
  26.40693379  29.51210528  27.7871395   26.32238949  21.6589233
  27.69235174  20.20584177  25.73305798  20.82090938  33.07530214
  24.78328404  32.41625932  25.54419113  20.34812589  25.01860897
  19.94448576  24.0805383   17.93975084  25.9017859   23.59853962
  24.06496032  28.11588572  27.48014933  21.28126302  29.5824224
  15.42639654  30.45248646  28.38669272  29.06480178  31.91685396
  20.23593845  29.46248604  26.9038729   31.29856154  24.18357794
  26.17968641  29.25498957  24.48735287  25.92532759  20.34460418
  23.38501601  26.065993    23.4008428   22.87645183  24.59188733
  25.01233004  21.3417248   28.01789836  32.14574472  30.88935459
  26.9038729   31.29856154  24.18357794  26.17968641  29.25498957
  24.48735287  25.92532759  20.34460418  29.0892237   25.00621751
  25.27865938  32.14574472  30.88935459  15.41927081  25.82194907
  22.99790289  25.2021357   25.28082114  25.9017859   23.59853962
  24.06496032  28.11588572  22.99630356  23.99853224  19.12054474
  33.12214819  27.10065025  22.18755222  26.03039639  21.55973795
  21.99521599  24.24932652  14.45710667  25.37464014  29.95103779]","[ 18.77462964  15.07257514  19.39882327  16.72085141  17.64602463
  20.84379976  20.94000947  19.46244709  22.48009554  15.01591059
  16.24500651  20.78751484  20.55882921  18.98279612  21.15079521
  16.91925301  15.97266236  20.70774061  16.49344501  13.82509729
  13.3847477   19.99507623  15.04487172  14.35112742  19.91737126
  18.92096426  22.14276451  14.54604369  13.83022248  19.7411888
  23.50806691  19.58361931  20.17325869  21.00456719  18.29108346
  18.83608906  15.35093581  14.75154985  11.95812682  18.71188828
  15.33047225  13.65598286  21.65833944  21.68904828  27.83991605
  16.11399188  13.06457065  21.60994333  16.61565551  15.76159126
  17.3248183   11.76120676  24.17411004  17.96567029  17.01861682
  16.07434998  19.78337147  20.78751484  20.55882921  18.98279612
  21.15079521  16.91925301  15.97266236  20.70774061  16.49344501
  13.82509729  13.3847477   21.45245921  18.66162346  19.96667872
  13.18581718  18.03737745  15.76708551  15.33173639  16.88451082
  25.31259954  14.87919179  16.61741374  15.04487172  14.35112742
  19.91737126  18.92096426  22.14276451  14.54604369  13.83022248
  19.7411888   23.50806691  19.58361931  20.17325869  21.15079521
  16.91925301  15.97266236  20.70774061  16.49344501  13.82509729
  13.3847477   19.99507623  21.72624312  15.70132013  22.2762038 ]","[ 22.81076158  26.23350887  22.28557683  28.25249446  32.01615594
  21.15653482  23.27705102  35.80789178  23.26911484  25.38463928
  34.35924326  28.86159107  25.82145593  23.5551175   36.10249305
  17.9987736   22.09332308  18.28834722  29.84766     26.26981665
  22.23772289  14.78089507  24.54632986  23.52541507  21.39175562
  31.8285488   21.01056599  19.20135451  16.50103731  28.33162208
  30.43637794  24.55775299  24.48190561  28.07747588  28.64739331
  28.86049177  22.18305103  17.31634276  32.81144132  26.23343162
  26.34021679  29.15843865  30.20457925  35.14262389  28.71801174
  32.25636722  25.3911678   24.18165333  29.18418256  18.15869737
  25.51094737  22.93873963  24.92681811  27.92399425  29.88984549
  30.29519113  35.14262389  28.71801174  32.25636722  25.3911678
  24.18165333  29.18418256  18.15869737  25.51094737  22.93873963
  21.89923819  27.62015084  27.06441163  34.26178109  22.72296415
  22.68000027  23.76748515  18.60215591  15.55670341  25.79743458
  21.00083423  13.51773231  25.37875653  14.47597416  30.69814376
  11.88704685  28.64111212  21.33972386  27.74660657  22.8932042
   7.89967598  25.2453504   24.7786633   28.41148299  21.89923819
  27.62015084  27.06441163  34.26178109  22.72296415  22.68000027
  23.76748515  18.60215591  15.55670341  25.01251145  21.44233628]","[ 27.92029305  25.48061813  38.45902177  28.74148322  29.60787905
  28.66966626  23.2476543   31.21218525  33.47658906  34.00205577
  34.29276873  26.87153006  31.09993059  32.40927428  33.80038825
  29.85259219  31.83279863  31.26188455  28.29929793  32.79179024
  27.96391608  39.65462797  33.45390921  31.61831935  33.65687134
  33.55041257  28.27638633  27.334969    28.14378536  40.32074169
  33.19907668  34.15854236  35.74469674  32.46892901  33.11962018
  35.14145658  32.01348615  36.84044106  34.189885    31.22704532
  22.6787177   29.66519109  28.59586535  30.97380324  32.16548221
  24.94485301  31.08909781  32.98195387  28.64489743  32.60465804
  35.98937601  34.22155134  30.72385585  32.72044514  33.24136419
  33.54116428  31.77332597  29.40530225  25.11109865  26.92372038
  24.65056928  26.02958252  24.0249318   32.57331299  34.50357933
  25.11109865  26.92372038  24.65056928  26.02958252  24.0249318
  32.57331299  34.50357933  34.19159135  36.72775301  24.95589129
  33.68090159  32.55768273  28.13935437  32.41024624  30.57243951
  31.71557067  32.55292163  36.1858089   28.78288385  29.80234958
  27.6496725   30.04316447  30.56057388  33.25124868  28.40314926
  24.98501603  34.75302072  37.5302227   31.25119134  27.92029305
  25.48061813  38.45902177  28.74148322  23.67474637  33.71678584]"
"[ -1.83350999   0.11868425  10.89583971   0.0587594    3.14162994
   1.64700788   6.66412053  -3.63297167  15.81141118  -1.29003406
  -3.44947175   0.76799111  -2.89855651   4.99171109   3.56747486
   3.43564967  -3.74715211   1.49032534   4.77920054  -2.2437977
  -6.07990767  -4.60655793   1.38668329   0.33475763   0.27099525
   3.96955504  -2.6523904   -1.89702202   3.02247642   2.48257848
   3.56037784  -0.35750685   2.1328632   -3.34132674   1.28434573
  -2.0016263   -3.35611587   7.33872494  -0.666768    -3.81001252
  -0.30142605  -4.60655793   1.38668329   7.33872494  -0.666768
  -3.81001252  -0.30142605  -4.60655793   1.38668329   0.33475763
   0.27099525   3.96955504  -2.6523904   -1.89702202  -3.74715211
   1.49032534   4.77920054  -2.2437977   -6.07990767   6.40978796
   0.19565705   2.1328632   -3.34132674   1.28434573  -2.0016263
  -3.74715211   1.49032534   4.77920054  -2.2437977   -6.07990767
   6.40978796   0.19565705   2.1328632   -3.34132674   1.28434573
  -2.0016263    3.78559208   1.53950766   0.65746153   0.80428362
   0.47603535   1.56346955   2.29322884   4.97258027   5.62756339
   1.16932496  -2.69851258  -2.0016263   -3.35611587   7.33872494
  -0.666768    -3.81001252  -0.30142605  -4.60655793   1.38668329
   0.33475763   0.27099525   3.96955504  -2.69851258  11.37420797]","[ 12.71490113   9.46549573   8.41302083   8.45712505  13.32261099
   8.35822263   6.90343575  10.21534289  12.82407798   8.24086773
   8.65478581  12.21267525  14.3509296   14.37280807  10.41892599
   8.58328721   9.70097044  10.53372283  11.96758983  14.26932037
   3.24976203   1.50716056   6.41919364   7.63003722  14.36669752
   5.74915611  10.73328614  14.49931104   9.57792919  10.7383429
   9.73836034   9.57022409   5.99667911  14.3509296   14.37280807
  10.41892599   8.58328721   9.70097044  10.53372283  11.96758983
  14.26932037   3.24976203   1.50716056  13.44058709   7.33449168
   5.08050814   9.52872826  12.79620045  12.21472679   8.12021115
  13.76285258   8.12015807  13.51053806   9.45142126  13.08221919
   5.67355227   8.65478581  12.21267525  14.3509296   14.37280807
  10.41892599   8.58328721   9.70097044  10.53372283  11.96758983
  14.26932037   8.12021115  13.76285258   8.12015807  13.51053806
   9.45142126  13.08221919  10.35654192  10.41566619  14.73187693
   8.69958921   4.82825313   3.95457217  11.87071042   7.33449168
   5.08050814   9.52872826  12.79620045  12.21472679   8.12021115
  13.76285258   8.12015807  13.51053806  10.13535415   8.82336863
   5.63439208  15.92000603   7.75619686  10.27719921   7.72527311
  10.73562212   9.64747636  11.0575133   16.46728342  13.10313953]","[ 33.16806467  35.35442471  34.32241462  37.95742362  33.82720994
  33.2823958   34.09747077  29.07916974  32.94890154  34.26752364
  36.78489097  36.6366509   35.63022662  30.69643813  35.90776798
  35.15200884  32.91013476  35.41235151  32.41800669  37.45998183
  30.89857892  30.11019807  28.40062228  36.79012014  35.32730268
  30.66575075  31.62780117  36.78489097  36.6366509   35.63022662
  30.69643813  35.90776798  34.31164539  33.06585133  34.06973251
  30.7276091   36.16282438  38.70918918  39.80876674  33.51156437
  34.69581719  39.55563819  39.8643674   34.4388941   35.38270611
  33.2389494   38.4992136   36.11483803  33.88664055  38.40516121
  29.10885091  31.2413418   35.94579279  33.62877054  35.83447849
  34.83479959  28.73648848  30.46475724  30.98398448  40.82864331
  21.29428103  36.76408122  25.79575213  23.35571863  36.9849976
  38.70918918  39.80876674  33.51156437  34.69581719  39.55563819
  39.8643674   33.85822848  28.86106995  34.28271983  36.39692884
  27.63803339  29.92572312  35.55454154  34.75967478  37.53047094
  31.18409884  30.82735216  34.70594418  36.34814796  33.90744601
  31.94672688  39.77420347  34.73098287  34.19504827  37.42731428
  35.43884149  36.4656868   27.56834485  35.83447849  34.83479959
  28.73648848  30.46475724  30.98398448  30.5170964   32.0941455 ]","[ 16.51217712  15.85798755  17.07919939  17.54743189  20.29174701
  19.84968028  20.89202994  22.57825686  24.16180657  18.76217722
  22.08824579  20.6827599   17.66759796  21.04594543  18.31754967
  18.6789609   21.87868675  16.81659001  18.31190025  17.21670504
  19.93549262  19.55584191  18.18932091  13.47456961  19.62203106
  16.81188435  21.26718817  20.71683236  19.87252416  21.34504824
  17.80914561  21.01489398  17.37860588  13.16558302  19.67360002
  16.412203    18.2956002   20.88727468  18.46796176  22.03613458
  23.36413856  17.36772681  19.56571557  15.29785625  15.85758181
  19.04701666  15.38217738  18.11696548  14.59928993  17.8409911
  20.00921229  14.84134629  15.96767584  17.92296419  20.74165369
  18.41979846  13.81913173  21.93284966  15.8892878   16.63441351
  19.81734468  16.27363922  21.57518983  19.95800178  14.23637359
  15.62519372  20.48575214  20.6827599   17.66759796  21.04594543
  18.31754967  18.6789609   21.87868675  16.81659001  18.31190025
  17.21670504  20.84730789  18.18932091  13.47456961  19.62203106
  16.81188435  21.26718817  20.71683236  19.87252416  21.34504824
  17.80914561  21.01489398  23.3212381   14.34966032  18.39230018
  13.75795914  13.35815138  20.81337225  18.91519172  24.24213488
  13.81998539  18.47780989  17.234903    16.49554733  22.5523612 ]","[ 24.46616449  15.97246161  19.35977262  19.6039531   16.62187037
  19.89916258  22.43112613  23.10849617  24.47080408  20.74812251
  19.39458834  20.18170999  16.38576434  24.36238843  22.30341455
  18.73216927  24.47623479  17.0741343   22.67745917  17.64874434
  18.30343609  23.10849617  24.47080408  20.74812251  19.92728652
  20.89981159  16.46251037  25.34972733  21.17863938   9.84078105
   8.77268857  24.0044254   29.35319895  22.80760524  32.64303393
  28.85980081  20.00348722  20.95377709  22.84957244  23.77139841
  22.0481292   17.85972557  23.29342936  28.99482907  23.75526991
  26.05195458  11.7129002   16.51307312  14.13659385  24.66262695
  21.53624622  23.56575122  19.07934536  19.33425283  24.47623479
  17.0741343   22.67745917  17.64874434  18.30343609  31.29231125
  20.3688648   24.18357563  16.98925622  18.47908674  18.53796046
  24.43951426  21.29243666  17.94574892  20.87543766   5.87398886
  18.63992935  16.6361899   12.55925184  24.09445608  20.18765171
  20.73416028  17.55097296  17.23787415  29.97318376  24.04998719
  19.78096226  23.3671925   28.58767295  21.07868505  18.41274897
  17.7243517   27.31986053  23.3671925   28.58767295  21.07868505
  18.41274897  17.7243517   27.31986053  22.62912925  21.38459973
  17.91697003  12.86975841  18.67594502  31.09987512  16.42532896]","[ 33.28554354  36.99584256  37.83562151  32.30695705  37.44332539
  43.15493898  31.71785046  40.4612106   43.43836021  37.16467888
  33.48410915  30.05809501  34.27473261  38.92698183  36.92060201
  39.58872756  37.06309664  39.123729    36.46944711  38.59222856
  38.52842699  35.25005026  38.02464766  36.03382329  37.58344102
  41.54546449  38.48902142  36.31635099  41.01999451  38.22137677
  38.25060435  35.48964903  31.57066218  42.10181402  48.26734352
  40.64585977  36.88474033  40.7275212   43.17817298  46.12878634
  34.92787286  38.72753301  35.54699744  43.25044595  34.85248185
  38.37487219  41.49454268  43.14045801  38.50660442  36.25825716
  40.84262738  37.82269659  35.1689806   42.33421842  34.65789672
  41.63450903  30.1440216   38.38710533  38.90163074  35.49725279
  39.34137529  29.41065206  38.7988047   30.61312268  40.23263869
  35.07899712  36.03382329  37.58344102  41.54546449  38.48902142
  36.31635099  41.01999451  38.22137677  38.25060435  35.48964903
  31.57066218  32.8867734   29.80420052  41.9940443   35.6254034
  33.26496086  32.73938577  29.15111707  41.35945828  35.44391062
  31.31077512  40.04487223  47.05361247  34.15403182  39.94719339
  42.23764437  31.86393974  39.42261069  40.69823182  44.36809324
  35.80597508  37.16156029  29.80420052  32.8867734   34.85248185]","[ 25.34612611  21.65556443  29.42992005  27.22756793  24.67781235
  30.11333948  24.78149374  27.31968077  25.5591276   27.6164696
  24.40383112  31.98186106  20.28772306  24.46336686  26.13172534
  22.62585198  30.47225054  30.1604206   18.75298749  22.47138976
  23.49545657  32.93602012  28.67503473  26.66995582  26.0553352
  26.12490991  16.36990346  31.73041609  30.08573361  28.87011002
  26.51709614  33.21230926  21.71799755  19.97879322  18.2647598
  27.40410101  22.84421089  21.98945758  25.35303123  31.96362982
  20.77795553  23.6088069   28.38227071  23.91225673  25.83469653
  18.27611625  29.86338283  26.69459013  24.01063685  27.82732132
  21.13080771  24.59258589  25.54103772  25.67503679  25.04536036
  24.46336686  26.13172534  22.62585198  30.47225054  30.1604206
  18.75298749  22.47138976  23.49545657  32.93602012  19.32164907
  18.34089079  21.54057162  28.88526818  24.25391428  23.76879807
  22.70551739  26.24289757  23.91651998  28.69843263  32.73678431
  27.83009367  21.63815173  29.48532769  28.81268486  32.62184073
  32.82427741  21.3256824   29.04881421  19.93042234  19.24157201
  28.44690879  27.62467718  21.71799755  28.63310158  28.11175433
  35.41936295  26.6534403   26.2540171   28.50659099  24.36701362
  25.34612611  21.65556443  29.42992005  23.83440894  26.255955  ]","[ 11.13867087  16.2622726   16.10144309  13.73716586  21.38821244
  21.06251538  16.81486011  19.78392789  11.88389101  20.34427851
  16.05116916  20.10754594  17.2908621   23.20511486  17.42898435
  18.62515484  16.17019519  18.47298122  20.35578824  21.76258034
  22.66298557  14.32977719  17.10938637  11.13867087  16.2622726
  16.10144309  13.73716586  21.38821244  21.06251538  16.81486011
  19.78392789  11.88389101  20.34427851  20.38138129  18.16789092
  17.36479457  19.15031439  13.48599077  19.63996072  17.31959243
  20.14938437  17.54879855  16.86369777  18.78494839  19.27666393
  16.42949634  16.58973778  21.20228623  14.66785832  23.1363897
  20.07451756  24.02997611  11.17356342  18.1694702   12.02281911
  17.2908621   23.20511486  17.42898435  18.62515484  16.17019519
  18.47298122  20.35578824  21.76258034  22.66298557  14.32977719
  14.28729949  17.12161553  17.10938637  11.13867087  16.2622726
  16.10144309  13.73716586  21.38821244  21.06251538  16.81486011
  19.78392789  11.88389101  18.88819975  19.35756058  13.92818132
  11.59450766  12.70339093  16.57171998  18.64351281  18.0252839
  20.42670443  19.38945106  18.37720616  17.42356905  17.01322735
  19.26891621  21.96504621  16.68028195  18.3777091   15.68552476
  23.02880865  19.21404159  17.28481513  23.02875014  13.01651636]","[ 18.24260741  17.01531971  30.17128245  34.06811737  26.85530201
  23.29801435  18.394438    22.13688973  23.5259222   27.61930483
  20.68286109  15.54185176  19.66616954  30.30416081  21.30353437
  31.77772449  33.42091264  21.97874129  21.85002048  33.467491
  21.70014654  27.41856393  30.76683922  25.08947046  31.54520565
   1.28141019  24.32189286  22.00574766   6.28280932  30.40426148
  25.82276148  26.60550159  22.41064447  25.27035413  23.91004269
  33.47423064  33.96026479  28.01423493  23.33142307  24.3135112
  22.33378995  12.3339651   25.3937852   14.84558234  22.03237926
  24.520697    29.3319284   12.43419866  28.54624441  27.62508932
  17.39515916  22.50306809  26.74101014  23.14966655  23.82442104
  23.38485658  18.38072704  11.90093006  31.46339605  34.29388295
  32.01740779  27.54443027  29.34252051  14.1838219   25.05356004
  31.99396327  14.77699583  18.24260741  17.01531971  30.17128245
  34.06811737  26.85530201  23.29801435  18.394438    22.13688973
  23.5259222   27.61930483  11.90093006  31.46339605  34.29388295
  32.01740779  27.54443027  29.34252051  14.1838219   25.05356004
  31.99396327  16.78845761  28.50885042  30.45876803  20.8715353
  24.55593079  33.42582205  22.6311756   25.82295309  23.43212153
  18.74422992  33.368636    23.98054756  27.33728661  32.37764553]","[ 33.61468833  38.81812529  35.2242897   38.12058464  25.28206462
  31.11495493  25.86997723  20.31999124  29.27113278  26.33795391
  24.07673025  24.63670234  36.36953513  33.33631029  23.80308847
  32.83745846  36.63362194  34.32076775  31.30561794  29.43981757
  36.24436483  31.85203368  35.38967367  28.94067213  34.17069523
  29.29343273  29.96651495  34.19753787  31.75089189  31.26836839
  29.00536024  26.15943565  34.89025262  36.05135437  34.76619445
  27.34754548  31.34634397  31.1929894   23.28605378  28.50681498
  29.98705669  22.9603139   27.80346149  33.61142615  24.11365317
  27.73798642  35.71775963  33.14485614  30.89587322  31.88844424
  24.74348108  18.907645    35.69656003  35.35649052  34.39022918
  29.12499763  35.1760273   35.99159981  42.18119143  35.82773922
  29.44703284  38.75164433  30.90737423  28.24719965  38.94004344
  23.33630527  26.41240106  25.16782214  28.63582784  33.93280579
  31.09289779  31.11068665  30.18197512  30.26148486  23.49815126
  29.46586628  31.13366062  40.93036698  34.84688724  27.49617758
  37.64316074  35.94340116  21.2793299   32.66613395  29.65502546
  37.00992669  33.27681258  35.37826179  25.98031508  31.23062043
  30.03100609  21.28523525  36.44623877  38.94004344  23.33630527
  26.41240106  25.16782214  35.99159981  42.18119143  35.82773922]"
"[  3.0719173   -4.84697543  -3.4787762    6.7453621    0.9980113
   0.77747063  -4.78016044   6.00536181  -1.97581677  -2.57152964
  -3.69064451  -6.15450947   2.78330758   0.74350759  11.32473227
   2.95861065   2.48958737  -0.56783961   8.28341766   1.57908073
  -3.2485216    3.76209346  -0.4507185   -6.15450947   2.78330758
   0.74350759  11.32473227   2.95861065   2.48958737  -0.56783961
   8.28341766  -0.34458389  -4.35081331   2.03062783   0.95847325
   0.44219883   1.97947892  -2.57823052  -1.64796181   3.17229754
   4.15924819   3.76209346   6.00536181  -1.97581677  -2.57152964
  -3.69064451  -0.74021731  -2.75538125  -0.34458389  -4.35081331
   2.03062783   0.95847325   0.44219883  -2.75538125  -0.34458389
  -4.35081331   2.03062783   0.95847325   0.44219883   1.97947892
  -2.57823052  -1.64796181   3.17229754   4.15924819   2.95861065
   2.48958737  -0.56783961   8.28341766   1.57908073  -3.2485216
   0.24473571  -1.0904871    3.50926683  -0.61438147   2.25481482
  -1.64796181   3.17229754   4.15924819   3.76209346  -0.4507185
  -6.15450947   2.78330758   0.74350759  11.32473227   2.95861065
   2.48958737   1.84640178  -3.02665261   2.16744574  -2.75978371
   4.57571341   3.41036921   4.42325318  -3.2254789    1.47039216
   3.0719173   -4.84697543  -3.4787762    6.83319674   2.84425779]","[  6.56144301  10.40136796   8.9381483   13.74197102   8.22503564
   8.77678255   8.67661162   8.93436809  10.1950269   11.1379288
  14.69287541   8.9868204   10.00787336   8.53243107   6.83018503
  11.09554298   9.95725813   8.37174431   8.76027933  12.95397794
  14.72605591   9.65796523  11.79640772  13.88375475   9.82298641
   6.56144301  10.40136796   8.9381483   13.74197102   8.22503564
   8.77678255   8.67661162   8.93436809   9.82298641   6.56144301
  10.40136796   8.9381483   13.74197102   8.22503564   8.77678255
   8.67661162   8.93436809  10.1950269   11.1379288   14.69287541
  10.12148857   8.11379205  11.35045443   8.1954013   18.05956766
   4.89014564  13.09582612   7.71253372  14.13098375  11.92040907
  16.58799918  11.57785247   7.20493932   6.42888753   8.56881462
   9.27804679  16.06834518  11.91287514   9.78859558   6.58592872
   8.08125224   9.15849317   9.63084375  10.35235908   3.94943949
   9.79313326  10.39308884  12.02559318   8.88577687  13.33982902
   4.44569812  13.4477364   16.06834518  11.91287514   9.78859558
   6.58592872   8.08125224  10.38326119  15.62169804  16.14379713
   5.31293324   9.79451306  17.92367598   9.78441652  10.81383204
  13.69045128   8.80802573  11.96391499  11.13732583   8.88995807
  10.86711849  16.10820135  10.66965482   7.20493932   6.42888753]","[ 31.4957119   37.2876198   33.61874357  37.33334099  35.81223211
  31.48144121  35.90374743  36.27655057  35.57465994  32.10096785
  38.45537102  31.68800694  32.42598605  38.59220933  41.4643231
  34.95315595  34.19474905  35.60699742  36.46302113  34.05434256
  35.64216543  40.23938956  35.81296985  33.28997635  43.50433505
  40.06048189  33.22282142  30.85795734  34.94307994  26.66501304
  33.64614277  36.9849853   28.64324592  33.66605638  35.54780538
  34.16426885  36.35523982  36.6097717   31.4957119   37.2876198
  33.61874357  37.33334099  35.81223211  31.48144121  42.01942416
  31.77848552  37.90160245  37.08473528  48.12856189  27.26968707
  37.71032887  34.46946809  28.16864146  32.24409318  29.96620609
  33.05389889  36.26341864  40.01519248  33.01531368  31.91159615
  36.90983414  38.32999016  42.72691359  34.36428624  34.71718518
  26.30613789  38.20449954  43.69942067  40.54484397  31.3097786
  39.05252324  42.01942416  31.77848552  37.90160245  37.08473528
  48.12856189  36.03408535  35.85206162  31.43954973  32.58292123
  35.83490875  33.05389889  36.26341864  40.01519248  33.01531368
  31.91159615  36.90983414  36.4193941   37.1948644   38.84281365
  40.70725785  35.26544445  29.65585063  41.29577743  33.32675133
  40.21381435  35.13030052  37.13621496  36.59461891  34.86299934]","[ 18.74419972  16.04848814  20.940736    19.56982177  19.89302359
  21.42273031  20.00874879  22.90451564  22.32564149  21.68001955
  19.84152237  25.15159475  25.81566657  21.8312523   16.52781889
  21.08984418  19.97391658  22.13366513  25.27140516  18.52697887
  17.95915671  18.45084851  21.03789428  24.2161616   22.43277243
  20.48791532  23.30717095  17.25406531  20.87569015  21.30213504
  14.93792566  20.73735234  20.86145772  20.80029239  20.57943091
  24.00379288  24.06523516  23.33427035  19.6195236   22.83612272
  21.6294289   15.17861123  19.8017474   22.46692425  19.15509604
  25.84858583  20.62851839  18.8663473   20.29896558  23.62113128
  19.68445595  22.81930027  21.16835606  23.3190927   24.73067357
  21.20108403  22.44353537  22.24467537  21.46162003  20.55141972
  16.06658274  20.29091157  21.10337513  19.80950378  22.80329537
  22.8703138   17.95469295  17.54543885  22.28212756  22.28964062
  18.53397381  19.02131581  20.66992737  18.10140407  21.48585532
  21.96811215  23.7878259   19.91176605  28.28560358  24.43974648
  18.93049289  19.39397098  19.14843663  22.25526682  14.77987899
  22.30028057  26.29156653  20.35890834  21.48465498  18.74419972
  16.04848814  20.940736    19.56982177  19.89302359  21.42273031
  20.00874879  22.90451564  22.32564149  21.68001955  21.32336225]","[ 15.97998014  19.11184786  21.73306084  20.07665652  23.99560073
  19.95551829  32.96848821  13.77378367  16.44525686  26.33447863
  16.95889297  25.44787287  12.23202054  21.23572528  22.76201401
  15.87585657  24.07909482  26.65252282  29.77921138  35.09372267
  12.86122522  12.35177116  14.62967119  17.94496515  14.17423646
  25.31360767  19.97617407  19.43832461  26.95013859  22.73638427
  22.7328244   18.4884882   20.13283082  21.22251083  18.4884882
  20.13283082  21.22251083  13.94053477  25.79771229  30.49438256
  18.34167241  23.45244957  14.4968124   27.18572085  27.74043751
  32.96848821  13.77378367  16.44525686  26.33447863  16.95889297
  31.90569236  20.33461539  22.99952263  16.91710516  18.58966514
  25.36582526  15.36030309  17.95421787  21.70590878  23.88405851
  15.59519134  20.64688711  24.89615067  16.58407278  19.49672076
  31.24658715  16.42137978  18.14402454  23.03162445  19.3473774
  13.48534362  26.46188134  16.51141304  21.10005132  30.34013127
  18.57572186  21.27934311  23.02863157  21.48433921  21.37718324
  25.76252819  29.28452377  20.69974548  20.89283112  19.98206017
  14.63640321  27.57278174  16.94591546  26.65252282  29.77921138
  35.09372267  12.86122522  12.35177116  14.62967119  25.27581534
  22.27233717  22.19848649  29.78288474  19.75573225  16.58659321]","[ 47.99479275  38.91850415  43.44137495  41.52958261  37.90744555
  32.34742826  41.30468583  40.13801218  45.70607407  34.75436802
  35.83806863  34.93151678  35.87868389  30.81464562  42.7637085
  39.78283161  34.70223256  38.58162689  42.17879875  39.82072049
  42.22513887  37.34539425  39.5495741   34.27988404  34.24484394
  32.12759492  39.12046283  39.25451986  39.11657507  40.15224662
  40.94248005  43.24923419  41.92392727  43.79764969  38.06059102
  40.00577886  36.15237361  43.13843035  39.44020238  35.15249145
  44.00453282  31.39300596  39.16433091  42.22513887  37.34539425
  37.39501746  38.33688501  36.53036836  37.09387064  40.07077021
  31.70764785  40.54703465  39.90668061  35.39233942  37.4854985
  38.18628143  42.09346161  42.95035596  37.83121293  34.27570428
  36.67748055  34.33395071  42.15871107  42.22142525  39.77097548
  29.52552028  38.60964728  33.09403148  41.35199618  32.11832226
  38.23313583  38.55169768  32.53278999  40.6350801   43.33521017
  29.65541529  34.85798719  39.5495741   34.27988404  34.24484394
  32.12759492  39.12046283  39.25451986  39.11657507  40.15224662
  40.94248005  43.24923419  43.79764969  38.06059102  40.00577886
  36.15237361  43.13843035  39.44020238  35.15249145  44.00453282
  31.39300596  39.16433091  34.85798719  41.54139539  39.14871612]","[ 29.88834868  23.89234664  31.69381047  24.83915461  16.68984989
  25.06812159  26.31491222  28.97511237  27.73579378  24.98728457
  31.43826647  23.84909903  29.17223644  23.74768142  20.9785232
  25.04785402  24.64839626  29.19991412  16.08318678  18.21353856
  24.20096731  24.4945506   24.3922325   25.88337359  26.46485839
  27.6210647   21.59132135  28.6732323   25.23710753  22.99027408
  31.75154233  22.84739391  26.20280686  29.14267827  31.81529607
  28.7951251   29.59484651  24.84111438  25.63255014  20.68512531
  27.3631184   26.31541248  30.35570147  20.57873076  19.56153047
  20.76510529  27.09406193  25.48689091  25.67038036  26.55902645
  22.37607683  31.43801207  29.43606805  29.08607863  24.9141413
  19.32760659  25.88061744  23.31846435  16.9929391   25.46763964
  27.00161449  25.55233575  30.00499816  30.26512507  23.83473271
  27.73814354  27.11298878  23.44137107  26.51029821  13.16152596
  29.43165799  30.75297447  28.37705508  26.21269366  33.85864373
  23.34567871  28.60058644  26.20280686  27.17687227  21.70109818
  29.52181603  28.65885321  17.93940593  23.24592411  25.09018601
  34.5055205   19.56153047  20.76510529  25.35664555  23.84909903
  29.17223644  23.74768142  20.9785232   25.04785402  24.64839626
  29.19991412  16.08318678  18.21353856  24.20096731  18.47337606]","[ 23.06745892  20.39460354  18.02702854  21.12058496  18.81809133
  19.81027553  13.46209185  15.38157124  19.00591325  18.46414193
  18.54034084  18.79485768  17.43068607  20.63733969  12.16864776
  17.44320614  25.40237572  19.2688587   20.22728522  21.78011646
  15.99042896  24.60242801  24.54294489  21.08408879  20.98091567
  25.22491639  22.28088298  18.64091955  19.46971334  16.75744841
  25.91072035  20.04236865  16.63926991  22.7363859   14.29901958
  22.54851239  28.58159446  20.59143376  20.18826029  18.42976579
  12.57198432  17.29442356  18.57694268  15.71586246  19.06001933
  18.80093712  24.12698763  15.67285136  15.98352097  20.66590239
  19.95120714  17.60803284  21.97989309  23.80480465  17.26499037
  16.52138288  14.84720352  18.79485768  17.43068607  20.63733969
  12.16864776  17.44320614  25.40237572  19.2688587   20.22728522
  21.78011646  23.06745892  20.39460354  18.02702854  21.12058496
  18.81809133  19.81027553  13.46209185  15.38157124  19.00591325
  18.46414193  18.54034084  17.67126647  13.7446221   21.29992287
  16.59824559  25.06843491  21.83183947  17.17975051  20.1023188
  17.74751111  14.29475259  14.36603621  23.15083517  20.87456676
  23.76185402   7.87135648  15.2494242   15.82132589  15.85292127
  16.51074586  24.316749    17.18160702  15.76805516  14.84720352]","[ 30.58840276  31.32244502  12.36033381  26.94888889  26.70750707
  29.09600646  28.08162902  27.06476479  27.16568564  18.20800175
  30.84387992  29.79214951  32.22390117  21.42847899  22.99845675
  30.68313308  26.4065654   32.62118802  15.9830739   26.48917088
  17.818812    21.2380799   29.31877256  30.7549073   29.79214951
  32.22390117  21.42847899  22.99845675  30.68313308  26.4065654
  32.62118802  15.9830739   29.21486957  24.70910635  24.94931029
  28.07673103  28.49147113  15.77131896  28.6128812   24.79550887
  21.51989174  33.63945269  25.16198253  26.19967691  20.14001294
  28.7823349   36.95167033  32.66120554  26.03374219  22.46817258
  32.6176677   27.62935025  14.22117673  28.04562172  29.42054357
  25.96454199  12.75047101  29.91724062  27.32863423  34.26130488
  31.04330992  23.08340772  28.83069228  23.40584867  29.21486957
  24.70910635  24.94931029  28.07673103  28.49147113  15.77131896
  28.6128812   24.79550887  21.51989174  33.63945269  30.84827342
  19.03516518  27.41402835  20.69584744  16.97590573  32.0715442
  30.70337614  32.46387202  32.15052269  31.77237184  21.23609746
  31.89558136  29.16515718  23.02463842  24.61413958  28.75377484
  28.60649169  23.20960493  26.34604934  22.43858277  24.5422989
  33.28806275  26.9481501   29.20994388  27.3935842   22.88164605]","[ 37.70496191  40.46128224  37.11127689  38.98777277  37.50367555
  32.96689549  37.10575462  33.53035448  33.25971337  32.85086646
  37.64200048  36.34405186  30.71444266  28.5048169   34.31650598
  35.73485815  39.52847956  39.46922425  33.6056702   40.07095314
  33.72518653  35.84694554  33.6056702   40.07095314  33.72518653
  35.84694554  38.99600225  36.0539803   28.52822244  31.84469576
  28.8486275   31.83601625  36.42815416  33.59998486  33.66396094
  35.67062232  31.40643842  29.34259119  37.53950497  34.7694778
  36.04384893  31.39325342  37.22783142  32.55765007  39.52283337
  45.07841819  32.25660297  39.49501562  36.8656957   38.65036565
  28.32383646  31.54237216  38.39353398  24.43556044  37.40490337
  29.31469437  42.79560271  33.94107507  33.44105058  34.72523118
  30.53174526  41.27474186  39.41582024  35.80650496  35.92061453
  29.44651082  37.10919663  34.50072176  38.72092596  38.53185513
  42.41943897  35.57733532  32.88888312  35.4794783   31.86886758
  41.18531207  28.26007405  33.77231856  33.77009966  31.60446302
  33.54257125  33.59998486  33.66396094  35.67062232  31.40643842
  29.34259119  37.53950497  34.7694778   29.44651082  35.24265196
  32.90375666  29.17558641  39.70240709  38.16777931  28.65576583
  32.27694602  27.71991223  34.36154683  40.39623219  34.79095688]"
"[ -0.93459471  -2.58183173   2.90933941   2.68199577  -0.24299455
  13.12875443  -2.06014314  -0.92308186   2.661735     5.54727028
   4.376142    -0.08494472   3.9712257   -1.89292872   1.40234356
   3.05972672   9.80614555   2.40762699   4.67808304   5.61495927
   3.82095283   5.60126207   1.70569707  -1.49672355  -1.75754342
  -3.0398607    0.36356561  -1.05210855  -0.93459471  -2.58183173
   2.90933941   2.68199577  -0.24299455  -0.71128016  -0.08494472
   3.9712257   -1.89292872   1.40234356   3.05972672   9.80614555
   2.40762699   4.67808304   5.61495927   3.82095283   1.70297907
  14.78117462   4.08733581   2.05168095   0.86114783   8.63644864
   4.92544839  -2.84699805  -0.71128016  -0.08494472   3.9712257
   1.40234356   3.05972672   9.80614555   2.40762699   4.67808304
   5.61495927   3.82095283   5.60126207  -1.22494002   7.04678575
  -4.0858204    5.61495927   3.82095283   5.60126207  -1.22494002
   7.04678575  -4.0858204   -2.94279283   0.4588474    0.5326578
   2.7047344    3.23361601   3.41675188   5.54727028   4.376142
   0.16648633  -4.9234861    3.79059492   1.70297907  14.78117462
   4.08733581   2.05168095   0.86114783  14.78117462   4.08733581
   2.05168095   0.86114783   8.63644864   4.92544839  -2.84699805
  -0.71128016  -0.08494472   3.9712257   -0.26007074   3.9000292 ]","[  6.58182117  12.94797174  18.83792335  11.53150416  11.75352807
  10.47726317   9.78842673   7.12173382  17.54263927   6.94692919
  15.48259761  14.48713734   6.58182117  12.94797174  18.83792335
  11.53150416  11.75352807  10.47726317   9.78842673   7.12173382
  17.54263927   6.94692919  10.07308399  10.44453355  11.31708622
   3.8758657   12.17153029  14.3076554    6.2566695   11.72175432
   5.8836858    9.32860879  18.9978975    9.16965176   5.24912755
   7.4755115    5.99552928  12.88564864  10.29738759  11.69826006
   8.18441621  12.93422227  16.35105982   7.11250341  10.83017119
  12.43177514  18.05775231   7.78237375  11.87084969   9.46428007
   9.57642656  12.05607594  19.65668705  16.72566114  12.56713902
  17.65452917  12.67059935   7.46595744   9.16965176   5.24912755
   7.4755115    5.99552928  12.88564864  10.29738759  11.69826006
   8.18441621  10.47726317   9.78842673   7.12173382  17.54263927
   6.94692919  15.48259761  12.63828167  12.25680987  11.02777102
   7.51178738  14.67620491   8.32102483   7.80793865  10.18855855
  13.81676017   8.43012323   5.8385396    9.93296053  14.3479753
  15.45573802   9.61227421  13.46459715  15.07263531  10.1570584
   8.64765475   8.99444734  11.02939454  15.20217376  12.2152791
   9.16913951  10.64000656   8.06094701   9.16965176   5.24912755]","[ 34.4593945   36.86872874  35.81656551  30.15690513  31.30623092
  35.04480039  32.28338408  31.70568612  37.20712067  37.83879674
  39.98209641  28.45517755  37.97242096  35.34178434  33.82711774
  34.4593945   36.86872874  35.81656551  30.15690513  31.30623092
  35.04480039  32.28338408  32.45326628  30.46296544  34.6783086
  29.91514724  37.32187238  33.75303817  24.48529208  25.29891848
  33.11527406  33.90131348  34.06157293  37.37641912  36.18768399
  30.55371765  32.83692643  32.62379886  28.85583862  27.28599572
  37.58902182  38.06578982  33.02365375  34.52194346  38.87461129
  30.60411719  35.54926534  36.9659259   41.20393951  31.66597116
  33.96633223  38.23253903  28.68475566  37.50459189  31.8504574
  34.38788406  33.34291112  35.83937047  34.46208659  37.4934635
  38.39847663  37.37641912  36.18768399  30.55371765  32.83692643
  32.62379886  33.72350062  28.97614505  22.30269718  32.02971988
  29.09564355  38.87461129  30.60411719  35.54926534  36.9659259
  41.20393951  31.66597116  25.39411699  31.34302939  37.95732788
  34.61988477  32.21354605  33.67760372  38.35151931  30.60757406
  32.07351863  34.14293219  21.89819276  32.24694078  35.32983856
  36.93699103  35.06115989  32.81545594  39.16727443  32.21399455
  35.67086478  36.16524058  31.48600538  33.43245048  37.25563782]","[ 23.1948832   17.57800547  28.1828902   17.83868023  22.3691394
  23.79841636  27.97711356  18.34402866  24.71494819  27.0768809
  22.54653922  27.55939363  25.1272656   17.57562287  24.76467061
  23.63223013  22.12573631  20.19832986  27.61932893  24.34421189
  21.38906888  25.25249536  25.68066321  23.43479385  22.47605742
  22.91768984  24.57881605  25.99034579  21.17171997  26.52736596
  25.17072912  23.46314591  22.49789793  28.19902955  20.6246888
  19.66249005  23.85821564  22.40510581  23.89144733  19.5262991
  22.77323252  23.97258086  23.76093305  21.47258476  22.2174539
  22.93998908  26.19629389  19.44697489  22.96015427  23.44359738
  24.38136838  22.78954924  19.84263949  27.92747509  25.27975691
  26.90917459  23.95292767  19.3616763   23.88743438  19.99453932
  16.08417795  24.64258738  25.18394428  23.35812728  22.93461703
  23.57692301  25.8317717   21.56173271  24.02767423  23.394365
  23.90929423  26.63375786  20.87807668  22.75559166  21.32616016
  24.55636234  22.06976044  26.27393586  21.33070123  23.84186507
  21.78973327  18.72857054  25.66822432  25.22585418  19.4729965
  24.94105726  19.6155482   23.95292767  19.3616763   23.88743438
  19.99453932  16.08417795  24.64258738  25.18394428  23.35812728
  22.93461703  23.57692301  26.76916581  16.93941549  25.8317717 ]","[ 18.32224428  20.24786645  20.97008326  27.54691177  25.69792936
  27.84771087  22.37899409  30.05919363  30.1093519   28.49322146
  18.47208965  29.36043737  27.45153016  26.96318828  30.41518301
  13.16276096  15.57722482  22.04217444  24.14057587  25.51935677
  27.17368428  29.1269238   21.76490815  30.44419143  21.23615544
  19.03491811  29.91071195  13.81083364  29.60518027  33.12627066
  22.54966023  32.32745273  19.8631966   31.38912275  28.98381577
  21.42718145  29.48089374  27.68376806  12.52410993  22.45345441
  17.44949807  20.96990279  23.63725195  17.56426536  30.56151678
  22.6328331   22.57131434  12.13012621  31.89627605  29.60527609
  22.50077741  22.02437348  23.69150963   8.06080842  26.63710629
  31.14251799  17.20638197  30.38453996  25.20163827  23.93525036
  30.86348823  22.6328331   22.57131434  12.13012621  31.89627605
  29.60527609  22.50077741  25.87614013  29.22968839  25.91989751
  24.43669386  28.71743603  19.86438595  27.1038805   21.84744566
  22.4699992   29.59030109  23.32737135  18.64112636  26.58318332
  19.81158365  24.5976367   22.63018462  23.89310372  18.85556103
  26.90329217  26.13541206  24.99077101  30.37092057  34.99168814
  30.70098416  15.55730209  18.49618212  28.82577562  23.83693044
  30.16993428  28.98381577  21.42718145  24.03353358  20.81693943]","[ 40.30384173  36.50051932  39.74892253  32.33272713  40.09288123
  39.44525288  39.99789033  38.5935564   37.95703711  38.6842269
  37.1969155   40.79980252  42.215207    38.84273763  38.5343635
  39.19909135  46.33854127  37.10260282  41.33024357  46.71408456
  36.92441687  31.11220135  36.34538831  35.08982336  40.87844303
  35.55348118  45.29275966  38.5977968   45.85712747  38.33923394
  42.31708647  37.29038122  39.90476363  45.38869325  44.92517244
  36.2097609   44.01767092  28.54993334  45.05667142  39.59121889
  36.28516545  35.49974695  35.06276229  38.14377266  33.26973758
  40.0175296   35.03124459  43.77340938  37.95904121  42.03534125
  37.85406468  39.80231637  45.78559095  35.42053114  32.8628405
  31.47348771  37.46230693  41.63102092  34.30358712  40.4407269
  40.13324874  38.38764175  43.03470437  37.684514    43.00894069
  45.38869325  34.61754513  40.78059776  42.11701746  40.6782406
  37.6735475   34.00100653  33.85596393  42.39685065  37.15981812
  40.85007511  31.35763291  37.1969155   35.46147407  28.28011655
  35.14454189  39.36313617  39.94919156  35.56908219  34.54433005
  39.10471112  36.73516821  41.09304424  45.38869325  44.92517244
  36.2097609   44.01767092  28.54993334  45.05667142  39.59121889
  36.28516545  35.49974695  35.06276229  44.28023182  31.47348771]","[ 20.96779022  27.77264049  28.70166457  16.91953109  22.13284346
  23.19674607  32.04862313  19.46717374  17.66212353  26.91225842
  23.74666539  29.13957469  15.84669279  29.35749934  24.98873245
  22.46567603  26.21206519  19.89732834  24.45493418  29.03463475
  27.45467274  28.63276667  16.74236394  24.21012761  27.07517167
  26.77949215  24.51164377  24.83394204  19.69319205  19.4874326
  29.18987859  17.70493447  27.36366842  26.95584565  25.77297573
  22.75397557  22.96645757  21.93152675  27.55651618  30.34180999
  21.73195165  26.07405726  21.73404364  24.750941    27.31238946
  23.64284712  20.47844415  23.89922558  26.35704154  26.89258827
  17.98873493  18.61974803  23.90446611  22.6933084   16.79932059
  28.63276667  16.74236394  24.21012761  27.07517167  26.77949215
  24.51164377  24.83394204  19.69319205  19.4874326   29.18987859
  24.99489225  24.70039331  27.96862393  22.77430214  25.90746769
  22.19820393  29.14104185  26.42713787  23.80715447  25.96200687
  24.99699579  21.24103243  24.69479352  20.00216186  28.95127291
  28.01727865  27.30651354  23.36385598  17.29188018  24.00083831
  24.750941    27.31238946  24.11742916  30.82514701  20.60533372
  20.37503328  17.56119947  24.46150239  21.11223751  25.82941339
  28.33359897  20.11070135  28.57940639  23.04368414  19.04273273]","[ 17.60623969  21.93779228  22.01665505  15.62522538  27.49276433
  16.40448232  16.63126701  18.98465193  20.23518156  20.04400035
  22.21491291  17.13933295  17.52201581  20.25843422  25.69213118
  19.63302798  25.43262199  17.69713339  19.98918248  20.52851076
  20.93073433  13.61104622  18.78237513  21.36310828  22.70401821
  21.58062628  20.14109458  21.87117092  15.50168828  15.83743586
  20.92236302  21.05126004  16.87117309  22.42091293  22.5276052
  15.03129525  22.19344902  15.73604181  22.15060778  20.65895057
  17.17926561  14.51174083  16.89315644  16.53574348  16.49468495
  24.0979826   24.6786404   12.31472751  18.79832888  23.44829089
  19.08034046  21.93844422  15.90524057  22.42610027  17.94841413
  20.59888107  19.84566544  26.1823416   19.05991466  23.56915144
  14.43248264  20.54842099  19.92716519  16.96717611  17.87088666
  17.45285591  26.1823416   19.05991466  23.56915144  14.43248264
  20.54842099  19.92716519  16.96717611  17.87088666  17.45285591
  17.12857376  16.49468495  24.0979826   24.6786404   12.31472751
  18.79832888  23.44829089  19.08034046  21.93844422  15.90524057
  22.42610027  17.94841413  20.59888107  19.84566544  26.1823416
  19.05991466  23.56915144  14.43248264  20.54842099  19.92716519
  16.96717611  17.87088666  17.45285591  18.77953506  19.16029204]","[ 25.20116631  15.73231821  22.31224637  23.90885694  18.5033243
  22.12188331  30.96840325  16.21279869  27.61378663  14.44579088
  20.72789445  30.77504555  37.0443054   19.9798757   19.13756275
  22.75817096  23.05692155  22.06589116  27.40813485  19.58008639
  31.98270461  17.97315907  22.84729429  23.17002019  21.81845938
  24.76015418  26.74214978  19.26848847  30.07131289  18.64313811
  22.40962441  23.6776491   33.64063546  23.1874217   23.55884137
  19.27821767  30.49532387  32.27755533  28.3792635   24.27118042
  23.22772662  25.01182726  24.73017809  21.81845938  24.76015418
  26.74214978  19.26848847  30.07131289  18.64313811  22.40962441
  23.6776491   24.53829198  22.07149785  21.92754398  29.89630059
  29.26334881  24.82372039  19.55554271  24.69840023  25.89529696
  19.73099007  26.66684783  24.81854806  25.29957091  24.5590255
  20.48530924  23.54941077  20.3413421   23.47950462  30.08911175
  27.01084568  23.66810572  22.14927431  30.93969783  23.21030944
  33.64063546  24.71618403  23.89347777  25.62073713  19.78484546
  29.91160832  33.43106669  23.17293725  25.89932482  19.240104
  27.71258746  21.3358938   20.2524273   22.41700177  26.84529927
  26.47717584  21.21800532  21.45714044  28.05762879  30.10162231
  30.66274354  20.32757519  30.59376973  18.83334832  20.72789445]","[ 29.86093657  36.22408536  38.99502069  29.67610455  33.82199705
  28.77537003  43.89266033  35.09193234  34.21418705  34.69750555
  31.08478081  35.17177483  32.61435871  33.17595931  31.93788926
  33.29104494  41.30221709  34.26103092  41.47607508  42.72969209
  29.73108749  39.42542656  35.11712064  36.07888591  29.80151243
  27.20988591  34.56930725  31.11096728  40.25390279  38.85839516
  34.26493706  41.05224144  34.07583573  35.88931544  38.97854167
  44.53680609  29.93291705  40.67339254  31.76518211  30.88254025
  36.92608058  38.79345413  38.68478283  37.43527318  37.49755485
  33.71941104  40.53522191  35.47516744  43.89226009  32.60839619
  39.78589927  40.48260525  36.33734584  36.41715943  39.83902043
  39.81189862  28.30802358  30.7335944   38.27022358  39.64954106
  36.97442059  38.89219442  38.5817716   41.86731106  31.54326989
  41.6685282   34.86987242  35.58540342  31.57735296  29.86093657
  36.22408536  38.99502069  29.67610455  33.82199705  28.77537003
  43.89266033  35.09193234  30.04564782  35.53042484  33.73508189
  30.15631279  34.97735927  37.69620104  35.45536625  35.88931544
  38.97854167  44.53680609  29.93291705  36.21250417  41.0865939
  39.79248146  31.67696662  32.46104429  29.71974501  35.56682884
  38.31532696  34.49326879  35.11712064  36.07888591  36.65264657]"
"[  2.17429013   4.28858808  -3.28268734  -0.46141002   2.37249086
   5.12634956   1.73342829   2.29005503  11.07579421   6.93106899
   2.41294567   4.53158242   6.26267417   2.18396474   6.14835644
   2.17429013   4.28858808  -3.28268734  -0.46141002   2.37249086
   5.12634956  -3.28930707   6.29867226  -5.3259787   -2.79568044
  -0.80721108   0.80025536   3.05906472  -4.95768772   5.50382372
   0.01191609  -2.30375746   5.50382372   0.01191609  -2.30375746
   5.56830586   2.41294567   4.53158242   6.26267417   2.18396474
   6.14835644   2.17429013   4.28858808   3.76184257   5.44469995
  -1.46196401  -5.95769178  -3.13322683  -3.28930707   6.29867226
  -5.3259787   -2.79568044  -0.80721108  -0.5634291    3.31936816
   9.24857454   3.26599196   5.30156016  -0.02257661   4.02759107
  -4.70171266  -2.45347977  -0.78164864  -1.4576988    4.02759107
  -4.70171266  -2.45347977  -0.78164864  -1.4576988    1.10431329
   3.27011437   2.80330819  -2.94647441  11.39786652   3.76184257
   5.44469995   0.01191609  -2.30375746   5.56830586   2.41294567
   4.53158242   6.26267417   2.18396474   6.14835644   2.17429013
   4.28858808  -3.28268734  -3.13322683  -3.28930707   6.29867226
  -5.3259787   -2.79568044  -0.80721108   0.80025536   3.05906472
  -4.95768772   5.50382372   0.01191609   0.88175185  -0.19045969]","[  9.15301419  13.75157871   8.71933705   6.66354283  11.89916749
  15.28234471   6.39450377   7.03456995  11.59334001  15.44340532
  12.32103548  11.41136776  14.19523634   9.46056846   8.65675355
   3.01757781   6.45746685  10.44187581  12.76366641  14.7216053
   9.54776225  10.21626364  13.59813206  16.63939779  19.10301647
  14.33179012  11.1362418   10.35069635  10.41366756  15.39421608
   6.97106929   7.6554115    6.48643528  11.73426803   6.28656669
  10.21626364  13.59813206  16.63939779  19.10301647  14.33179012
  11.1362418   10.35069635  10.41366756  10.14548865  12.32103548
  11.41136776  14.19523634   9.46056846   8.65675355   3.01757781
   6.45746685  10.44187581  12.76366641  14.7216053   12.34578096
  14.68379233  11.54661721   8.60611065   7.7267576   12.53873252
  14.17924699  18.52755473  12.58088442   9.09745212  15.18140485
   6.15329696  10.21626364  13.59813206  16.63939779  19.10301647
  14.33179012  11.1362418   10.35069635  10.41366756  15.39421608
   6.97106929   7.6554115    4.13591862  10.85631044  14.1165326
   9.66267816   9.13284061  11.31531458   4.95860287   8.94240215
   7.40061353  16.14396127   8.65675355   3.01757781   6.45746685
  10.44187581  12.76366641  14.7216053    9.54776225  14.06282306
  13.02395767  12.15709352   7.79250321  11.15970816  13.53574729]","[ 27.11261764  38.71522306  33.94518279  37.11645344  38.00216793
  36.52686615  34.26932784  43.38074697  34.83589527  39.25833108
  35.01737145  42.72767889  38.31949494  36.90393549  37.71978273
  38.81448948  33.64545827  33.9927764   38.46598871  26.36233246
  34.49832863  37.74540675  34.61327429  33.44690129  35.18375025
  35.14914471  33.9563834   40.78215738  36.05193293  31.77694086
  36.91271559  38.11260435  34.37669818  37.71063177  31.80999593
  37.84011562  39.67936041  40.57008957  34.61327429  33.44690129
  35.18375025  35.14914471  33.9563834   40.78215738  33.42302897
  35.37492751  33.86929505  31.05694012  36.64666274  39.53441823
  35.28501409  34.04186968  34.99848689  31.09203713  29.5512331
  35.28501409  34.04186968  34.99848689  31.09203713  29.5512331
  38.04201155  35.75538743  36.26788988  40.69126769  30.40528476
  36.16749736  31.37807506  35.7770774   37.38918     36.21294154
  34.03451009  42.33582169  32.36459343  33.54333082  32.5474625
  39.74618288  36.49326185  32.29535719  37.10723281  35.19445675
  34.25690443  34.64379567  38.38281982  23.67270488  33.22182464
  34.90966661  42.68015792  34.86816649  34.64379567  38.38281982
  23.67270488  33.22182464  34.90966661  42.68015792  34.86816649
  33.50286026  40.79517026  42.82172111  34.05769637  38.02668937]","[ 25.81139606  27.42138339  26.05607958  22.36590296  28.15550564
  20.37513596  20.4831749   21.92023392  20.55879841  26.15750996
  26.06352069  27.26462953  24.66431504  25.00716028  25.66861671
  25.30260749  24.86145911  26.77790709  29.26535067  24.4793409
  22.94441429  28.31643236  20.69968187  25.03642269  25.32660735
  28.31056762  25.57782371  19.84121362  24.55059088  22.8383191
  25.39327924  26.23161272  24.04167889  21.88297001  18.48105201
  25.86982581  26.01232194  23.73115904  27.67023747  25.52974094
  27.83016954  24.94980962  29.03617794  26.56095364  21.93759738
  26.29384692  23.43603019  24.30928435  23.79663649  27.15407836
  26.41197764  26.67715292  25.39543873  25.96741665  27.25019482
  30.33242568  23.67379581  19.50964647  21.72839394  22.27167623
  23.98719811  25.92010235  24.89033176  20.96112209  16.3692716
  29.00085466  23.52671001  23.09325719  24.59373203  22.26263096
  25.50129874  30.2872941   20.96181186  22.85520325  25.63195317
  23.4510991   25.00716028  25.66861671  25.30260749  24.86145911
  26.77790709  29.26535067  24.4793409   22.94441429  28.31643236
  25.36618888  25.27622203  25.04436927  20.7252644   24.15671445
  24.05184709  28.12407717  28.8537364   25.74983316  22.5425062
  22.40702369  23.79510653  28.16555536  28.06181278  21.88297001]","[ 15.74008328  16.99621229  19.75544564  30.15743039  22.43352901
  23.53206683  26.68813824  24.71828227  29.40350179  23.25809506
  24.82405827  29.32227915  18.74267834  13.99885351  30.89426465
  30.44640205  24.0295843   18.4829008   21.12096208  18.36681195
  28.48813458  26.80918772  27.91387838  25.55107985  23.61536674
  31.65002732  14.72409382  24.69502286  31.31493705  14.30861563
  24.47321521  29.99879374  21.6548235   25.47945714  21.56224512
  26.40347174  23.74111446  19.37357514  21.78274662  28.97538942
  24.4181562   20.94068122  23.16806275   4.10550319  24.13564453
  25.6181919   21.92020529  26.40373912  28.2742463   21.03132953
  29.08023293  27.0140334   23.19166626  17.35957224  23.13944556
   9.62177556  22.82599437  19.94125148  31.78373076  15.63084794
  26.05377817  26.89635685  24.28944748  16.1180963   29.29793989
  25.43720285  20.86766079  23.39984638  30.08978876  20.46923109
  30.58682463  21.6548235   25.47945714  21.56224512  26.40347174
  23.74111446  31.23844931  25.15378562  30.32481806  17.13816107
  24.78369034  23.10128507  30.76115845  32.07643715  32.11831924
  21.98479016  17.31068039  26.05377817  26.89635685  24.28944748
  16.1180963   29.29793989  29.80188118  29.89709719  26.78795136
  30.3607786   26.45658865  25.43720285  29.98647658  25.1270373 ]","[ 42.94769287  35.35248181  38.6620291   44.68754096  32.2559716
  39.09779905  38.98469682  31.0450392   40.94328977  37.81395928
  36.73338287  38.53886953  43.81839099  44.63781094  38.04733749
  35.93614631  35.57180639  37.19711576  44.94852403  35.10089439
  38.96089482  45.04077298  42.70240945  41.4252726   38.90069436
  44.76278442  38.00251972  36.92884383  39.08471778  48.15654588
  32.11812653  37.85437774  31.85659819  31.18952573  37.15612885
  37.17784989  40.04020194  30.85917533  33.68184141  36.48308631
  34.88613171  42.05277044  31.57914126  33.56089077  41.4252726
  38.90069436  44.76278442  38.00251972  36.92884383  39.08471778
  48.15654588  32.11812653  37.85437774  31.85659819  31.04793069
  42.0795067   37.82677108  33.49063914  45.533066    35.3029134
  38.64580197  42.23186275  39.42376267  33.21515423  42.70240945
  43.20504923  34.19766777  36.11409053  40.60533443  29.76459052
  37.67194171  36.36533868  35.24959508  40.14405067  36.61845226
  38.78133972  43.0265117   38.59050421  40.65977876  41.5978317
  35.71249276  39.72334986  36.28818782  36.73649228  40.17497436
  33.72332413  43.20504923  34.19766777  42.0795067   37.82677108
  33.49063914  45.533066    35.3029134   38.64580197  42.23186275
  39.42376267  33.21515423  42.70240945  41.4252726   36.97807029]","[ 21.26531627  22.82928924  26.07587404  23.10496319  29.96770273
  20.63523431  23.51261976  22.23458681  28.4405854   12.21139928
  19.31940447  18.5515997   27.82313875  16.95904572  28.65765272
  25.98348254  24.88928186  23.25932701  11.15465647  27.94690373
  22.46049963  19.34784836  26.42009499  27.5889674   17.12381562
  20.51900641  24.0295274   30.42684494  17.93529799  20.62628927
  27.79524212  24.54269802  24.69019798  21.26531627  22.82928924
  26.07587404  23.10496319  29.96770273  20.63523431  23.51261976
  22.23458681  28.4405854   12.21139928  19.31940447  25.4815134
  15.24082866  22.7464244   22.99174325  22.21784896  22.11541784
  23.09141832  25.58542473  28.83760315  25.08687208  26.64568521
  21.7255488   26.39408826  24.14350074  32.61724451  21.47744056
  23.76570641  27.55513387  24.5345893   27.77643184  20.54163039
  21.41383449  26.79457551  22.76869382  21.74807973  22.10850895
  23.20913012  31.13353113  20.75156005  25.95556672  27.74503439
  25.05250314  21.82497532  26.60132635  17.9747684   26.03223732
  21.63730848  24.10188811  25.22162211  26.60211913  23.82425425
  25.94827142  22.14689159  29.03726489  27.13025306  19.37000207
  25.2114305   21.48660736  10.16409152  22.42254286  28.88388497
  27.08008393  30.18617679  23.39338581  22.17488756  26.94827185]","[ 23.93523438  17.00817254  16.01056441  18.28310112  23.36378663
  20.84787742  22.26431402  21.14506706  13.51417643  18.24364516
  26.40298505  20.72736643  19.82526164  23.62186293  17.45539069
  15.96389481  22.13489944  20.28406837  18.97822189  27.88599728
  23.43098711  17.90221406  23.67292305  19.61101662  17.15170795
  20.44351646  20.43790805  20.13292973  14.4452798   16.38119933
  20.63049914  21.65228594  19.01471484  19.61101662  17.15170795
  20.44351646  20.43790805  20.13292973  14.4452798   16.38119933
  20.63049914  21.65228594  19.01471484  25.15369757  23.67292305
  19.61101662  17.15170795  20.44351646  20.43790805  20.13292973
  14.4452798   16.38119933  20.63049914  21.65228594  19.01471484
  17.31861198  22.37310102  21.00272326  24.51508836  20.83968941
  20.50540882  22.70084786  19.8701901   19.52082192  20.39807034
  22.68101539  13.14650888  20.90583784  23.86977709  18.57952309
  19.77325053  20.86053133  24.07866332  16.05091099  22.02373725
  17.05713959  18.71075701  17.00817254  16.01056441  18.28310112
  23.36378663  20.84787742  22.26431402  21.14506706  13.51417643
  18.24364516  26.40298505  22.45856767  24.20337875  23.91625045
  19.46229729  16.801875    18.66243026  13.30645357  20.36035769
  22.01564776  25.32669312  22.988588    20.58668642  18.27979833]","[ 26.84428258  22.69908536  27.78137675  25.70917234  25.49986857
  22.34080477  29.03088073  23.31589199  22.71522226  26.8902672
  31.88140524  22.06771633  25.62531972  25.40447345  20.84307914
  17.50435706  23.81582807  18.62623452  31.51603834  27.63167916
  23.03835422  24.82046959  25.81507073  24.70365344  24.61173837
  19.96579031  23.93391943  34.99964574  25.00110722  25.60667947
  24.07784091  26.55534568  30.2967281   22.61102132  23.97338191
  21.42775811  22.93689131  24.08660257  20.91395631  26.15910068
  21.27996806  27.80053625  20.02949602  23.78313637  23.0709779
  21.74549899  22.5608682   28.39159902  20.89587028  26.32408798
  24.54739274  23.01863152  21.20003895  24.97123954  25.70917234
  25.49986857  22.34080477  29.03088073  23.31589199  22.71522226
  26.8902672   31.88140524  16.52667958  21.0496484   22.78068988
  25.81507073  24.70365344  24.61173837  19.96579031  23.93391943
  34.99964574  25.00110722  25.60667947  24.07784091  26.55534568
  30.2967281   23.34202618  22.37204036  23.01621469  23.71747948
  24.72083154  26.95163516  21.96832249  25.85014307  22.45537015
  17.65499093  23.0709779   21.27002001  24.44567423  23.72650981
  22.55795243  23.03100136  18.22693751  28.03644956  26.41341941
  24.11942124  17.17258811  22.72366917  23.94324372  32.10005979]","[ 37.22058741  38.946602    38.02737828  33.88060251  39.9200618   26.848091
  38.2461355   39.64897539  35.05690327  35.98497628  31.76710126
  31.67034525  33.64560912  33.68234538  33.17596244  37.71815408
  30.09807167  33.46758669  32.54992028  35.88663633  35.15767279
  35.88199635  40.48824745  31.09095352  35.00946972  39.31013636
  26.8983751   44.55380463  34.95044302  18.18214272  31.08774901
  32.85775412  37.28870024  30.11347879  37.17462057  42.30817262
  36.90397871  37.54082634  27.10783484  36.44842858  42.43185077
  41.72870792  34.57254844  28.6829295   36.45033029  41.94632388
  39.65403561  35.71486215  31.42323206  42.99857124  32.89773146
  37.28870024  30.11347879  37.17462057  39.98394094  30.54186208
  44.34499177  42.38900963  41.63702792  39.13671686  39.95816383
  32.08935097  38.07952713  33.98230562  32.8782699   33.51467398
  38.62079806  34.45571476  30.44722982  33.6714258   27.06361491
  27.70741323  35.74531099  37.12550217  38.67552172  33.22267287
  38.77308774  32.41192549  34.86166712  31.68316019  33.06782205
  27.55608584  41.21819191  37.40416912  30.32694783  30.21250799
  28.77620001  29.12071309  33.71664611  37.01306141  33.15343348
  36.67823182  31.67034525  33.64560912  33.68234538  33.17596244
  37.71815408  30.09807167  18.18214272  31.08774901]"
"[  7.48416665  -0.6840835    9.61057239   6.16032408   3.26888879
  -2.17868218   1.098579    -1.05311386   7.65645461  10.05959455
  -0.60879741   3.77272256   5.08638817   9.44090472   4.33656033
   1.46285743  -3.94038983   7.20796666  -1.26662042  -0.13705813
   6.08100266  -1.19631515   3.93445201   4.35496387   0.61242694
  -0.0278307    9.61196915   7.48416665  -0.6840835    9.61057239
   6.16032408   3.26888879  -2.17868218  10.05959455  -0.60879741
   3.77272256   3.01472126  -7.95321025   0.99399478   4.14293798
   5.08638817   9.44090472   4.33656033   1.46285743   1.81158933
   0.3760189    4.40474256  -5.26966971   5.45319615  -3.18654286
  -4.73005691   3.85885991   0.37584478   6.03482095   5.94846074
  -0.6840835    9.61057239   6.16032408   3.26888879  -2.17868218
   1.098579    -1.05311386   7.65645461  10.05959455  -0.60879741
   3.77272256  -7.95321025   0.99399478   4.14293798   5.08638817
   9.44090472   4.33656033   1.46285743  -3.94038983   7.20796666
  -1.26662042  -0.13705813   6.03482095   5.94846074   0.87268673
   4.9685816    2.8116015    1.99845662  -5.77374488   0.1207893
   3.93445201   4.35496387   7.65645461  10.05959455  -0.60879741
   3.77272256   3.01472126  -7.95321025   0.99399478   4.14293798
   5.08638817   9.44090472   4.33656033   1.46285743   5.15507032]","[ 11.75203341   8.41515748  14.33426891  14.86921439  10.41067105
  17.67250981  14.22388703  13.10230736  13.13977244  11.29985749
  14.64157169  14.86921439  10.41067105  17.67250981  14.22388703
  13.10230736  13.13977244  11.29985749  14.64157169   7.67341235
  12.51753047  12.59201757  16.6613592    8.19565351  15.84315541
   7.46362052  18.13060397  12.48566682  12.190635     3.569886
  13.60326473   6.42968418   5.2463299   11.42516305  14.86921439
  10.41067105  17.67250981  14.22388703  13.10230736  13.13977244
  11.29985749  14.64157169   7.67341235  12.51753047  12.59201757
  10.4757391   17.48072103  13.20122874  20.54389602   5.8566249
  13.16349743  13.87697668  17.6077314    9.33136806  10.33958836
  11.38526443  16.36141684  11.75391693  14.42822069  14.14278761
  14.25892948   5.61493266  12.26054758   9.59729048  19.37182787
   9.00344049   4.81227931   9.05607578  12.46078193  12.71926543
  16.40857073  10.4757391   17.48072103  13.20122874  20.54389602
   5.8566249   13.16349743  13.87697668  19.76944532  18.15307496
   9.05607578  12.46078193  12.71926543  16.40857073  10.4757391
  17.48072103  13.20122874  20.54389602  15.86704366  11.38092953
  12.45217397  18.19348328   9.10329983  11.23882961  17.30121559
  10.30661426   7.07890837  13.01611204  16.47908624  12.189128  ]","[ 33.27612615  29.11681242  31.83838667  35.0051509   35.91708284
  35.33387488  34.65401241  32.82067159  39.08969656  29.3182154
  31.5979827   32.5477      35.84844075  36.91509062  41.03479353
  33.27612615  29.11681242  31.83838667  35.0051509   35.91708284
  35.33387488  34.65401241  31.75565087  33.5755813   33.52926122
  24.45559779  32.53979385  27.13878995  31.25364186  32.78421222
  34.86420303  35.97527591  33.04535778  34.72339139  35.88373215
  28.89662539  39.76703778  34.8289419   33.9735883   30.05278253
  33.06070469  33.00784779  31.21238064  34.40091509  32.98234517
  30.51327519  32.36613213  34.01500943  40.08693808  33.70222797
  35.85541627  36.32524336  39.65137951  36.06130928  37.92131533
  31.25364186  32.78421222  34.86420303  35.97527591  33.04535778
  35.84121723  28.64823466  27.65865198  30.72116258  31.13976989
  28.89683561  37.9045904   33.11363084  34.72339139  35.88373215
  28.89662539  39.76703778  34.8289419   33.9735883   30.05278253
  33.06070469  34.7095362   30.60498404  32.55165394  32.07044849
  36.54157247  33.81758671  34.16366117  34.75437598  34.70929627
  32.72633753  37.80915931  39.16268061  33.85743377  31.93936491
  28.3703296   34.21059014  31.87079349  40.69992929  31.46737965
  32.40089823  33.5785743   32.7107735   27.09301301  31.35578871]","[ 26.9738074   24.55365663  23.51907592  31.54590021  27.3106903
  25.94017241  24.90069415  27.44693202  22.47795052  25.23381686
  23.21611383  22.03577484  24.44385727  24.28826669  26.60088594
  28.95675079  25.61905154  24.06965711  22.98963428  24.1936377
  28.12011595  25.00862873  26.12127919  26.25843711  20.72374433
  25.56061136  24.21633711  26.44901737  21.07238248  30.7786656
  24.14608845  19.15707228  26.03929503  25.55763709  25.31231727
  23.1650388   24.86688952  18.63491205  27.00217706  27.01666689
  26.60188494  24.58095109  26.42897941  24.31898324  26.76005279
  26.23996488  25.67034931  26.39341672  28.21843647  25.56765047
  25.07735011  25.68343747  25.6089083   25.33638659  23.16352787
  25.03953099  28.30470812  26.04479926  26.61030683  23.76613761
  28.53836587  23.07020407  27.03930853  20.05130133  21.1270063
  26.27368815  27.3572718   25.99531037  23.83141098  25.58576935
  13.63938856  21.56555804  29.98720225  21.48838499  23.74673598
  22.03820948  20.51851254  24.489759    23.0592712   28.02438387
  20.27124132  26.02885343  25.10357328  22.41702644  25.73616219
  25.86838108  27.84111785  23.57259875  26.76005279  26.23996488
  25.67034931  26.39341672  28.21843647  25.56765047  25.07735011
  25.68343747  25.6089083   25.33638659  24.82379882  27.20576272]","[ 20.19615579  31.11973653  30.21448146  24.09006253  25.53825295
  23.03617572  28.87309751  25.52545236  21.98425903  20.12487542
  29.9469618   28.4662896   23.21420945  25.42699874  26.67045708
  22.9736035   25.41746029  30.59948702  23.31699398  30.8798389
  24.22392885  27.25112671  28.10186595  27.38829707  26.72134111
  30.07609192  22.0684479   31.92023579  32.66828291  29.76957717
  22.6774112   26.13189682  26.67023841  32.62994864  29.62671014
  25.62502496  28.65587191  29.17031878  29.88703126  29.62320217
  20.99122587  32.88908752  35.22291378  30.65043906  29.97531644
  24.08205215  26.72083202  27.31991171  30.31030585  20.06455973
  32.68148097  32.50979881  20.19615579  31.11973653  22.6774112
  26.13189682  33.46903911  22.3734482   31.95412555  22.84409479
  24.36367181  28.39933766  32.80948927  24.81260475  28.94574899
  24.34957661  23.53251146  28.30863199  22.17368383  20.18486784
  27.41847555   8.34062568  22.91805641  26.14978358  30.1321334
  28.36728146  28.9055613   18.25915864  30.47825269  33.74957066
  24.20608318  28.1658673   21.68894008  20.03934895  27.84593693
  28.12997237  23.88514464  29.33442456  29.28119392  23.81735031
  19.42635057  24.23534869  28.4662896   23.21420945  25.42699874
  26.67045708  22.9736035   25.41746029   8.34062568  22.91805641]","[ 38.92935025  37.02700597  26.04015481  38.23891611  37.78552469
  36.59754358  38.21223278  35.24123289  32.88413707  31.46032157
  37.77416607  34.41905272  25.42502079  38.7678424   31.49120834
  35.54365146  35.55402187  40.6688168   42.50686579  37.0711895
  44.49655094  43.28634208  43.28634208  38.54682069  41.84614933
  32.87845576  36.56664635  38.039914    30.78822332  34.34954269
  28.12046098  36.135052    33.13579658  35.21698447  33.49991452
  39.1293177   33.239549    39.80228791  39.34857498  46.49503663
  38.66475352  35.58161635  45.13984403  36.33416452  33.50578936
  40.56440616  32.55718546  35.22553303  39.91114211  42.79588537
  35.7499146   45.72599803  32.68553694  36.06074534  32.36705973
  32.68553694  36.06074534  32.36705973  46.64706626  32.79313185
  37.26201482  26.43915025  40.30904861  37.13253072  39.37485762
  31.82025865  28.96031538  38.32811174  32.03583     38.42093906
  27.19055929  43.7001303   43.74832856  38.53378073  36.45158051
  31.91635382  30.7977786   38.7678424   31.49120834  35.54365146
  35.55402187  40.6688168   42.50686579  37.0711895   44.49655094
  43.28634208  38.54682069  41.84614933  43.28634208  38.54682069
  41.84614933  32.87845576  36.56664635  38.039914    30.78822332
  34.34954269  28.12046098  36.135052    39.06090965  27.70876626]","[ 20.85110368  27.12179342  22.47877638  28.94025405  18.58953809
  27.2106091   22.07802638  23.0116741   24.84343773  28.70404929
  25.10521313  28.14470839  27.82535858  28.58600609  23.88470576
  29.36327618  26.77256261  21.15734456  27.60061454  22.73598053
  29.01202762  23.98312632  21.24298486  30.74993085  26.71593818
  27.99604347  23.878049    33.57119402  28.33513835  26.50853273
  32.98337856  27.71691329  27.94768537  23.00908714  22.81976579
  25.23965669  23.56116341  19.08190018  22.82533202  26.07551673
  25.37330944  23.71824721  25.67158139  20.84449612  24.64771097
  26.25276828  25.911933    30.63603962  29.37150417  19.97971179
  26.03240184  30.39426484  23.73301849  26.11119058  25.95776207
  15.5678891   20.44958148  26.0661209   24.94382369  21.40390874
  25.2183658   24.15987921  22.68747289  23.16428903  26.17550722
  29.30061592  21.59308929  17.60543799  28.17403904  26.82927004
  19.2305917   18.01724425  19.72939068  29.53185505  18.78396489
  24.80664218  22.25948574  31.46129295  17.60543799  28.17403904
  26.82927004  19.2305917   18.01724425  19.72939068  29.53185505
  18.78396489  24.80664218  22.25948574  31.46129295  20.44539369
  13.0239905   27.5614263   23.88888088  17.71000453  23.3386527
  21.76941541  26.28923561  26.31906988  24.03922142  31.03714529]","[ 25.25615645  27.33628119  23.07566355  25.20577865  19.42866338
  21.39607526  16.91781554  17.05391535  23.77249143  23.6193462
  23.31085091  23.37917538  23.14484454  23.24160167  19.39522664
  20.64949513  21.35828401  17.03689367  21.92267489  25.68588684
  18.8363458   22.56781505  21.14804318  23.15996517  22.72251602
  23.62393225  18.44629062  20.02301051  14.1722959   18.00430584
  23.81286948  23.25126891  23.69574171  22.21944279  19.27133416
  20.37425229  22.79640689  23.78728252  16.43839596  21.61606239
  22.49563396  25.04256491  29.85704804  18.77712709  23.86472426
  24.3637378   16.09681409  22.84051947  20.87166803  23.44035488
  23.69418373  23.69429335  16.88181654  24.11727111  15.77406329
  18.1364089   24.86009762  23.59951415  20.49536281  26.66001468
  22.5698586   16.38687636  24.16995713  22.34378686  20.14908771
  24.62611717  22.21944279  19.27133416  20.37425229  22.79640689
  23.78728252  16.43839596  21.61606239  22.49563396  25.04256491
  29.85704804  18.77712709  19.27133416  20.37425229  22.79640689
  23.78728252  16.43839596  21.61606239  22.49563396  25.04256491
  29.85704804  18.77712709  27.79728088  23.69437442  23.41438006
  24.05993986  22.06603809  19.06374575  19.9359215   23.2274489
  20.08784964  22.44626598  18.6228051   23.07566355  25.20577865]","[ 20.85438543  25.33356363  26.22608396  25.72991279  18.69509466
  24.53591346  27.04220374  28.68963028  29.63081909  25.9063516
  26.38842884  18.19653096  25.12211562  28.94606536  28.52165804
  26.21177985  22.64240946  23.65491036  20.66079974  21.22582757
  21.09859185  24.04728399  23.80778599  21.18237479  26.26471027
  24.19200282  25.22639531  18.90472915  29.71520144  22.51233399
  21.99342846  25.9949326   34.57319057  15.97079538  22.47283086
  30.45210492  27.8874033   17.79220792  28.70532502  25.92996997
  19.76971946  22.22919822  21.11422855  22.77500474  22.7183839
  19.62617891  18.52683315  24.77515659  16.22531662  23.44772734
  24.55957876  18.39111341  16.01901494  22.32850601  24.93655069
  24.77515659  16.22531662  23.44772734  24.55957876  18.39111341
  16.01901494  22.32850601  24.93655069  22.08547691  22.28730482
  22.78339143  18.19653096  25.12211562  28.94606536  28.52165804
  26.21177985  22.64240946  23.65491036  20.66079974  21.22582757
  21.09859185  26.6127333   18.59479588  26.28029393  22.97742093
  22.02375442  20.37242544  22.58217972  28.10568109  23.20658157
  23.80778599  21.18237479  18.42198402  25.5299044   25.36411222
  27.34917501  25.72017795  29.19092854  18.91013318  25.4854026
  19.31491302  27.81761385  25.52008977  21.97266799  18.67584838]","[ 30.97382195  35.35604913  45.84436955  29.83356605  39.84572973
  42.4064328   28.41719738  28.52513129  31.86650164  32.25805796
  40.13611988  35.97925888  30.830913    34.72383534  32.73492114
  36.35716198  30.29186725  43.12721762  33.64106535  29.67591718
  36.71049801  38.73056947  35.78887821  31.45426581  41.70615769
  38.12610225  37.98431124  36.25585723  37.7365044   34.78179533
  25.8768974   28.82580241  26.61240999  33.96140909  35.78132569
  35.65414367  35.82893213  36.43198573  33.82538054  34.99044933
  37.41476604  31.15993887  41.48985402  38.31009049  31.59991297
  34.76274304  30.25651876  30.37312146  36.46910073  36.05572607
  34.48294404  23.12277696  33.37333463  40.4879239   41.47688535
  33.46036239  29.68002022  35.99197086  40.66921729  39.84092308
  37.74858195  36.83964453  41.12827591  42.57019082  36.12945642
  38.03944096  34.74743969  36.04748096  35.22975623  39.17520722
  33.96140909  35.78132569  35.65414367  35.82893213  36.43198573
  33.82538054  34.99044933  39.24844865  24.21841171  31.93011795
  25.03431466  34.81017108  37.95826024  31.15183055  32.50031247
  42.68679191  28.0341423   32.7618201   31.0576259   35.1740186
  24.65053656  34.30147068  35.18268857  35.60572461  35.71340769
  46.63223476  31.59991297  34.76274304  41.12827591  42.57019082]"
"[  2.21525104   5.86038631   0.80435517   3.47968448   4.12930726
  -1.3609609   -2.36070126   2.53518157   5.47593445   5.72801037
  -1.02490456   5.86038631   0.80435517   3.47968448   4.12930726
  -1.3609609   -2.36070126   2.53518157   5.47593445   5.72801037
  -1.02490456  -0.19377541   2.74543569   3.20844728  -1.01570485
   3.77338923   0.39679162   7.96594545  -2.09122678  -2.93581851
   1.02553807   0.95620178   5.05467897  -6.2962811   -0.01293567
  -7.82835013  -1.14461073   3.98917383   1.69229052   2.21525104
   5.86038631   0.80435517   3.47968448   4.12930726   7.96594545
  -2.09122678  -2.93581851   1.02553807   0.95620178   5.05467897
   2.89727744  -6.2962811   -0.01293567  -7.82835013  -1.14461073
   7.96594545  -2.09122678  -2.93581851   1.02553807   0.95620178
   5.05467897   2.89727744  -6.2962811   -0.01293567  -7.82835013
  -1.14461073   3.98917383  -1.33917801  -4.36027204  -0.05641345
   0.63999739   4.20861972  -2.76641601  -3.95612036   6.98815375
   7.4881574   -1.49487954  -7.82835013  -1.14461073   3.98917383
   1.69229052   2.21525104   5.86038631   0.80435517   3.47968448
   4.12930726  -1.3609609   -2.36070126   2.86006071  -7.75061137
   0.61338868   3.85031184  -0.02755273  12.43141269   2.31966248
   0.23010767  -4.70865041   5.79689998  -2.39714171   5.79689998]","[ 12.25118722  17.39860311   9.4961788   15.7982776   17.20228001
  12.78901008  14.69966719  11.36161162   9.37333389   5.14290896
  11.85211971  17.20228001  12.78901008  14.69966719  11.36161162
   9.37333389   5.14290896  11.85211971  10.25846723  18.42524096
   7.56778145   7.54720128  13.14728043  18.32007764   3.40885897
  16.93231397   9.48142311  16.38070954  11.5114544    5.01710596
  12.75706395   9.7529973    7.45965602  20.34718756  15.16847596
   4.74897143  13.68235909   4.05084385  10.33032598   9.73818003
  14.10877854  12.07309629  10.66922933  16.03548398   9.37333389
   5.14290896  11.85211971  10.25846723  18.42524096   7.56778145
   7.54720128  17.29976087  11.83475728  10.33000928   8.45908207
  20.18398046  10.48077439  10.7980347   20.34718756  15.16847596
   4.74897143  13.68235909   4.05084385  10.33032598   9.73818003
  14.10877854  12.07309629  10.7980347   20.34718756  15.16847596
   4.74897143  13.68235909   4.05084385  10.33032598   9.73818003
  14.10877854  12.07309629  10.66922933  18.76354774  11.70609009
  10.84091445  11.63616314  10.09850251  15.36855929  15.26689105
  18.05974081  16.34946433   8.78283303   7.50266027   6.88089449
  12.13097995  13.8892092   10.2163076    8.6692378   10.21090517
  12.73553315   7.4902551   10.41576268  11.0054402    9.7360374 ]","[ 31.8537429   35.24134325  32.63624603  34.22917913  33.53311881
  35.60288339  30.26587274  34.83674023  36.02237848  33.78493666
  31.14944151  39.55447068  35.04827722  32.94607866  42.75940173
  30.93760915  36.77082309  32.71664604  41.97135203  32.87595123
  35.09561949  31.9112151   33.52986346  32.49689996  27.90198341
  35.71227325  31.14944151  39.55447068  35.04827722  32.94607866
  42.75940173  30.93760915  27.15479942  40.25970005  35.2167561
  34.58324617  29.25436214  34.82240098  35.83769519  38.25723069
  43.2270916   43.65776238  34.93601828  30.52216142  31.41045392
  35.59642876  33.39337955  35.12610268  28.29335232  34.7802985
  29.37231586  37.81796171  35.9681013   38.66644632  34.42026411
  36.34165541  30.19723678  34.07976311  35.23638433  36.69154756
  32.83564908  32.57995067  30.39035374  33.74369486  38.31678942
  34.18879547  36.7820422   34.03403572  35.42692885  35.96473318
  32.93523857  38.46325508  34.23191235  35.58113752  34.36273762
  38.92933388  35.96473318  32.93523857  38.46325508  34.23191235
  35.58113752  34.36273762  38.92933388  37.74814316  35.40981014
  34.02407988  32.09507682  34.58324617  29.25436214  34.82240098
  35.83769519  38.25723069  43.2270916   43.65776238  34.93601828
  25.81592318  33.13947429  38.77560074  43.04897363  29.59668509]","[ 25.12086071  26.14629313  26.10874636  24.80221952  20.76005686
  24.51245487  20.05963197  27.08434105  23.74310327  25.58137669
  22.79887381  24.67941149  24.18071236  24.15574928  26.36086785
  24.49544649  26.61362685  27.61817717  30.43913914  25.05872858
  28.92722135  27.98620638  28.64222534  20.06777472  29.9063459
  27.97030014  27.23617712  24.29353567  23.52421878  23.18496718
  27.65690905  24.4981542   27.66844352  27.98620638  28.64222534
  20.06777472  29.9063459   27.97030014  27.23617712  24.29353567
  23.52421878  23.18496718  27.65690905  24.28879398  26.29755403
  26.28992839  15.38739976  23.22649772  27.40561071  22.7805613
  25.11667214  23.05520994  23.15234874  23.81962954  27.92010272
  25.33120687  28.4447583   28.66205822  26.66138634  21.85379874
  25.75294907  21.95859866  28.99828985  23.99781766  31.34976414
  26.97262639  24.08520292  32.50209343  28.7774656   26.58661904
  25.71267567  26.35027016  27.52842729  27.61930802  26.91867389
  21.74930902  26.33170135  27.92010272  25.33120687  28.4447583
  28.66205822  26.66138634  21.85379874  25.75294907  21.95859866
  28.99828985  23.99781766  26.83361574  25.11242837  26.70331819
  27.64855562  20.04629174  27.23136485  28.87595778  26.23974333
  23.40410707  23.20315254  24.00022142  28.27197362  26.63971616]","[ 33.02449251  21.51018394  32.6659403   29.58483379  30.92503848
  23.14921249  25.22693422  23.89475926  24.0122534   20.55983261
  28.23898581  28.41087804  25.75569139  29.56691397  30.31807421
  26.11444877  27.84075463  29.34183514  20.98329126  28.40442992
  21.61493967  34.86384149  19.68577387  24.59747539  32.36032443
  21.44698429  28.41087804  25.75569139  29.56691397  30.31807421
  26.11444877  27.84075463  29.34183514  27.82895539  26.66742028
  19.31948694  31.24965251  24.6292657   26.37566169  35.09322689
  27.68655288  34.04993825  27.84216371  29.05826816  24.29330592
  17.02038426  31.61658754  23.7045485   24.60113202  13.21818619
  22.17503406  28.80705473  30.19293897  37.01215452  21.96994632
  21.71463431  34.86384149  26.90286533  32.65700044  25.29913216
  28.03169858  18.44081224  20.94815898  24.84246107  26.84341153
  17.02038426  31.61658754  20.55983261  28.23898581  25.23670487
  34.32892206  18.16239174  20.08968074  25.70616855  33.54640575
  30.16993954  19.24426509  27.31052414  18.04516246  26.09424526
  25.05558023  32.51670537  19.47016731  17.83837829  25.93981413
  27.82895539  26.66742028  19.31948694  29.05400353  16.85325298
  21.4881195   22.67658658  32.80521094  28.59575348  33.67159138
  35.45055296  22.37116413  26.78327079  34.08251459  35.29144958]","[ 44.52465149  29.75992794  38.99848914  40.39135917  41.45686992
  37.54063168  35.33136934  38.43764629  27.42868389  34.6380402
  44.79595073  33.05688969  45.00444357  37.21447391  37.09385181
  38.60580563  37.34438079  35.2685447   34.05875012  39.46437906
  25.62074952  38.00462758  36.16180052  40.44140325  37.95397161
  38.00207771  33.09503122  33.73807304  39.29470083  34.41169037
  28.14310756  35.67363152  34.16029038  36.45103909  35.67363152
  34.16029038  36.45103909  34.74225279  33.43398413  40.83984468
  30.23518052  35.53605973  37.5467548   32.23724691  38.70284839
  37.00241672  34.51303876  33.98719074  34.20484229  33.69285662
  35.09635436  33.68061119  37.81135468  44.52465149  29.75992794
  38.99848914  38.28263691  34.61165174  36.75086048  38.96203834
  40.70873656  34.46204916  32.82667578  34.01436053  36.25371088
  41.17708608  38.99848914  40.39135917  41.45686992  37.54063168
  35.33136934  38.43764629  27.42868389  34.6380402   44.79595073
  33.08403419  30.94604094  33.98719074  34.20484229  33.69285662
  35.09635436  33.68061119  37.81135468  44.52465149  29.75992794
  38.99848914  40.39135917  41.45686992  29.98985813  32.8881442
  32.16967566  35.23337055  31.67153424  43.57145702  42.8309692
  38.63727338  39.09363719  31.78132755  37.34945428  37.59365258]","[ 26.99439057  29.82521565  21.01866235  24.33642732  33.73154495
  30.53857226  19.92360406  31.09243722  26.11320246  26.48356713
  24.95977076  26.71610584  21.50249644  21.0986947   23.83275812
  30.08935787  21.37362445  22.85371967  21.80888654  27.28388736
  16.38830068  26.19347836  23.11931075  29.36278242  26.12876232
  28.81987426  21.86804002  26.22308235  25.50275882  26.21709982
  30.15065414  32.63616323  23.62673967  29.20105034  29.24272111
  26.77556746  30.61814372  26.25754554  28.75914079  24.58679411
  28.18960389  25.63374127  23.24116607  25.53242834  25.84849985
  25.75376683  26.43953976  25.88020476  18.38469622  28.14324097
  23.88266174  21.76443936  23.75079559  22.45526935  25.45296882
  24.65639714  28.98480163  29.55029144  27.57642946  21.54385963
  31.2263213   31.07137808  26.31595753  22.82798056  29.38870669
  21.92218696  25.32245647  19.97107549  22.46989749  25.06800561
  26.66746481  24.23413835  29.14099318  31.55259167  29.33458645
  29.30843488  25.32245647  19.97107549  22.46989749  25.06800561
  26.66746481  24.23413835  29.14099318  31.55259167  29.33458645
  29.30843488  24.92026868  24.3011953   27.75322332  30.83672898
  26.76715121  28.02141941  24.5650287   10.35602372  25.69942696
  28.45587363  16.4352224   29.34602199  33.22615207  31.65583982]","[ 19.58183568  22.6692505   24.23094002  26.94790376  21.76482452
  19.36072232  20.02142013  17.83381255  23.77094756  23.52994413
  21.87588485  22.00397652  26.37332987  23.70760266  22.81699841
  14.75569818  21.32585943  18.40757414  25.32642887  26.68187206
  23.38186002  11.02140996  23.75278177  16.00391864  31.78952855
  21.9521593   15.34094232  25.79775958  20.53182918  18.57431743
  18.26657187  18.98313052  23.63637626  22.20341492  23.0767579
  24.08963637  19.91029534  27.47348413  16.99546104  23.49411135
  23.49263159  30.4443905   23.31193578  26.37332987  23.70760266
  22.81699841  14.75569818  21.32585943  18.40757414  25.32642887
  26.68187206  23.38186002  11.02140996  24.69565361  22.20341492
  23.0767579   24.08963637  19.91029534  27.47348413  16.99546104
  23.49411135  23.49263159  30.4443905   23.31193578  16.34993633
  24.6157037   22.02338427  25.50105274  22.92216694  19.38731516
  21.4514323   20.4519166   23.5276164   25.14259174  23.53116998
  27.46140705  25.12813888  29.00173518  25.15560973  22.37078383
  27.41312702  24.48305109  20.08899501  21.3409436   22.05679221
  18.96832807  19.30683434  18.08847523  22.20341492  23.0767579
  24.08963637  19.91029534  27.47348413  16.99546104  23.49411135
  23.49263159  30.4443905   23.31193578  26.36616398  19.16077694]","[ 24.52080202  30.12241465  32.89145676  27.56209875  22.12422408
  30.03586575  24.40514193  32.20272144  26.17162985  20.43123827
  24.04325214  32.29310463  25.17245257  31.13906246  27.72077809
  21.94930011  29.24934273  28.296506    28.12072961  20.53781164
  26.28608677  28.04388715  24.93820621  26.31916244  26.32382465
  27.43356472  25.85575907  31.34199122  24.86018653  26.92133474
  26.8613803   30.19909946  25.9977374   32.29310463  25.17245257
  31.13906246  27.72077809  21.94930011  29.24934273  28.296506
  28.12072961  20.53781164  26.28608677  28.04388715  22.04495818
  31.33927319  30.71621518  25.53021219  26.76112853  24.86266206  18.65883
  20.65162292  26.90999787  23.46475726  20.38480701  21.43267485
  29.59808121  30.55296499  24.08172915  25.59057339  24.88412706
  24.12815672  21.4409443   21.60555048  25.68728753  17.12533422
  17.51608382  23.29454735  22.45370687  24.32300634  25.59211409
  16.49350718  27.89635629  29.32265819  19.03511853  11.380717
  28.46649232  23.67423089  23.03139017  22.67586436  24.12659045
  23.54736762  28.93746973  23.61335118  27.84794466  25.77354221
  27.92023767  28.22019501  23.6249747   24.93820621  26.31916244
  26.32382465  27.43356472  25.85575907  31.34199122  24.86018653
  26.92133474  26.8613803   24.7047922   25.30951025]","[ 43.36643696  35.87560461  40.99622704  32.621697    32.35812581
  38.81632548  35.92889612  35.07367717  33.08083362  31.76859434
  45.65831881  37.89324275  39.53177195  38.70277175  39.38448327
  30.49948176  31.0379778   36.40071049  27.74736545  29.64453061
  31.89991977  45.30665887  36.63866798  45.05946185  34.23591104
  35.27547412  33.0795539   40.44316879  40.85919322  41.03218191
  40.29363399  39.26986174  46.05425755  38.39562123  42.70284455
  41.34098492  38.96605286  35.21237695  36.75120714  40.03708137
  37.49426802  44.14122715  30.53391499  32.85849866  32.70155447
  36.89862949  38.83126016  34.74583203  42.26969677  33.35759289
  35.96525248  40.7324921   47.51549215  41.63248639  37.13344752
  37.40158714  36.70291089  37.11524506  31.86589634  35.85371211
  33.94506079  30.8445462   34.50826515  38.41508627  28.52617211
  36.84184921  37.15750204  34.19996037  33.44745642  29.38300806
  36.95787901  45.10909336  34.01542731  38.39562123  42.70284455
  41.34098492  38.96605286  38.91592594  29.51841672  36.40678386
  38.04014255  42.29524373  48.9763215   44.71061498  35.67741429
  39.20148283  39.59080078  33.0795539   40.44316879  40.85919322
  41.03218191  40.29363399  39.26986174  46.05425755  41.21069292
  39.5324997   41.46850924  35.57953419  32.60911514  33.90188706]"
"[ -0.30996962  -0.91414757   3.47633879   2.22607552   4.22767114
   0.50991343   4.62130601   3.01379205  -3.62770608   2.22189003
  -0.22943015   7.69051631  -1.47142537   3.57282578  -0.25454678
   2.89474615   5.87398848  10.15845581  -1.06437791   6.13798963
   6.87533393  -0.26999465   2.22607552   4.22767114   0.50991343
   4.62130601   3.01379205  -3.62770608   2.22189003  -0.22943015
   6.99780371   7.69051631  -1.47142537  -1.47142537   3.57282578
  -0.25454678   2.89474615   5.87398848  10.15845581  -1.06437791
   6.13798963   6.87533393  -0.26999465   5.22316301  10.15845581
  -1.06437791   6.13798963   6.87533393  -0.26999465   5.22316301
  -0.76625723  -2.12598358  -0.16866644  -6.98071495  -3.94562009
  -0.78668372   1.05945449   5.25629765  -3.08263592  -6.06699882
  -0.10611223   1.79504401  -3.4728161    4.76549855   2.32799546
   2.47441071   4.62130601   3.01379205  -3.62770608   2.22189003
  -0.22943015   6.99780371   7.69051631  -1.47142537   3.57282578
  -0.25454678  10.15845581  -1.06437791   6.13798963   6.87533393
  -0.26999465   5.22316301  -0.76625723  -2.12598358  -0.16866644
  -6.98071495  -3.94562009   0.48289332  -3.41289066   6.29374546
  -2.95238803  -0.04470306   6.46237897   0.35590069   3.11239155
  -1.44945904   4.27477679   2.12268656  -0.75650896   1.79504401]","[ 11.64369988  10.97917295  22.82637153  13.11009142  10.2218436
   6.49076457   2.9479111    6.04215017   8.36304201   9.50534726
   3.06712476  19.51913404  12.4094875   12.64196077  17.35779996
   8.58663603   8.16672884  13.02906943  12.62059873  14.42039116
  19.16411547  10.21195591  11.06490417  14.10313525  10.90536919
  10.53508838  12.16735715   8.2192581    8.44184941  10.41806395
  13.70109833  12.6235169   10.11492222   9.50534726   3.06712476
   9.56890921  10.46723483  16.18319976  11.78545176  18.05064477
   8.82651287   8.80154372   5.76788385  10.06066236   8.03344027
  19.51913404  12.4094875   12.64196077  17.35779996   8.58663603
   8.16672884  13.02906943  12.62059873  14.42039116  19.16411547
   9.04949146   6.48889142  13.68444713  11.59923811  10.42917032
  11.40486859   8.91843217   4.73006052  14.50395852  12.06792585
   8.43447247  19.51913404  12.4094875   12.64196077  17.35779996
   8.58663603   8.16672884  13.02906943  12.62059873  14.42039116
  19.16411547  10.21195591  10.2218436    6.49076457   2.9479111
   6.04215017   8.36304201   9.50534726   3.06712476   9.56890921
  10.46723483  16.18319976  10.49027389  14.51614196   3.22303391
   8.57424699  17.46651578  11.52647599  13.3363724    8.65394731
  12.86942886  17.36578611  21.76962887  12.59231786   7.3247264 ]","[ 35.71139679  35.56290307  39.18748976  37.60156384  37.72770677
  23.98252995  38.70827956  36.15255383  41.6424475   36.71856689
  41.70991969  32.3199068   36.48257511  36.37196655  39.36737658
  35.76131724  38.98324934  41.20409981  45.1815005   37.00458144
  37.90102059  41.22555125  39.21329182  37.35129201  36.66223972
  41.60799937  38.34505265  37.40389824  32.45318523  35.72797312
  42.73741226  35.1515445   40.95188991  38.30603148  38.69371702
  43.58640249  38.84421242  34.39871468  37.81909924  38.66347489
  34.49616728  36.66274918  31.85188642  35.05070884  37.64343609
  29.74666472  37.85608741  34.63326238  30.692912    30.85916739
  39.36336609  36.96582279  32.15144326  29.09755729  36.79163885
  35.76131724  38.98324934  41.20409981  45.1815005   37.00458144
  37.90102059  41.22555125  33.13890315  33.02997744  36.09402599
  35.15772848  41.60799937  38.34505265  37.40389824  32.45318523
  35.72797312  42.73741226  35.1515445   40.95188991  38.7661614
  35.82179833  33.63899132  37.00492517  40.15686927  32.15859804
  38.82012345  40.0226363   37.64343609  29.74666472  37.85608741
  34.63326238  30.692912    30.85916739  39.48971398  40.98289077
  36.45524633  39.16228682  30.87787823  43.21831792  29.22916473
  34.61861769  35.23951155  37.70309534  29.96400229  36.19159035]","[ 23.88793192  23.55547536  26.17044427  24.51584709  29.01961043
  29.48533688  26.72720464  22.06783289  31.01361636  27.51164901
  27.27519122  29.97335888  25.04738184  23.46169172  28.97349419
  26.38911326  26.99492259  26.26774583  27.41323731  25.57831609
  26.47048134  21.65984885  31.48469484  25.82139892  25.14595793
  22.64322789  24.46427318  29.95317046  25.70365986  27.25873796
  30.0017553   28.54547817  31.71433169  28.45564655  26.48832281
  26.41749747  25.66737638  23.40524901  25.52529219  25.64687843
  30.99196087  26.84179238  30.13178739  24.58298994  22.524883
  27.42464453  24.93086209  27.60717745  27.6910326   21.71166929
  24.24638327  29.49212432  26.7841527   25.1003165   27.29604947
  22.99971735  26.51698267  24.35357593  30.98490135  24.30829509
  24.07381131  22.48114632  28.29681029  28.86640379  24.83495716
  30.86642607  23.88793192  23.55547536  26.17044427  24.51584709
  29.01961043  29.48533688  26.72720464  22.06783289  31.01361636
  27.51164901  27.27519122  25.4555952   28.6793942   24.87658927
  26.94037663  29.91105787  25.40603977  25.24328087  27.62113278
  30.92025387  28.88601753  30.53837868  26.82878189  22.99971735
  26.51698267  24.35357593  30.98490135  24.30829509  24.07381131
  22.48114632  28.29681029  28.86640379  24.83495716  24.34725525]","[ 30.4538363   26.68454496  26.28098069  23.41718991  35.09823433
  25.23660538  32.9513146   24.21886611  16.55574378  15.53879501
  23.7331336   10.74238975  24.4953497   30.02221221  32.9474364
  29.47931952  28.76391269  37.95408134  33.27582041  28.276955
  32.00776761  26.62287541  28.47479324  26.43700389  26.32588203
  28.64483941  28.1507752   30.04076358  18.1776341   33.04434132
  26.60086561  26.31125582  11.49332264  11.49332264  27.16589198
  27.81753111  36.02621659  28.72054174  25.43777005  24.95764808
  25.05834129  36.78098179  23.90877247  27.12919162  25.04747833
  33.23677573  25.76187176  22.79260555  24.35926633  36.60822864
  18.75063735  24.77989954  27.47279674  32.89325051  33.06712302
  27.77272901  25.30006604  32.01690092  30.14633099  27.66431718
  21.79552201  24.12749354  35.56449302  20.82934378  30.14502647
  25.76701073  20.13165586  30.71907761  32.04297236  27.15229264
  28.47479324  26.43700389  26.32588203  28.64483941  28.1507752
  30.04076358  18.1776341   30.14502647  25.76701073  37.28769812
  34.41308532  27.7542772   35.62241777  25.22128988  33.85308568
  30.48154935  16.17532528  23.90877247  27.12919162  27.97624153
  26.11092915  30.46432219  30.14483716  30.30777648  29.51714808
  34.43192934  26.38213761  26.70227292  33.26012088  36.45726952]","[ 40.13604872  32.87917704  38.97619918  33.79126204  34.05241605
  38.64211507  37.89560505  35.7135061   37.2226705   35.06384533
  40.90160519  31.73487439  43.48178838  39.14734462  41.29799627
  36.03316381  34.0345781   31.80219347  40.6683604   39.72674873
  36.25654888  30.50561508  34.06768642  40.19317264  39.67800193
  35.7986044   38.6951086   44.50557236  36.81231397  37.38499589
  42.52874057  40.7523097   39.46668386  38.11913218  34.06378862
  36.54977555  40.53435073  30.80334097  37.57990264  34.06768642
  40.19317264  39.67800193  35.7986044   38.6951086   39.502662
  41.00602809  38.11913218  34.06378862  36.54977555  40.53435073
  30.80334097  37.57990264  34.06768642  40.19317264  39.67800193
  35.7986044   38.6951086   44.50557236  36.81231397  37.38499589
  42.52874057  40.7523097   39.46668386  44.54624423  42.99249842
  43.5862581   33.02811441  41.48036449  39.42573797  36.98114528
  43.22980053  44.26172363  44.38948778  37.94324784  34.923073    35.8404163
  37.94324784  34.923073    35.8404163   40.42234388  40.02919547
  45.39836035  37.13821168  36.73240608  35.81255942  42.21973183
  41.12805426  36.98306347  42.89957331  40.4742032   37.45427343
  39.8078182   37.08416232  39.83063473  43.8071768   35.64767394
  38.07301658  43.49206548  29.18687531  37.65585251]","[ 28.43680538  30.20527994  28.97904221  22.19806663  29.01035892
  26.14713962  33.61792078  21.5696908   24.67916021  35.20319859
  31.16760388  27.59812621  28.56349442  25.54159655  26.93718028
  27.63504598  25.01182586  24.55156786  18.02605598  23.64632871
  23.92649514  33.11456668  31.26848481  36.46807465  31.70220195
  32.35244775  23.19952758  25.43706367  27.71510351  24.59847617
  29.66113148  28.81669912  22.3185384   27.92557244  21.352375
  21.23059251  26.77358268  28.14010443  25.82393091  30.68412688
  33.64610313  30.79587058  32.90095322  26.33497209  30.42846244
  29.25113654  29.32654345  27.54015262  28.07295159  28.56111672
  26.89462517  30.56890467  32.16822605  26.63223329  27.52291513
  32.60564453  26.73713683  30.36311199  33.75709051  25.0258546
  26.98174826  32.01042885  29.82940137  35.30898736  22.16465479
  22.02465397  26.15519649  35.59811058  25.47395573  25.19795077
  21.27127671  31.09058882  18.83571532  26.28809257  27.40269121
  23.93999235  29.64779685  27.01480243  24.29044165  26.9603089
  29.07665228  29.4512073   28.95729699  32.41963273  29.61456529
  23.04826086  29.64317875  29.95975558  23.68406557  28.71158685
  28.16779964  24.25908301  28.1970231   25.49181369  31.47843957
  25.63772414  22.8733182   32.44228508  31.86055848  27.59812621]","[ 23.68715059  21.44901967  21.97336817  17.07395603  24.88319793
  17.30020891  21.8675351   23.53474307  29.80608162  19.62293364
  21.57450373  22.27760555  23.80545749  14.74277347  19.29179071
  22.25429746  19.88574064  20.10170894  25.13179459  26.59986405
  23.77219761  25.4505521   22.57062259  23.50639847  21.25658154
  16.75560027  20.88202857  25.48643244  25.00385394  21.29744404
  23.40233593  21.64561552  21.97336817  17.07395603  24.88319793
  17.30020891  21.8675351   23.53474307  29.80608162  19.62293364
  13.64255448  20.99435767  24.01998059  23.72480145  15.50416242
  17.81527943  23.58801484  22.62051447  17.18922865  24.53225477
  15.54663083  21.64607978  20.8094812   25.29391342  15.94537354
  21.02020802  18.06554586  19.92548495  29.09336942  17.12201793
  18.69905311  23.51689546  16.56106259  25.68176327  24.64706893
  21.57450373  22.27760555  23.80545749  14.74277347  19.29179071
  22.25429746  19.88574064  20.10170894  25.13179459  26.59986405
  23.77219761  18.39343958  18.44621923  18.19318718  20.39810656
  21.79606295  25.77259522  18.2311288   21.07619861  21.43761332
  21.40965427  25.05568026  22.27760555  23.80545749  14.74277347
  19.29179071  22.25429746  19.88574064  20.10170894  25.13179459
  26.59986405  23.77219761  20.30539513  25.62218383  30.04823099]","[ 24.05036135  23.18864679  24.78557622  33.94292516  29.75856763
  25.32451226  30.78469373  33.12082168  24.64684283  22.57009676
  30.73437862  28.73729174  17.46869631  30.17499099  19.52097467
  19.93105359  30.79189867  22.41995143  26.25245438  29.01603335
  28.02736482  30.61593381  29.70888828  30.73852422  25.95680736
  29.65435589  23.95127517  33.6287402   33.08845052  27.99847533
  29.40793892  29.09934716  27.91529885  28.73729174  17.46869631
  30.17499099  19.52097467  19.93105359  30.79189867  22.41995143
  26.25245438  29.01603335  28.02736482  30.61593381  22.54756921
  29.1170098   27.24828125  27.48732487  37.5683712   32.77216295
  22.94583407  20.8284861   25.07467192  14.62851711  30.90701068
  24.71493687  26.57762206  21.34880076  22.07860142  26.28701101
  26.45641652  23.96409156  27.62505209  30.17263752  19.83095903
  24.70541375  17.90043892  23.04740179  33.78510837  15.05584288
  13.4947893   24.1163976   11.64981015  21.54359641  31.01564092
  27.6145111   29.3113799   26.83181226  31.0404683   22.29579872
  29.02231405  21.312458    30.09062144  27.50071028  27.42635947
  34.73951459  20.17839724  30.96400848  25.7966048   33.05086098
  25.88978508  31.53130484  33.52415132  19.92111779  33.14531493
  34.47540971  17.28688956  25.09237296  33.05086098  25.88978508]","[ 41.62269579  41.12497058  40.94005579  40.40846377  32.92041574
  39.41851494  42.32109324  38.58317079  36.74664801  44.62364082
  36.66595499  33.99094002  28.83965984  35.98443415  29.31934912
  41.42190265  37.40729648  42.4223997   35.45885795  34.26340882
  34.15711612  43.83786567  42.01879197  33.29505026  40.32414958
  42.84030549  40.05572864  41.35305575  35.99554535  33.99094002
  28.83965984  35.98443415  29.31934912  35.81586336  37.88398101
  30.18696245  39.51259789  37.2174786   30.34258242  41.73774729
  34.08698593  39.63342843  27.21775195  37.5314391   44.82338295
  25.13458713  28.03410087  38.63176177  39.39498744  41.28608822
  41.58454797  35.85430143  37.20753327  39.62559387  41.50522071
  38.28227358  35.22002241  40.06685959  38.9565182   44.82338295
  25.13458713  28.03410087  38.63176177  39.39498744  41.28608822
  41.58454797  29.82994102  37.94050415  41.82640997  43.63173735
  27.79497159  41.58805823  34.33504106  27.8343343   34.21384931
  30.08647859  34.80172328  38.21443019  37.09350769  31.26504746
  33.83169993  42.26539198  40.53791935  41.03925547  37.28689858
  35.49332253  45.21037826  35.03913561  40.13009497  40.41321567
  44.99527006  34.80043832  41.47196193  43.20109284  28.0074082   43.581995
  39.16137165  42.3051831   38.32801644  41.07783523]"
"[  3.48727761e+00   9.57209067e-01   3.37855188e+00   4.22555712e+00
   7.48440633e+00   3.02966569e+00   4.75116271e-01   4.97379431e+00
   1.28936689e+00   4.33286258e+00  -5.87881051e+00   4.59934269e+00
   2.57420108e+00  -2.52910412e-01  -3.86228416e-01   4.42568801e+00
  -2.17263707e+00   2.40220952e+00   6.00780131e-03   3.48727761e+00
   9.57209067e-01   1.28936689e+00   4.33286258e+00  -5.87881051e+00
   2.57602671e+00   7.59978420e-01  -1.61523587e+00   3.28482529e+00
   4.32016507e+00   5.05332463e+00  -1.19750065e+00   2.12843731e-01
   2.02800073e+00  -1.21092763e+00   7.12046858e+00   6.69654316e+00
   4.13119435e-01   6.09272297e+00  -4.00085209e-01  -1.04969133e+00
  -7.12851671e-01  -7.32147774e+00  -2.42911300e+00   3.37855188e+00
   4.22555712e+00   7.48440633e+00   3.02966569e+00   4.75116271e-01
   4.97379431e+00   1.28936689e+00   4.33286258e+00  -5.87881051e+00
   2.57602671e+00   7.59978420e-01  -1.61523587e+00   1.28936689e+00
   4.33286258e+00  -5.87881051e+00   2.57602671e+00   7.59978420e-01
  -1.61523587e+00   3.28482529e+00   4.32016507e+00   5.05332463e+00
  -1.19750065e+00   2.12843731e-01  -2.52910412e-01  -3.86228416e-01
   4.42568801e+00  -2.17263707e+00   2.40220952e+00   6.00780131e-03
   3.48727761e+00   9.57209067e-01   3.37855188e+00   4.22555712e+00
   7.48440633e+00  -1.35644194e+00   4.33126906e+00   8.72337869e-01
   3.27367290e+00   6.07411649e+00   9.38053453e+00  -1.21092763e+00
   7.12046858e+00   6.69654316e+00   4.13119435e-01   6.09272297e+00
   7.35602056e+00   1.65782252e-01   4.59934269e+00   2.57420108e+00
  -2.52910412e-01  -3.86228416e-01   4.42568801e+00  -2.17263707e+00
   2.40220952e+00   6.00780131e-03   3.48727761e+00   1.12460002e+01]","[ 15.77575534   9.09508759   6.92580263   8.60771187   3.83217431
  12.80011182  15.87614738  14.35760811  10.53253015  10.4156769
  12.86327026  13.15864708   2.41544183  12.15735919  20.21965272
  12.82710003  12.99376103  10.70725892  19.08225454   3.92590531
   8.28665286  13.40711383   6.16560924  16.90556604  16.90556604
  10.85778758  15.77575534   9.09508759   6.92580263   8.60771187
   3.83217431  12.80011182  15.87614738  14.35760811  10.53253015
   4.57205948  13.47216878   4.80324795   6.59324919  10.31000078
   7.72578422   2.41544183  12.15735919  20.21965272  12.82710003
  12.99376103  11.4157719   15.98810269   9.54539037   4.57205948
  13.47216878   4.80324795   6.59324919  10.31000078   7.72578422
   2.41544183  12.15735919   5.03594818  12.33674136   9.14215467
  14.54656616  11.85216079  12.74475498  13.58113447   4.40650781
   6.0475008   11.39131967  11.62461663   4.99887756   3.38158139
   4.59294854  16.16330391   3.85597098  11.61660881  17.7975217
  10.01031321  19.77412107  21.41813797  14.47058587   9.34364903
  17.02160998  11.67232457  10.77770344  14.77439197  10.86475088
   5.07703392   6.76846278  14.83373609   9.09508759   6.92580263
   8.60771187   3.83217431  12.80011182  15.87614738  14.35760811
  10.53253015  10.4156769   12.86327026  13.15864708  19.98401787]","[ 38.71455905  36.46192238  38.56898895  40.51987638  38.66304683
  43.39203484  40.25125101  49.23709273  41.06533444  33.18596444
  35.33794399  37.05427917  42.19497074  41.65986608  43.65925432
  34.83760638  32.36409055  38.24873532  40.95050699  39.40669738
  42.41482889  39.20422689  38.3521993   38.4122153   36.39246119
  43.04985947  40.34086882  36.11504378  42.54417354  39.91199672
  37.5131313   38.20026825  44.7915415   40.9812403   41.14724134
  35.36000055  39.33407655  42.44866001  40.25478736  36.0404197
  29.85835302  39.82217699  40.96415654  44.09333403  40.25125101
  49.23709273  41.06533444  33.18596444  35.33794399  39.10090351
  45.31650398  43.06225796  33.64660708  39.77667393  36.69413444
  45.2655707   39.26138906  40.27319746  42.21597201  36.9996888
  45.27790714  43.26244141  38.13154812  37.80414203  41.46542863
  34.87133404  32.65928817  31.54103473  47.54436807  49.45541848
  43.49113359  41.6646344   33.82764232  36.96955745  35.5651802
  40.80776907  41.406713    39.15440168  37.41015184  41.45320025
  32.95450371  39.89480942  41.76338008  35.67627581  42.46641026
  37.50289504  40.2404173   41.01788891  38.72981168  38.70191674
  33.7198457   41.406713    39.15440168  37.41015184  41.45320025
  32.95450371  39.89480942  41.76338008  35.23760881  40.60605747]","[ 27.35595581  27.2383853   27.31667482  23.99170602  25.84885927
  28.96550703  21.79924084  21.83876359  25.93958873  28.2552439
  27.35487163  24.951485    24.99933982  29.11232132  23.56541191
  27.8147738   26.00873931  32.5177502   24.54993095  23.74003048
  24.29331344  29.84236715  24.91376028  26.83486975  28.34368583
  23.53335358  27.73160827  24.8885072   27.11127173  30.20692907
  27.9540461   26.97212369  29.22021799  26.91836225  26.47594962
  26.86917683  27.48639255  25.32541343  24.61359221  29.50182455
  27.04053143  26.40842809  26.20861107  26.24082099  28.61899153
  29.27428479  25.9306912   27.05252455  32.07485052  26.91644477
  28.19592522  26.58580831  27.75669289  20.04519262  28.62405566
  27.23162088  25.12154296  25.63855671  23.75052248  21.87862228
  19.75767265  32.70012572  27.02478426  30.09612984  28.09896809
  28.78750679  29.70707648  24.951485    24.99933982  29.11232132
  23.56541191  27.8147738   26.00873931  32.5177502   24.54993095
  23.74003048  24.29331344  29.84236715  27.24193811  21.37280475
  28.17308076  25.88439039  23.09641742  23.20047361  28.07789287
  26.14586937  29.42663806  21.03675434  24.09695799  22.39227363
  27.2056492   27.38443632  26.66427105  27.56406499  26.68025098
  27.59070503  28.79745694  28.56049422  26.49520127  27.6659975 ]","[ 26.95756101  26.40258981  29.94133643  32.590779    30.24131025
  22.14771561  24.53782528  26.02368687  26.04382707  26.77083932
  25.68245325  20.58403895  27.6277993   25.35211252  32.30381438
  32.88961351  30.66251706  24.9853925   22.42614137  18.79067709
  21.73013001  30.09167222  30.4213289   31.50873881  29.26474598
  28.44450891  33.27861712  22.08949937  19.09434698  16.1159672
  25.50742923  27.22700304  35.21567612   9.4076635   20.8868338
  25.8769671   36.43488975  22.95077933  23.50226574  26.3411968
  21.35063012  23.38756444  32.96080845  26.97278803  34.19526923
  17.52214353  30.35189248  20.79448879  31.34436553  35.11305302
  29.74027893  32.46482356  26.73458517  33.14271915  36.06368043
  30.90877301  29.47173429  27.86444617  25.54864177  29.82375244
  29.67714145  26.41130977  25.54138833  28.65070356  29.90960367
  26.80780986  21.64050882  26.89771804  23.57988015  27.97726637
  29.54264747  34.85108448  28.55851476  23.03751883  26.97278803
  34.19526923  21.73013001  30.09167222  30.01556638  21.424175
  31.40994095  30.67367893  20.54037501  21.96780051  27.20022408
  32.83562553  28.87805196  26.77083932  25.68245325  28.42516753
  24.59071024  23.79145147  35.00463695  24.08093548  20.25086035
  17.99494505  26.77609786  32.04625279  25.54864177  29.82375244]","[ 33.93329815  44.34267368  36.37551655  44.19610794  39.77214285
  38.87560757  40.12866033  45.90556147  45.11410354  41.73498412
  38.56455082  40.96870041  35.56195701  36.06558776  35.91957223
  35.310311    32.35531752  39.67495254  34.81904614  49.32668615
  38.08546918  42.40767509  34.81904614  49.32668615  38.08546918
  42.40767509  45.19405041  43.80987977  38.15724155  40.5117376
  46.39076852  41.64284725  38.8953519   38.52266596  37.53734057
  39.93921331  36.82517116  32.7395948   41.41335038  38.73253922
  40.21754894  41.08765348  38.37456342  34.49706953  34.49706953
  37.37057922  40.2366944   38.69526887  45.07532933  33.34774637
  35.79634385  42.1834609   34.50210039  41.47491024  44.33058111
  40.64187089  42.54337338  39.79331639  39.50809697  40.50547967
  38.9275236   37.64948602  34.23410126  38.30223326  42.01863446
  39.55366139  40.2366944   38.69526887  45.07532933  33.34774637
  35.79634385  42.1834609   34.50210039  41.47491024  44.33058111
  27.93366724  32.7395948   41.41335038  38.73253922  40.21754894
  41.08765348  38.37456342  34.49706953  37.37057922  40.2366944
  38.69526887  45.07532933  36.35956423  37.46365029  31.16503584
  40.32887945  32.41074989  42.60922544  29.27701768  41.51903049
  42.35108341  32.60965884  30.41195524  38.36669368  41.58594656]","[ 24.32680161  22.12007781  31.71964186  17.70562051  26.03152014
  24.38938593  22.26996691  26.9044876   20.07665357  21.37212688
  25.17766233  23.73775397  32.25788232  33.31493817  28.17486662
  33.30526108  29.76722027  31.87034352  21.16460845  29.02943481
  23.59726552  19.34685605  28.46319008  25.30945993  29.97654405
  23.75431389  26.58207247  27.275471    25.57965596  28.92177638
  33.5935318   22.83823419  31.5404138   25.9765098   25.01073427
  23.38785261  27.91645708  27.38466467  27.7416239   24.1918343
  24.86344641  35.05025998  29.98569572  30.50133233  26.09106262
  25.69007192  26.09409732  26.28948929  24.66136833  21.52689467
  23.61983127  25.49474214  31.99238392  23.82599783  23.00201736
  28.16457173  25.99147679  30.20994886  31.17768996  32.01783168
  25.28031189  26.85323099  25.54789185  30.53645221  26.63108181
  26.01994516  26.51275175  23.16166212  25.0898118   26.91112585
  27.06766006  26.79835494  27.01258794  24.30900778  34.63625251
  29.52406849  26.5236769   24.55674635  23.90924302  28.9737317
  27.33852974  29.6295064   24.91459375  25.97340701  25.78686018
  26.12400345  27.08476593  23.70199752  28.33098286  25.52954963
  23.54233515  27.34180566  25.3952592   29.20926245  27.59564099
  28.05107833  31.23666945  26.68247791  26.5236769   24.55674635]","[ 30.73498354  23.50410307  21.33946655  24.26151372  21.65193472
  25.05411986  22.10142275  17.55793267  24.49348096  26.07705207
  17.32388369  26.97593722  19.44365967  24.69977355  24.66887773
  24.28902635  20.94910267  27.42649772  21.73792167  22.34155259
  27.36430757  21.02306962  20.83281316  22.77557253  19.61883001
  26.97593722  19.44365967  24.69977355  24.66887773  24.28902635
  20.94910267  27.42649772  21.73792167  14.9671628   21.27699143
  16.95152713  26.00499711  26.17726167  25.99794368  11.86999797
  26.99566477  24.1386868   30.37907747  24.88713612  14.9671628
  21.27699143  16.95152713  26.00499711  26.17726167  25.99794368
  11.86999797  26.99566477  24.1386868   30.37907747  24.88713612
  29.90317498  26.57384433  26.00973904  20.81802348  22.54716506
  23.94165003  18.94815826  19.19767127  28.98363835  22.18523249
  23.13935492  24.91245049  20.27966725  24.35202344  21.18323584
  25.96735223  25.71944106  21.24055541  26.0093525   23.8500776
  25.47990593  17.29675356  18.08326885  26.27317898  20.01459601
  30.72517005  21.30502353  16.69026634  15.86833237  22.77297459
  20.2428692   23.26121298  26.87898254  19.31051923  25.63809059
  22.84294362  16.36822506  15.25832815  17.20144813  29.18992413
  17.14021339  22.5684639   29.22038225  24.59031495  14.9671628 ]","[ 28.61329859  19.08329828  26.98931378  30.28006594  27.77835447
  25.73326947  28.92939379   7.32387186  30.66951196  25.70272357
  24.8115178   20.67535043  24.39135251  26.46626014  25.74167509
  23.55915176  28.53342712  19.3302294   19.47251349  25.11971073
  19.11741423  24.18016621  25.74167509  23.55915176  28.53342712
  19.3302294   19.47251349  25.11971073  19.11741423  24.18016621
  31.23293999  25.98015716  26.28258909  32.41598236  31.30907044
  18.79856185  32.96758317  30.24862509  20.95220315  28.04561967
  27.94997778  27.95407769  27.09056279  17.57982975  28.3917298
  26.52131397  29.67572972  30.19393621  30.33486906  17.02392101
  22.36378477  21.83195717  22.99035619  26.98876504  24.08643431
  26.3710371   27.50657139  18.360201    31.20014472  25.59219382
  33.90205615  24.47350695  31.50214809  31.87479872  23.15401872
  29.09752544  24.36428266  32.82013028  32.92409995  19.07179933
  31.7664802   27.97759142  29.39096735  26.68496669  27.49603613
  26.63627926  26.57308349  27.0504043   27.97453233  27.95201026
  28.95455099  25.22913314  28.75949101  25.28696603  26.86169879
  22.97351003  32.47809024  27.12889889  27.23658388  16.17875488
  25.28489569  23.89939992  29.99150331  28.90190442  27.9311919
  30.86308199  27.18146615  25.59436139  27.23658388  16.17875488]","[ 40.34874777  43.67816555  41.77781165  38.00898694  39.71418587
  43.56537119  40.95116208  47.6440189   43.88283606  43.40040061
  49.21664107  43.94201604  48.90965581  37.91317695  41.7735475   46.273675
  39.18927062  46.26688325  43.92193397  36.15884194  39.27254263
  37.94534413  39.5892781   47.75692612  45.74111026  43.4349119
  47.6478469   44.55312054  49.53580165  47.2532701   46.19342277
  37.508479    46.04269197  43.56537119  40.95116208  47.6440189
  43.88283606  43.40040061  49.21664107  34.83781545  43.57012164
  48.30959747  38.35227284  42.93166552  43.39823033  32.21247241
  48.40818774  45.68382516  38.14028631  45.78000748  43.0917953
  41.7867255   36.69093358  40.10549239  41.04095742  47.10279564
  43.92626709  43.46870319  45.38831091  44.51634702  51.69138629
  42.86587254  38.71360993  38.29459763  45.04772487  37.90311849
  37.80661248  49.66629468  45.83661722  36.97204474  41.59749211
  36.82239398  43.94201604  48.90965581  37.91317695  41.7735475
  37.94534413  40.61002489  35.21867554  33.15224624  45.87500663
  36.44158795  38.54977942  36.43710271  48.89475666  45.72261575
  35.6021225   33.35276581  40.47972654  47.92423549  48.10622993
  56.1141956   41.91096901  40.16873918  37.74202414  56.19211911
  48.24857559  43.32998685  44.56056023  46.10746653]"
"[  3.51239487   9.17847952   4.99439003  -1.070957     2.64038429
   3.14644533  -0.54691171  -1.56673662   7.22698066  -1.76388611
   3.97870513   1.93686701   1.04180484   1.16031745   0.30739603
  -2.6647734    6.6853168    2.20827987  -4.19493995   3.51239487
   9.17847952   4.99439003   9.17847952   4.99439003  -1.070957
   2.64038429   3.14644533  -0.54691171  -1.56673662   7.22698066
  -1.76388611   3.97870513  -6.02684885   0.30739603  -2.6647734
   6.6853168    2.20827987  -4.19493995   3.51239487   9.17847952
   4.99439003  -1.070957     2.64038429   3.14644533  -0.54691171
   0.94999015   4.70601975   0.28244843  -1.45707467   0.66569953
   6.94982282   5.7604204    0.13287896   5.8421329    1.93686701
   1.04180484  -1.45707467   0.66569953   6.94982282   5.7604204
   0.13287896   5.8421329    1.93686701   1.04180484   1.16031745
   0.30739603  -2.6647734   -0.92744794   3.72064181   0.94999015
   4.70601975   0.28244843  -1.45707467   0.66569953   6.94982282
   5.7604204    0.13287896   5.8421329   -3.08083716   0.83988288
   7.53187471  10.16423143  -3.90926575   5.31872502  -0.57864619
   4.49717231   0.27215872  -0.97205319  -3.90926575   5.31872502
  -0.57864619   4.49717231   0.27215872  -0.97205319  -0.65867659
   2.81806863  -1.72530223   6.42923779  -2.99797232   2.85008273]","[  8.98000949  11.84104626  14.81458689   9.44843293  19.24090985
  15.01064256   9.66695985  18.4154313   13.68009847  14.3223148
  14.60858857  14.60858857   8.35793035   4.96910461  12.92579366
  16.52440473  12.93061477  14.45993135  10.8225912    8.29130425
   8.75117072  12.84138535  19.33749319  16.89047212   7.79984439
   3.14990455  13.53609154  14.69827048  10.89462358  18.03413927
  11.50892505   8.98000949  11.84104626  14.81458689   4.96910461
  12.92579366  16.52440473  12.93061477  14.45993135  10.8225912
   8.29130425   8.75117072  12.84138535   7.07043643  13.18957634
  16.89047212   7.79984439   3.14990455  13.53609154  14.69827048
  10.89462358  18.03413927  11.50892505   8.98000949  11.84104626
  14.81458689   9.44843293  13.75539828   7.10410999  16.12874649
   7.5190546   12.71144835   6.90340795  19.32800661  13.12033893
  12.83885165  15.78593043  10.53983666  14.08311322  11.37963678
  19.18025478  15.09308792   5.96190014  16.69565926  16.8301461
   8.79363347   9.40872825   9.85463274   6.05476069  17.58358519
  17.43782558  18.42292865   5.57368996   4.23161263   6.41649807
  15.97124871   5.91169422   9.19655718  13.55532751  11.85238823
   8.80280802   9.40297616   4.91126609  16.83731638  16.26737569
  19.71963394  13.15925676   6.22285505  12.92579366  16.52440473]","[ 39.12197507  42.21718413  42.41044895  40.0088563   42.50839456
  38.56655048  43.72110765  41.44919556  42.11683583  28.26500472
  43.46718568  40.0088563   42.50839456  38.56655048  43.72110765
  41.44919556  42.11683583  28.26500472  43.46718568  42.30196394
  39.45674089  43.45871034  36.6865592   43.5826512   40.77281652
  41.9240414   41.98976124  37.52122798  36.66418745  38.22532528
  41.77926083  43.92134412  42.00240772  42.44323454  43.20808821
  32.82900351  42.83644722  40.03623633  41.1371019   40.92534468
  40.98802082  45.24578222  41.84136663  37.95210473  44.18885051
  42.05263082  44.4738901   42.74033989  43.57567568  43.13994068
  36.79885514  45.03871359  41.49030423  36.30624572  39.41661279
  46.13787592  42.66291078  45.83567335  44.90011287  37.91868989
  39.1135359   45.3335278   46.90442465  36.25874044  40.37287202
  39.88796924  37.52122798  36.66418745  38.22532528  41.77926083
  43.92134412  42.00240772  32.69211602  44.19744143  43.50224953
  37.42213608  39.67486346  42.83644722  40.03623633  41.1371019
  40.92534468  40.98802082  45.24578222  41.84136663  37.95210473
  44.18466008  35.36218646  42.6880233   42.93293406  35.11970594
  39.69497596  41.98433718  41.2056784   33.78750695  44.64387588
  40.81973337  47.31213701  38.92035863  45.23074289  42.17268566]","[ 23.48769307  21.68502922  28.21135741  24.58270776  24.06833279
  23.92650293  22.67596869  28.18733838  22.54679001  20.76140176
  25.09888227  21.14561376  25.70755242  24.69885949  26.63601135
  22.73006423  27.14088686  27.52500122  28.67830451  24.8408861
  26.70099095  21.46888833  21.34999341  21.68502922  28.21135741
  24.58270776  24.06833279  23.92650293  22.67596869  28.18733838
  22.54679001  20.76140176  25.09888227  27.98966421  25.27773703
  29.89263613  28.09300843  27.011152    21.23674332  25.51889609
  25.96420363  28.69544238  24.79341774  32.74611942  26.1997556
  24.36802375  30.11029719  28.42167107  28.64744037  22.88684749
  25.98141651  25.1983645   22.53612129  26.04666713  20.18859167
  28.42167107  28.64744037  22.88684749  25.98141651  25.1983645
  22.53612129  26.04666713  20.18859167  22.69057594  26.72189789
  25.10621065  24.63621278  22.44326896  28.22885396  25.73544569
  24.08123146  22.35459923  27.28880479  25.17260421  23.52998761
  22.60715238  27.05717082  22.18648362  27.0103348   28.41373561
  26.77613502  19.96753354  24.17655489  23.80717245  26.59940846
  26.16997371  26.11108255  29.26451052  26.09288159  24.11986241
  20.45026347  26.94649666  24.02315228  25.25184764  29.41927904
  26.71872366  27.51981434  29.06653034  27.4920951   23.52998219]","[ 34.73975432   9.18808126  24.01095713  21.82884112  30.56090105
  20.48132719  26.76704516  32.62305302  34.60890965  33.75470416
  28.73612533  14.22846084  26.259058    32.6443757   26.62971178
  19.34203532  20.56245536  25.83888106  29.83412801  25.09821107
  22.77674468  23.69351529  28.73947986  34.98575242  35.17872826
  26.96544694  33.95881092  26.89962926  35.33854697  28.78250255
  14.22846084  26.259058    32.6443757   29.40198071  32.43035384
  29.33258695  13.82416806  26.07560365  30.65947289  28.96089944
  34.05987056  27.94893191  26.97292453  31.71564406  20.81922695
  29.13902766  30.16123995  18.76021229  17.36547963  26.68520291
  28.77185621  20.54164266  30.65669002  28.52281629  25.69058389
  23.13181833  15.10258685  28.16947978  31.09514263  28.49513537
  29.36952907  29.2667295   32.65400336  26.35657149  23.82966269
  32.50381679  28.52281629  25.69058389  26.81877468  19.24503092
  19.60637032  27.9198366   25.09202652  24.60221244  20.84542007
  23.3417701   37.44816199  26.97292453  31.71564406  33.91053217
  27.9039371   27.48468706  17.22748589  33.22643966  38.8023562
  26.29171983  25.52619421  30.56090105  20.48132719  26.76704516
  32.62305302  34.60890965  33.75470416  28.73612533  27.71599625
  32.13807413  23.41250452  27.2592458   41.23248035  32.37537067]","[ 43.1430408   48.27332185  35.01973733  39.11322474  30.1165406
  41.83746001  39.56856652  39.37588489  44.12431481  40.95672354
  38.74909967  35.63069794  46.43163115  40.38022677  47.56089705
  39.1272126   36.96608592  37.68891643  47.9650111   43.88453374
  45.57890502  46.42777289  35.6586368   35.13128554  46.23673877
  40.03325845  39.91998135  48.07566091  41.02342795  40.91622387
  44.61667122  39.7176121   40.3844229   45.43758399  28.86992928
  45.63231237  40.2587226   36.22581629  46.42777289  35.6586368
  35.13128554  46.23673877  40.03325845  37.97427144  35.15695382
  38.21048585  38.96318972  43.49579461  34.68074155  39.93093876
  33.88761203  39.96156516  40.54274953  42.47290056  35.6586368
  35.13128554  46.23673877  40.03325845  39.91998135  48.07566091
  41.02342795  40.91622387  44.61667122  39.7176121   44.10882736
  46.21520584  46.20755524  42.72090734  47.65283441  44.76647148
  46.62685593  37.97427144  35.15695382  38.21048585  38.96318972
  43.49579461  38.43457086  35.2126449   42.44682197  36.41760362
  42.21337326  28.41716021  39.45455903  34.34662394  36.43227033
  38.54734665  37.91212891  38.36671134  41.76123091  40.01719002
  44.71568754  40.3844229   45.43758399  28.86992928  45.63231237
  40.2587226   36.22581629  38.85977097  38.40551052  36.99089721]","[ 28.32800386  25.76735065  23.89045313  29.00017333  32.33294932
  30.79522869  25.22824492  28.07585392  27.46622314  25.60704409
  31.00085666  32.28396088  31.76279424  31.66177737  27.75090644
  28.43819354  28.52560536  32.07351023  27.70561929  27.3260758
  28.03253199  31.40905249  31.60959861  29.08236303  26.75168049
  19.64546768  30.98891439  27.06183315  31.45652111  30.76881252
  28.87427453  28.27370438  30.79290293  27.28735758  21.13952695
  28.891817    21.61508824  13.45913522  26.96123689  32.66471895
  31.0104827   25.76416766  29.66947976  29.46828639  25.71457141
  25.1740568   31.16424499  27.16363766  29.15753512  31.77688745
  31.51524054  24.72610118  26.56016873  27.43505053  26.64621241
  24.90156948  29.32361208  26.60205666  23.58326255  24.85417033
  27.6993573   27.82827616  33.42555728  28.27032227  29.55636546
  26.64621241  24.90156948  29.32361208  26.60205666  23.58326255
  24.85417033  27.6993573   27.82827616  33.42555728  28.27032227
  29.55636546  24.58148752  28.56197128  31.43368203  35.00010735
  25.28998583  32.33798341  30.39883878  22.97786325  26.49450553
  25.81174835  29.24018424  26.20460333  26.71913579  27.46412585
  24.53739692  26.58868719  27.45849185  31.98038649  27.18955328
  25.11138292  30.90120943  28.32800386  20.98266296  22.55595274]","[ 18.60845947  18.98820404  26.80840234  20.91047934  21.10170186
  21.34954075  24.30708605  19.84331126  18.85469321  27.69058056
  24.89538993  18.98820404  26.80840234  20.91047934  21.10170186
  21.34954075  24.30708605  19.84331126  18.85469321  27.69058056
  24.89538993  23.11374377  23.55196503  23.67221012  27.23282586
  26.03695932  24.34834252  27.33763484  28.88594301  28.90795138
  24.39436276  27.397007    20.9538249   23.1788588   21.57048542
  28.32113146  23.10345256  28.3086117   23.85315608  25.20854025
  26.35123572  24.96462903  25.51101257  23.75815903  25.40769147
  20.63649633  23.05250273  22.21362644  26.66703573  16.33430416
  24.80617024  18.28641628  21.97321275  27.91407482  31.27601562
  19.02921756  23.90073463  21.4165919   26.3447188   25.92748149
  26.11297722  20.09735631  20.0749639   22.81586816  19.05066372
  18.60845947  18.98820404  26.80840234  20.91047934  21.10170186
  21.34954075  24.30708605  19.84331126  18.85469321  27.69058056
  24.89538993  30.38868716  22.59085746  21.09854036  24.25484353
  31.22242254  24.05651142  26.23558688  23.74539098  31.47731127
  17.371361    28.4085274   28.32113146  23.10345256  28.3086117
  23.85315608  25.20854025  26.35123572  24.96462903  25.51101257
  22.84706678  15.37813888  20.35252112  23.07213022  26.84639399]","[ 31.21709739  23.81003458  29.34735545  20.94707753  38.00772797
  26.89985542  26.308667    29.50484613  29.36221544  31.02597553
  26.75072271  29.77024961  31.88897593  27.9516118   32.48194071
  33.38897994  17.22107048  29.47163568  30.05614247  24.11036392
  30.92536753  28.38887032  26.49823711  29.69464038  22.72124039
  30.73926981  30.69345644  35.31970892  19.22652384  29.87963259
  26.6130699   23.55580283  29.34735545  20.94707753  38.00772797
  26.89985542  26.308667    29.50484613  29.36221544  31.02597553
  26.75072271  28.08252266  27.82476195  25.22591479  22.21560965
  26.62657994  24.04793807  29.45356703  25.99854548  32.15642808
  26.56817183  30.68390863  24.71445316  27.80881684  27.55121302
  39.86798457  30.51187497  26.49823711  29.69464038  22.72124039
  30.73926981  30.69345644  35.31970892  19.22652384  29.87963259
  23.73902604  30.12207848  26.10040829  19.4757762   24.87196768
  32.47740667  29.69154245  30.02309057  30.26063981  26.79104784
  27.75656052  28.62428676  27.87088727  27.12910035  28.49403366
  27.9621317   22.92942229  30.1969781   28.98967134  23.84099304
  30.91818129  27.82639016  22.22264863  25.89360929  25.05532905
  26.10588184  30.96984738  20.75330363  25.91149037  34.03011812
  26.96870285  21.90544801  24.73786218  28.23931786  27.80941869]","[ 38.73093132  46.3261113   46.44932215  36.5703012   38.10771263
  35.86858583  46.08621035  44.47903386  33.45467032  37.94324303
  38.67175318  32.93789235  38.32058166  39.13533866  33.41187358
  42.48218137  25.20913387  49.23984625  31.43728877  45.31431344
  39.89443666  35.81880123  39.45493946  35.49553011  46.68762797
  42.70901908  41.74266358  47.14029573  40.17854485  38.71247013
  43.5176154   34.47927385  36.71561992  43.40975612  36.58707873
  32.74421876  38.47003259  42.67666912  41.17980265  38.31103429
  44.39330627  46.66359638  42.17726418  30.07600949  40.29148758
  35.7317698   41.29076946  38.94760239  37.70203482  43.77492023
  40.2572383   44.96670504  43.34742372  40.79097166  44.42058194
  36.04463254  41.65503264  47.82476502  42.44846641  45.20794724
  42.52730011  37.05734755  33.41512143  36.03109462  42.69333393
  44.50046341  40.11493546  38.27796837  40.9073361   44.58655408
  43.34498879  36.47943051  33.00446052  38.3682815   36.36494777
  38.33846153  48.62536614  47.61164865  41.07012332  47.49223923
  34.8499831   41.0194668   39.91209546  44.12322985  37.04611343
  45.38100742  41.20069643  40.2572383   44.96670504  43.34742372
  40.79097166  32.26731179  51.34445153  40.96579837  40.34844468
  39.02064713  44.27730673  38.67175318  38.10771263  35.86858583]"
"[  6.57076618  -0.29139476   2.70118768   5.95885955   9.00375065
   2.97156039  -1.28332307   1.9626598    4.27999099  -2.29283075
   1.27657244   8.75426491   1.98642207   3.41551934   9.35603132
   2.21952139  -9.64099705   6.57076618  -0.29139476   2.70118768
   5.95885955   9.00375065   3.67663802  -0.51688797   0.21412497
   1.67057029   3.70600643   2.50095492  -5.43315634   6.60417978
  -1.1322437    9.28400862  -0.85742906   1.67057029   3.70600643
   2.50095492  -5.43315634   6.60417978  -1.1322437    9.28400862
  -0.85742906  10.9776029    4.03389344   2.97156039  -1.28332307
   1.9626598    4.27999099  -2.29283075   1.27657244   3.67663802
  -0.51688797   0.21412497   1.67057029   3.70600643   3.41551934
   9.35603132   2.21952139  -9.64099705   6.57076618  -0.29139476
   2.70118768   5.95885955   9.00375065   2.97156039  -1.28332307
   4.25129314   5.83775949   1.29313286  -0.95408165   3.73854451
   3.43684092   2.26087602  -3.36736278   5.32409131  -0.26285702
   0.29354074  -1.98802618   4.25129314   5.83775949   1.29313286
  -0.95408165   3.73854451   3.43684092   2.26087602  -3.36736278
   5.32409131  -0.26285702   1.9626598    4.27999099  -2.29283075
   1.27657244   3.67663802  -0.51688797   0.21412497   1.67057029
   3.70600643   2.50095492  -5.43315634   5.70092641   5.57627017]","[  9.46918659   9.54809489  13.9103806    9.92850167  14.18230073
  14.60752562   1.92363561   9.99842007  11.65339583  13.61035278
  10.98934305  14.97283745  10.88994889  10.48440259   9.69076422
  12.14675399  13.16759359  10.02051353  14.05196829   9.84971637
  13.52694269   8.74358356  14.41479882  12.8258757   13.4069328
  12.8832501   13.09708212   7.37596185  15.15222529  15.2652416
  14.97283745  10.88994889  10.48440259   9.69076422  13.07064341
   2.70013103  12.12792418  18.86051783  16.02355854  15.21389027
  12.87194582  13.75489151  12.28923828  14.06851881   9.82149388
  17.34402068  12.8258757   13.4069328   12.8832501   13.09708212
   7.37596185  15.15222529  15.2652416   14.97283745  10.88994889
  10.48440259  11.63278146  15.28817715  12.55371089  13.89273868
  14.09260366  11.94713514  12.97648076  16.69653839  15.99917761
   9.60037499  13.11452141   6.12329158  11.63278146  15.28817715
  12.55371089  13.89273868  14.09260366  11.94713514  12.97648076
  16.69653839  15.99917761   9.60037499   8.74358356  14.41479882
   6.12329158  11.63278146  15.28817715  12.55371089  13.89273868
  14.09260366  11.94713514  12.97648076  16.69653839  10.65801598
  13.27964991  10.79018407   9.88408685  10.98161196   6.26238763
  11.86574562  11.91002757  13.08798704  10.26970988  14.24892174]","[ 41.3656011   41.16130175  38.07802442  38.44403079  39.00520628
  37.46342148  42.13695592  44.81961379  37.93212583  40.66168291
  42.8175755   37.33777418  38.69517665  36.40223867  39.85059959
  32.93358173  35.40892308  37.48099099  41.43274306  42.56920605
  44.4541261   36.43873201  41.67855734  39.59636758  39.06598072
  40.59651986  40.40301746  39.46266023  40.873954    36.7608243
  39.06266552  40.03593752  35.52786253  32.93358173  35.40892308
  37.48099099  41.43274306  42.56920605  44.4541261   36.43873201
  36.95886219  42.66617003  35.21212979  42.92586126  34.51304886
  34.76329957  42.71573125  37.6054409   42.58332001  37.34888244
  41.36828139  35.5357686   37.88186849  45.98092113  35.43943634
  38.88059368  41.50436998  37.33631536  35.48310062  31.97259608
  35.43481197  37.51265106  41.65116332  41.33800444  38.86561852
  43.72012619  40.59651986  40.40301746  39.46266023  40.873954    36.7608243
  39.06266552  40.03593752  35.52786253  28.03762458  40.21876724
  42.59769324  38.44403079  39.00520628  37.46342148  42.13695592
  44.81961379  37.93212583  40.66168291  42.8175755   36.88498257
  37.70543412  39.88894046  40.52978816  32.58924701  38.33605161
  37.65462185  38.21453813  44.36979189  41.87553919  44.25363116
  35.97276804  36.64459391  34.99503593  40.9392613 ]","[ 27.52992382  26.6081939   22.39924236  25.95668444  24.11628935
  30.35936726  28.3941481   26.32736301  24.20529347  27.40897107
  22.5007213   24.80709219  26.68577176  25.42160503  22.02558313
  21.94648316  31.97206133  26.52726987  23.19610014  26.47914132
  29.74315675  35.62860431  27.23800772  27.00281369  20.17780884
  26.73815336  27.20112181  27.28020198  25.94154914  36.07170862
  26.68818009  26.83051769  28.30615423  27.28549478  32.98535332
  27.74449908  30.22431765  27.23800772  27.00281369  20.17780884
  26.73815336  27.20112181  27.28020198  25.94154914  24.80709219
  26.68577176  25.42160503  22.02558313  21.94648316  31.97206133
  26.52726987  23.19610014  26.47914132  29.74315675  35.62860431
  29.75954839  29.39190243  23.6323182   26.58072098  33.59640411
  26.25006525  28.03017676  24.04646335  26.23794216  31.06194303
  26.04573815  30.15304982  27.3644331   24.6958805   29.09098387
  28.54130188  24.6351389   30.45744508  26.35989489  21.24242884
  28.65853186  26.91504801  25.31705861  29.86340115  23.93447896
  30.73355547  29.37642676  23.24625748  28.28230754  25.72003999
  27.56624058  28.43601914  26.06875187  26.26475109  27.89921321
  25.79835387  30.44985918  26.23234161  21.60740948  25.84463982
  23.48679942  27.78708607  26.45674076  29.76296618  32.09463424]","[ 31.00578469  22.36980618  29.51234921  24.02935088  31.35983517
  30.28884789  31.04422214  33.2880824   26.22886483  34.34516722
  29.73836427  17.56272181  22.85512162  15.77535549  12.13896679
  21.24039542  13.96099979  38.25576934  23.06080272  28.90446633
  21.15176985  23.18452802  27.70400733  23.77109248  24.54838977
  21.42370745  26.95345146  24.22276777  33.01845901  30.89189229
  24.61378542  33.34373629  23.47642731   7.85673746  28.91218238
  25.52454183  24.38716978  16.77587009  24.86398463  21.7031176
  16.83972252  28.62516128  26.89596567  30.28884789  31.04422214
  33.2880824   26.22886483  34.34516722  29.73836427  11.8567794
  22.62142423  35.60716171  19.76242051  14.05587198  18.09270248
  35.68338488  11.79526322  25.66348318  19.53441463  22.53242791
  25.44677777  33.44459823  25.81340934  31.4507021   17.63893372
  22.75659601  16.83972252  28.62516128  26.89596567  19.18450707
  21.87692049  33.32252381  31.26074224  10.7122802   18.24135394
  30.53883812  21.28166217  19.34351639  36.59217522  24.66706033
  23.44025666  36.55043257  25.0141763   25.21647543  24.70992101
  20.21883545  34.34827192  12.16198953  31.03174154  16.03034924
  30.54494136  37.28010599  28.20216324  25.57712331  31.82850851
  32.47347311  18.09270248  35.68338488  11.79526322  21.15176985]","[ 35.03351606  43.07812649  42.43292279  43.31955216  44.63647664
  36.00239613  42.4869095   40.20795044  39.60405083  47.02651427
  40.25027112  35.34153402  45.1913057   43.34949129  43.30256539
  35.722695    42.33871719  40.05820006  45.41465643  44.89682083
  35.64284593  44.54189571  40.07984111  38.90421811  43.65707811
  43.49612411  44.11770519  41.40242625  30.74541844  31.51856121
  43.99399953  38.57181013  42.42590522  39.44612763  44.1494721
  39.22136215  39.56798555  36.18132161  43.46698985  23.74221404
  47.60119271  38.45017595  37.54915101  42.63701231  36.58520856
  45.79788783  46.43547738  35.44920658  44.67106936  38.95477174
  38.90421811  43.65707811  43.49612411  44.11770519  41.40242625
  30.74541844  36.10507744  39.93527352  37.55052109  45.28228869
  36.24588357  38.68801826  39.17558583  39.6553166   39.1534459
  40.42367505  32.74174435  43.99399953  38.57181013  42.42590522
  39.44612763  38.75523017  43.29025573  37.31332629  44.05439355
  28.89135285  39.67868215  33.30171104  41.16438529  40.29422594
  36.10324316  39.06747409  38.57663491  37.73883382  41.43122791
  42.47771567  38.05895388  40.97428699  33.75337523  40.20927095
  43.34963152  43.20378815  47.13619323  38.62724132  44.1494721
  39.22136215  39.56798555  36.18132161  30.74541844  31.51856121]","[ 28.08503318  30.01256768  32.52982681  27.81697586  31.87319059
  31.25061763  22.8044537   25.79877069  24.01286036  27.16677709
  20.14913304  29.72476771  25.10031884  23.63682131  25.867074
  31.03112278  25.17435695  29.68325426  20.98954301  32.07834814
  32.8600723   26.4995015   27.84520452  30.01256768  32.52982681
  27.81697586  31.87319059  31.25061763  22.8044537   25.79877069
  24.01286036  27.16677709  20.14913304  25.28646147  26.80443379
  24.7046647   19.87191496  23.88021043  26.58418133  33.25353514
  24.58028921  27.64587647  28.05580499  25.99297507  25.84679488
  23.92089977  24.75359708  29.3742557   28.74737567  26.16330286
  26.64291643  27.62444093  27.60603712  32.1639983   25.82747081
  29.62471365  31.47542156  31.81928674  29.25572562  22.69888803
  27.45860853  31.22426998  26.23325427  27.62820451  22.60128418
  27.7835564   31.27118548  33.07612515  27.95663684  23.00849757
  25.60774464  29.28075132  28.49498075  26.66628015  26.47805832
  23.90744098  35.4840704   32.41915925  28.61303129  31.46365613
  29.19720674  26.17757224  26.94533587  26.52255531  25.28770541
  27.43577512  24.71078458  26.66605778  29.31879252  25.32048425
  32.65643648  24.76040621  28.03951076  30.2374262   29.53811958
  31.43277949  25.03523873  29.22625963  20.97121573  16.25743181]","[ 24.70149301  27.39178259  23.31954509  24.64435585  25.53603684
  24.41857776  29.12564328  25.05702647  25.3167737   18.66324205
  21.45175199  29.41159104  26.11805732  24.70149301  27.39178259
  23.31954509  24.64435585  25.53603684  24.41857776  29.12564328
  25.05702647  25.3167737   20.38046399  28.03811433  22.13947091
  29.03675626  27.94142881  25.14596167  26.38681983  21.15532508
  20.80527857  21.69824673  21.05728089  28.37402938  21.43458963
  21.66710038  22.55067987  23.3593063   19.60842185  27.52295566
  21.6032874   21.05310312  27.78341675  28.37402938  21.43458963
  21.66710038  22.55067987  23.3593063   19.60842185  27.52295566
  21.6032874   21.05310312  27.78341675  28.37402938  21.43458963
  21.66710038  22.55067987  23.3593063   19.60842185  27.52295566
  21.6032874   21.05310312  27.78341675  22.84241656  22.50739587
  28.00470152  24.44439316  20.47549     25.2671478   16.72155591
  25.96115214  22.57954519  21.55913902  24.20768139  25.30770274
  27.43642305  25.6675449   19.75566354  17.52217917  30.02070526
  25.62105441  25.53959714  26.58783913  24.66079313  13.47519963
  17.73427482  25.554788    24.27780799  25.97656914  26.01812209
  29.71880646  25.4378133   21.54360476  19.746308    29.17500476
  27.26346992  20.17707118  22.94389588  27.74269746  30.36940902]","[ 26.9651302   34.55140184  39.94762629  29.31197626  30.15753934
  33.68446992  30.35545744  21.10574391  23.5424646   26.9671523
  30.21305392  21.26880903  25.20091272  28.09670616  32.12601766
  30.45312086  24.40536017  25.331021    29.24469497  31.40858255
  26.24327077  27.07984952  31.42292199  28.8602914   32.88596894
  31.86224036  34.43079362  27.96777473  31.81584299  30.04779175
  23.48491837  28.13195826  25.34514632  25.65405072  28.24223715
  31.38829732  34.97313574  29.37846565  32.58502547  22.83170875
  23.20450326  28.25523152  25.02988739  32.80152044  32.42783785
  30.58559041  23.28430157  23.00124323  27.29821697  31.94607739
  19.75095044  30.78320726  29.25066662  23.08073484  29.80405633
  32.4938884   32.88359989  29.25515172  27.21816988  25.72311228
  31.59997309  32.94857273  28.06646141  29.70882806  26.23486922
  27.7218617   34.60646802  25.91277879  30.41951498  29.22766183
  27.42009174  36.15206327  30.7003227   31.44131187  16.24329174
  30.7349252   28.57387513  23.28430157  23.00124323  27.29821697
  31.94607739  19.75095044  30.78320726  29.25066662  23.08073484
  29.80405633  34.80647757  21.34548378  35.35119813  26.35826776
  31.42292199  28.8602914   32.88596894  31.86224036  34.43079362
  27.96777473  31.81584299  30.04779175  29.24795069  32.15690335]","[ 37.02803425  43.05771718  37.71994165  43.82461949  42.53830728
  42.66459849  40.11215119  42.73645113  40.62186323  42.06253618
  40.61071347  39.04918438  35.50091926  38.94114756  38.34279242
  33.70638001  48.64094003  44.7498981   40.68144543  44.8353141
  39.80577466  52.13733871  45.94231999  40.60089517  40.51672333
  38.54618098  36.54643248  42.38032196  40.44176266  34.06326322
  38.89787683  38.60385514  35.04345145  37.22069364  40.54576546
  46.8108504   41.60301551  41.24959872  43.96939216  41.09582205
  44.09738968  42.98180851  37.02803425  45.24235173  36.44003597
  37.72918356  43.66201404  44.34541218  30.79805999  43.91687807
  44.87102787  31.77903993  38.05293712  39.01706379  41.20394847
  35.65145472  35.95295433  42.32953161  41.75336197  45.55516009
  41.91148436  49.48193404  45.44410979  38.39095084  36.50653411
  45.55516009  41.91148436  49.48193404  45.44410979  38.39095084
  36.50653411  43.61132524  40.94541466  46.29512023  41.97184271
  45.38514387  40.82799461  37.39524304  41.7273301   44.26737091
  44.64562773  33.64613372  36.22830963  40.20515746  42.95956444
  40.5818032   43.5193916   42.72022975  42.26469721  40.88001566
  33.82285884  36.96966937  39.97697315  35.04345145  37.22069364
  40.54576546  46.8108504   41.60301551  45.40073415  42.43908632]"
"[ 6.636773    1.70799744 -0.96446456  0.89386887 -1.74420987  2.04120755
 -3.63290354  0.80966611 -2.4221253   6.3561439   0.05553224  3.08338567
  8.32023326  4.41980015 -0.31649402  4.98619152  0.4328834   1.90007585
  4.84948395  8.25744227  2.86679568  0.11112823  0.05553224  6.51769148
  7.83907415 -1.29394655 -0.7132422   2.4996131   7.8203553   4.45980818
  2.65468242  7.62869203  5.78448618  7.27748434  7.83907415 -1.29394655
 -0.7132422   2.4996131   7.8203553   4.45980818  2.65468242  7.62869203
  5.78448618  7.27748434  0.29927733  7.8203553   4.45980818  2.65468242
  7.62869203  5.78448618  7.27748434  0.29927733  7.26354394  5.6769411
 -1.11453916  6.95763125  4.45980818  2.65468242  7.62869203  5.78448618
  7.27748434  0.29927733  7.26354394  5.6769411  -1.11453916  6.95763125
  3.22948756 -0.63389471  0.69865122 -1.89710584  4.30163343  4.95034813
  5.02108709 -1.39530043  2.78577846  1.63449179  1.26169624 -1.74420987
  2.04120755 -3.63290354  0.80966611 -2.4221253   6.3561439   0.05553224
  6.51769148  7.83907415 -1.29394655 -0.7132422   2.5400599   6.636773
  1.70799744 -0.96446456  0.89386887 -1.74420987  2.04120755 -3.63290354
  0.80966611 -2.4221253   6.3561439   8.32023326]","[ 16.59192299   8.78283633  17.96708049   6.74486372  13.00846484
  17.18015413  13.52340498  17.4665605   14.39258631  11.1827211
  14.90678506  14.0711848    9.43333676   9.5513242   15.40916326
  14.21027978   8.51385178  15.95083539  18.61723484  17.81821753
  16.78397231  13.54210603  14.00173807  13.13364623  10.92313196
  19.26265791  16.37141855  13.5303186   14.05233193  16.67895234
  11.90515355  11.26779653  15.35319839  10.30450018  14.0711848
   9.43333676   9.5513242   15.40916326  14.21027978   8.51385178
  15.95083539  18.61723484  17.81821753  16.78397231  13.54210603
   8.78283633  17.96708049   6.74486372  13.00846484  17.18015413
  13.52340498  17.4665605   14.39258631  11.1827211   14.90678506
  21.20902881  11.40001227  18.7451244   16.02643966  12.55126937
  12.95644813   5.83964954   6.13252688   9.13148808  11.75420459
  14.08843734  14.51586648  12.76217211   7.12268634  14.0711848
   9.43333676   9.5513242   15.40916326  14.21027978   8.51385178
  15.95083539  18.61723484  17.81821753  11.1827211   14.90678506
  21.20902881  14.66907992   7.01204097  13.32639421  11.2523328
  16.47601757  14.72679742  12.76217211   7.12268634  19.4356732
   7.71975904  13.38955559  13.76931711  15.88781437   5.63136283
  10.99823369  12.39504962  17.32068443  13.37410595  10.39089615]","[ 45.84462044  41.94522236  47.41022015  43.86580958  43.43390427
  46.57006641  44.19154038  38.33222654  34.77348923  39.76112884
  42.7230434   41.41442714  49.22501639  37.45228501  44.60465429
  42.44133512  47.25110374  44.38431563  43.63129376  40.32782832
  40.39655505  40.6080392   37.04523282  43.18042169  40.3637845
  36.72992433  40.70476054  34.0992148   40.73575624  44.50729475
  40.0198205   33.55626548  36.72992433  40.70476054  34.0992148
  40.73575624  44.50729475  40.0198205   33.55626548  44.14990334
  43.62400999  36.41998453  36.79926681  40.92840072  39.8076617
  43.7819671   41.57431909  39.39271541  37.11707024  42.267292
  44.89541045  47.3414862   44.36673247  45.4813435   38.40436363
  38.4714998   47.20033622  33.5490982   33.62154008  50.18996609
  39.76047026  41.71624904  39.51439867  42.35485238  37.27315576
  41.07360635  42.97344082  45.03135046  40.92840072  39.8076617
  43.7819671   41.57431909  39.39271541  37.11707024  42.267292
  36.86817534  42.35526293  42.3151551   37.14959625  41.4387596
  45.50189405  45.84987134  38.35642382  45.26261884  37.30389901
  37.61045733  44.07640109  43.90306867  41.19255909  45.59879444
  38.29888223  44.94993825  41.41365227  44.07616421  41.62218121
  39.82684612  42.95335778  41.19255909  45.59879444  38.29888223]","[ 28.48182109  28.70644183  24.24460107  30.51590116  26.95132704
  29.25824115  25.10370624  27.53440812  24.68167295  29.68947361
  21.68764965  28.9851619   30.21341442  23.17764744  26.2059175
  29.61717588  25.64192605  29.84379572  28.10512612  28.31307981
  31.82762655  27.41477411  23.48104526  29.79830546  29.89733083
  28.87264992  26.33597816  32.08412377  21.45290563  28.57593226
  27.23841451  28.80996525  26.23669421  32.23640548  26.23730196
  29.50064981  27.52326539  33.46159548  31.48882861  28.7027925
  29.76503941  27.78849205  27.78996686  27.84987313  23.48104526
  29.79830546  29.89733083  28.87264992  26.33597816  32.08412377
  21.45290563  28.57593226  27.23841451  28.80996525  26.23669421
  26.26219374  28.25315827  32.18545175  27.46144332  29.55884141
  25.56010291  27.02754664  28.22671362  26.8428955   31.21036661
  29.16103263  25.72680006  30.37344763  28.46021     24.918643
  27.44710691  24.79607196  27.39601678  27.61647045  29.34698258
  29.1072296   27.50323159  26.62637479  25.73448382  25.75459155
  23.60004434  27.9391719   29.69261381  27.20758165  31.52249013
  30.28827977  29.26427769  29.57448885  26.38444707  26.40234305
  24.35621232  27.45805565  31.17288319  29.64121236  26.43200433
  26.80756673  26.54897835  28.52786368  25.56010291  27.02754664]","[ 33.68287053  19.91408158  24.87541879  28.29021035  31.58080545
  25.35003063  28.07911594  28.85038304  31.0569465   26.00578728
  12.94039668  12.30578313  30.82184849  36.30776736  25.33749071
  32.05757697  30.92214311  24.78809936  30.85149488  31.67075252
  25.05452298  25.18878298  30.96153187  26.11241539  31.81289004
  16.9239175   21.77921073  23.30990653  27.60775808  32.56729186
  27.38058385  30.1274941   25.21743953  19.43496518  21.81056761
  19.33901653  31.02101106  22.27365982  26.66714217  25.97923082
  22.73941212  22.53289278  24.34961933  28.90299474  26.00578728
  12.94039668  20.44920598  28.64463264  35.38518551  29.40507711
  24.32220792  24.08223347  36.1070061   26.55117363  25.05452298
  25.18878298   5.01238539  27.46022386  36.12492522  27.56045961
  30.28711745  29.01432196  10.94588278  31.0246533   19.77795161
  30.40212089  26.42122559  30.21081195  30.44843318  28.47101329
  26.46145081  24.51542582  32.75522317  25.82482727  32.37732675
  32.5059245   31.61367021  27.02397894  31.36483992  22.59845539
  23.30142601  26.98878441  35.78239196  30.32071676  27.55007213
  30.96153187  26.11241539  26.66714217  25.97923082  22.73941212
  22.53289278  24.34961933  28.90299474  28.94538792  21.86837103
  36.25064333  30.8121187   33.68287053  16.87228052  29.04281127]","[ 41.03677098  25.90380636  44.54265125  39.32037648  40.81215231
  40.9412512   41.92545272  38.69866959  37.07412731  33.24006487
  38.69866959  37.07412731  33.24006487  39.99642549  38.14284618
  38.02311258  34.3615909   43.9149573   39.00698411  43.59957924
  32.4090317   35.99451333  39.1351726   31.69600531  30.46270453
  43.20033215  36.63740065  37.57943415  40.5460494   32.74400594
  39.03217025  42.49396426  40.5460494   32.74400594  39.03217025
  42.49396426  40.94202307  40.35778705  38.9128998   32.26705139
  40.92439861  38.07156251  43.62184242  39.48377274  40.46486928
  40.8553281   36.0578911   48.44944747  27.56265533  26.97582233
  34.32495385  44.23191011  37.99511812  38.48871933  39.5663358
  36.2653865   43.00937169  37.82394296  41.03677098  25.90380636
  44.54265125  39.32037648  40.81215231  40.9412512   41.92545272
  43.89835379  37.38719688  41.41845146  42.79459226  39.94580895
  38.25821001  33.83508532  35.3898329   35.55612936  44.50293077
  39.15144832  32.04196302  41.30114765  40.48651217  29.3780248
  32.01324593  43.75591376  30.4612577   41.43400018  34.77626902
  40.51928468  31.38297921  44.78431484  38.05742795  36.12331965
  34.94430209  32.99086635  37.64842925  42.05818824  34.29606671
  37.80163634  40.19045414  34.49713357  41.92545272  38.69866959]","[ 27.74853455  35.29574822  24.05681794  22.28971678  29.18848435
  30.71674746  20.51230476  36.71944867  26.53869731  26.53434989
  22.56246023  28.01690773  26.2581997   33.33392552  28.36902337
  28.04654853  25.55722335  27.40499732  30.92491245  30.09726398
  26.31191815  26.42750457  28.36805867  26.33896042  26.00326943
  26.08462982  26.0197055   31.12547664  25.54307895  26.5743666
  29.90667303  30.68240166  27.7730641   28.69287706  32.80105136
  23.00415301  26.18360806  31.24864508  28.81460018  29.78490062
  29.63858496  28.23416893  30.11376383  25.69273487  33.34349829
  26.23405757  25.37904296  26.30492203  28.67317165  29.14380879
  31.40166798  29.19818726  23.84268263  21.18976425  28.32099219
  21.5798791   33.16356042  33.52484295  31.16841817  34.08178803
  29.43243512  29.74550395  28.78657728  32.15133007  30.38270281
  27.50502752  34.9954631   25.10362413  22.3733723   29.83489599
  29.12315344  28.87701598  30.39081622  22.75400958  29.4465777
  28.68573066  28.69287706  32.80105136  23.00415301  26.18360806
  31.24864508  28.81460018  29.78490062  29.63858496  28.23416893
  30.11376383  25.51401432  31.90867872  33.38755271  24.07369733
  26.82662886  25.55174648  28.96819849  20.86650586  29.03903239
  30.06870953  24.61382209  23.65448834  31.27050977  29.31705662]","[ 26.58487266  24.70301637  30.75566647  24.11307156  25.38983785
  27.60430741  25.48046391  24.01098635  18.31916049  27.15989088
  25.09971196  27.04868713  21.09813626  27.25276275  27.93135102
  22.45779163  29.15299496  25.70460362  25.068276    20.59788588
  24.92965355  28.30384535  27.93135102  22.45779163  29.15299496
  25.70460362  25.068276    20.59788588  24.92965355  28.30384535
  27.01335571  23.90303305  29.30046407  25.31181009  28.06860721
  22.26861005  22.42812009  25.83122669  29.49796395  26.88055142
  24.04419151  18.10465151  23.11196848  29.79694229  23.61636479
  24.7708673   21.19451678  28.48839183  29.09155405  22.62646079
  25.38476516  28.08973973  28.95004989  27.06179047  25.59972909
  21.09813626  27.25276275  27.93135102  22.45779163  29.15299496
  25.70460362  25.068276    20.59788588  24.92965355  28.30384535
  27.01335571  25.49874142  24.32006598  26.9363592   23.30477232
  26.18962278  21.68857945  28.92299838  31.45799582  26.90385221
  25.05213357  25.95551453  24.17617814  28.04761277  24.54976344
  22.09757353  18.64764804  27.43441416  21.34295303  23.85128795
  21.62193712  21.27770534  28.12790922  26.9363592   23.30477232
  26.18962278  21.68857945  28.92299838  31.45799582  26.90385221
  25.05213357  25.95551453  19.2191655   25.99799329  26.67384814]","[ 28.95987977  36.38187094  29.1129867   28.21341873  31.16738976
  26.569692    37.49888772  27.20141533  30.03910602  29.92630378
  36.73463841  29.1129867   28.21341873  31.16738976  26.569692
  37.49888772  27.20141533  30.03910602  29.92630378  36.73463841
  35.56828373  26.93433363  31.97002708  22.67740676  37.09772932
  21.8448288   36.77778261  35.22368867  33.43255575  27.08398533
  29.59325958  35.29805013  27.00512536  26.48422555  31.85994236
  35.71398926  26.18190844  27.88586539  31.10517865  30.4742436
  28.99433295  30.87014152  32.38200534  35.01065931  29.34895559
  29.91818686  29.64587588  32.67792076  35.34437996  34.73024622
  32.22349718  33.82932587  34.05721549  27.29734834  34.19404132
  31.98154809  29.615697    33.58556093  28.85698044  30.05128673
  32.59824871  31.75122639  27.29567757  33.62321532  37.12142338
  31.44473755  30.06178091  35.00355414  26.48422555  31.85994236
  35.71398926  26.18190844  27.88586539  31.10517865  30.4742436
  28.99433295  30.87014152  31.4055561   33.60910358  31.53348776
  36.91573897  27.18776301  24.35435363  28.02479691  29.29147571
  31.79327512  36.25520624  31.10350215  32.06718812  26.84002239
  35.09063648  29.17377201  29.54324936  34.65950995  28.24284853
  26.95155271  30.13810503  33.47791916  32.14694447  34.14327975]","[ 33.06008579  38.98464637  37.83081281  45.79825902  41.88684789
  49.65352777  39.02577686  39.78526021  42.16552947  41.11857188
  43.61659116  36.47419915  36.16263754  31.99679207  44.94750616
  38.28028763  44.13296804  40.7313923   38.66757854  47.65048428
  43.06685064  38.20446386  34.54562446  39.64492298  36.78575744
  38.45042474  38.60550797  28.16121435  45.99341362  34.86747775
  41.95898788  38.78285341  45.92256419  41.48282844  48.35602746
  31.69111432  40.26021756  39.77471226  40.41467717  40.15456697
  35.33342881  43.83315117  42.00179761  44.1948428   34.58437842
  31.92546054  39.81261839  42.69459939  45.19058002  51.36353794
  35.01182207  36.30202926  38.78900142  41.44496058  42.93870021
  45.19168564  43.13292245  33.06304212  42.39038249  36.7485555
  36.80927905  36.47419915  36.16263754  31.99679207  44.94750616
  38.28028763  35.39371345  39.08637878  37.3257783   31.09461101
  42.99583527  42.90633723  39.44889412  27.32708809  42.84891882
  29.98916318  37.22639587  39.78526021  42.16552947  41.11857188
  43.61659116  41.3930682   31.55285965  38.40806795  39.29153248
  37.32779326  34.54562446  39.64492298  42.01928146  40.30018189
  41.17463381  46.6758076   45.54724722  46.68013993  45.66936411
  38.8406006   35.4105772   39.37223534  34.66144221  41.70421519]"
"[  3.77526854  -2.87688073   3.88750388   0.10688037   4.10736487
   3.37664718  -2.2845417    7.94865669   6.36211733   2.71980836
   6.84519718  -2.87688073   3.88750388   0.10688037   4.10736487
   3.37664718  -2.2845417    7.94865669   6.36211733   2.71980836
   6.84519718   3.81724181   5.20838853   5.86672419   3.01493237
   6.22394933  -1.35301022   8.56588619   7.03626124  13.37635868
   6.04731089   0.37570115  -1.07592381   3.01493237   6.22394933
  -1.35301022   8.56588619   7.03626124  13.37635868   6.04731089
   0.37570115  -1.07592381  -2.84158711   1.82652896  -0.95297414
   3.46107913   3.56101017   8.68114085   2.12625575   5.36162281
   5.54419348   6.17242323  -3.19854624   2.97110188   2.37546569
   2.15946059   0.29436595   4.7483958    1.38136164   1.50629044
  -1.76450142   5.64655404   3.73188166   7.70765197  -3.09859357
  10.48680406   6.92361882   3.14626509   2.93404903  -0.95297414
   3.46107913   3.56101017   8.68114085   2.12625575   5.36162281
   5.54419348   6.92361882   3.14626509   2.93404903  -0.95297414
   3.46107913   3.56101017   8.68114085   2.12625575   5.36162281
   5.54419348   6.17242323   2.93404903  -0.95297414   3.46107913
   3.56101017   8.68114085   2.12625575   5.36162281   5.54419348
   6.17242323  -3.19854624   2.97110188   7.03626124  13.37635868]","[ 11.78924277  16.97001247  13.03271     10.83376322  10.83930409
  11.73660913  16.38571425  13.21915262  17.79718596  10.86421646
   7.6165688   20.05320117  17.69933779  13.59540656  15.02000513
  13.52822888  15.34902349  12.14525083  18.83192423  13.61875424
  14.0572592   22.48799624  14.1126123   14.48788929  20.05320117
  17.69933779  13.59540656  15.02000513  13.52822888  15.34902349
  12.14525083  18.83192423  13.61875424  17.82480001  16.84452546
  12.42085635  19.52612511  15.41967529  15.5868133   19.37554395
  14.05796779  13.02689914  14.1126123   14.48788929  17.49778836
  14.48237106  13.64655705  19.96030599  18.06846542  18.28368767
  17.55267791  13.37897546  15.31716001  11.98915867  12.34711769
  17.14341543  15.73837135  12.91140442  16.08707399  15.89884979
  13.64284751  15.38937958  18.4370613   17.82480001  16.84452546
  12.42085635  17.56400123  12.6768077   15.50611796  15.57678037
  16.04394971  17.49541439  16.02150532  10.01061213  19.76302785
  10.90522492  17.04451262  20.05320117  17.69933779  13.59540656
  15.02000513  13.52822888  15.34902349  12.14525083  18.83192423
  13.61875424  14.0572592   22.48799624   7.273032    17.04897628
  15.84606019  16.02722325  15.30151137  12.94616196  14.57073321
  11.96012406  14.70398468  17.48875946   5.82910508  17.14341543]","[ 43.97436576  44.37305244  42.9615522   39.46584793  45.34595711
  49.03786274  41.77432783  40.92522212  42.62567184  40.26593427
  49.45118671  43.39805477  45.9916603   42.09953911  42.24881801
  47.89093265  43.77277267  45.70914172  47.60988957  41.15329243
  42.00472235  39.90965692  41.15714109  44.9845966   45.23810894
  39.99265382  34.8800773   46.84536496  40.678427    43.82846539
  44.64495011  43.8831226   45.00767699  48.90373     46.81600376
  43.85652524  46.57333687  46.15711139  37.28956534  44.65274878
  43.46652043  45.63925449  44.10542984  33.60065519  47.31146899
  43.81909022  41.93651148  43.58071011  41.15714109  44.9845966
  45.23810894  39.99265382  34.8800773   46.84536496  40.678427
  46.69266129  41.75267488  49.18437914  43.22045353  43.39805477
  45.9916603   42.09953911  42.24881801  47.89093265  43.77277267
  45.70914172  47.83921573  38.19789408  46.66126314  44.65952299
  42.90408734  44.25683841  47.3822786   46.71864367  44.19298163  41.78249
  43.48704498  46.15711139  37.28956534  44.65274878  43.46652043
  45.63925449  44.10542984  33.60065519  41.40171518  46.10595945
  44.07784314  38.41057481  46.43269133  50.59880657  40.20293793
  41.90939153  49.57948879  46.61027871  53.30628565  38.9272511
  47.07406268  41.59585197  33.87760413  45.83678775]","[ 26.33194679  28.24685642  26.98002413  24.97228439  28.07311741
  29.11965744  28.06548665  27.49175507  27.62248963  29.6015215
  29.47011754  25.06402075  29.50630205  26.46370781  27.67783317
  31.25963634  29.08960194  25.69951973  30.27056519  26.21412298
  26.6327389   30.37492987  26.58168192  29.43192699  28.09102028
  22.61820897  27.67506078  23.56607307  25.48172515  26.85228411
  27.81528975  29.44075751  24.71321687  28.01405849  21.19932672
  26.01507814  31.58301974  26.24507791  30.4435901   24.73527862
  30.02981606  28.78050031  24.36945059  22.81448819  31.15116838
  27.53829852  27.77655993  27.32581527  30.39324932  27.60973122
  25.53851742  25.14265224  28.8569175   21.3838626   24.74584729
  23.469572    24.98297643  31.01200197  32.87734374  26.67635777
  27.98752869  30.65319673  31.2026866   30.97270874  28.22367815
  33.47107814  28.5315083   26.84950746  23.34518418  26.08208562
  27.79866398  25.06402075  29.50630205  26.46370781  27.67783317
  31.25963634  27.78772837  24.74584729  23.469572    24.98297643
  31.01200197  32.87734374  26.67635777  27.98752869  30.65319673
  31.2026866   30.97270874  25.86600112  23.73632601  20.25927807
  25.72149746  27.74428194  28.74540423  27.62618072  27.2444379
  23.99851216  29.69781336  29.23031472  25.78519073  28.72592955]","[ 21.7909638   31.21216953  33.73544411  34.32593099   7.56975878
   4.39509856   2.11563421  31.29937018  34.92905193  13.61743876
  31.56926578  28.87847144  31.63008334  23.50556541  31.79795778
  17.40022336  37.48011406  20.71233001  31.17174626  30.60950348
  27.56560102  15.59386049  24.64752701  15.61312481  28.56969989
  34.27903072  26.7482559   31.60754643  23.28801819  10.31243904
  29.70875331  33.98621249  27.67485472  30.95396692  11.18643911
  27.74370977  19.18274403  29.23179888  32.92497769   3.50777326
  29.36796036  26.55921413  25.31383428  21.02724849  23.60023406
  13.73271145  33.50158956  22.12968178  30.44936027  22.7808391
  27.00586056  15.52843934  15.59386049  24.64752701  15.61312481
  22.58202932  30.36256684  29.24061371  24.70464142  20.32536403
  11.29487295  19.93130614  10.48988869  27.03127104  26.80835135
  23.60023406  32.17797254  30.78975681  17.72316836  24.91653456
  27.97490334  31.06647013  22.58202932  30.36256684  29.24061371
  24.70464142  20.32536403  26.55921413  25.31383428  21.02724849
   9.87880642  36.30627199  29.76028417  33.70675927  28.66847158
  23.57459739  26.23753927  28.10163379  29.83205567  28.11341296
  21.56842963  24.86942346  16.58737356  23.87775588  21.17752075
  21.7909638   31.21216953  33.73544411  27.41337817   0.4899244 ]","[ 36.14499448  41.13142206  39.71728423  42.26998148  44.29322626
  27.90761587  32.10366671  46.01255365  36.71351102  41.98104348
  38.73360687  45.86347659  41.28255587  39.89176112  41.17661996
  43.1290397   42.3550593   38.85919025  38.58192536  36.15507337
  37.21242987  42.74890744  44.69127196  41.34782332  44.69981645
  34.85690277  36.05450715  38.01262969  43.23015348  39.62405878
  36.19604611  24.22836218  27.16942043  37.28345495  43.8354463
  36.44993966  44.69127196  41.34782332  44.69981645  34.85690277
  36.05450715  38.01262969  43.23015348  39.62405878  30.58073687
  37.82329257  33.01518459  37.91986082  36.11913602  29.82900423
  44.30252569  40.28843979  41.44527084  36.24816081  39.2825161
  41.96592741  44.62075415  31.46916794  42.76825742  35.96658634
  45.00983977  40.34704088  42.39825821  43.56214628  44.85388216
  38.08442112  36.71351102  41.98104348  38.73360687  34.48905144
  39.49172072  37.35399379  39.9002063   25.34647027  36.54528368
  44.78380474  37.88067299  39.62405878  36.19604611  24.22836218
  27.16942043  38.04617434  36.87960231  33.40880682  38.14470576
  41.3426088   32.10393696  39.4607983   36.19604611  24.22836218
  27.16942043  38.04617434  36.87960231  33.40880682  38.14470576
  41.3426088   32.10393696  39.4607983   43.84708145  35.18295707]","[ 28.08706892  24.83868767  20.989215    33.45707284  28.6961644
  25.19781598  31.39586509  31.33099701  21.95082025  28.96290986
  29.86346989  29.20834551  26.75526404  29.76247648  27.68574824
  26.82064479  26.23792963  20.76278513  23.97394445  30.06633351
  22.16844693  25.54342299  25.32333626  30.68678337  33.87310252
  22.30447065  26.35043708  29.09694036  20.84905939  27.15035231
  19.46504013  28.46579958  23.81505711  28.21604987  31.51832609
  26.63740496  32.87012402  31.79303507  30.15642448  27.15512203
  23.54814048  26.27759529  19.99274239  30.71387008  27.02910978
  33.09881666  32.517961    24.26293563  28.49191663  22.44874655
  23.47991431  22.23735125  31.28428834  30.16847672  23.01426828  28.40594
  29.26989951  29.44777215  30.85891676  23.84876032  22.3302825
  30.51771355  25.07506377  29.61249688  32.02606033  28.31173802
  27.27946092  30.78062616  29.34068322  31.1401919   26.37786009
  28.02508085  29.38819202  24.44018835  33.80595501  26.48356749
  29.94596307  26.2436545   22.94418772  27.06017906  31.03967027
  28.1812336   25.20581799  28.66264222  27.70017799  26.34915968
  29.60265978  27.27946092  30.78062616  29.34068322  31.1401919
  26.37786009  28.02508085  29.38819202  24.44018835  33.80595501
  26.48356749  29.94596307  34.35791421  29.56726303]","[ 23.5176956   22.96150331  28.88175659  20.86428978  22.9695184
  26.06864629  19.4905191   25.59670418  24.20564341  21.15869577
  21.91925988  22.93350108  23.15433993  29.04990701  26.14439128
  24.60761703  19.62055272  24.44534206  27.18702115  24.16391749
  22.19351647  26.9694063   27.11850576  18.27439361  21.84430654
  26.5497999   18.65779579  25.41492445  27.48947141  23.92140066
  26.83670264  22.00447644  31.2296247   25.05936876  21.62496691
  21.61109676  23.73268824  23.85402907  21.05240148  32.09808189
  31.1421134   24.75323554  27.14890271  25.21411976  24.02971651
  22.96682324  29.99547371  26.48861008  23.04641699  24.80484683
  24.08659087  15.63210397  21.45167167  25.95616418  26.5497999
  18.65779579  25.41492445  27.48947141  23.92140066  26.83670264
  22.00447644  31.2296247   28.97502206  25.85973743  24.66319271
  23.96118989  23.12438179  25.23781761  27.35077885  26.32471823
  21.60014238  26.68068282  25.28817196  23.81637845  16.41172556
  25.0395015   30.22989887  16.79325236  28.39801404  28.17255772
  20.26694106  21.92261351  27.67895959  18.90424272  28.54486941
  21.95527531  21.81326731  20.24303232  23.5176956   22.96150331
  28.88175659  20.86428978  22.9695184   26.06864629  19.4905191
  25.59670418  24.20564341  21.15869577  18.27439361  21.84430654]","[ 34.85805478  28.40985689  31.70032183  35.39662982  29.38292129
  33.77753307  38.43137767  33.48600393  28.62738995  32.14138822
  31.69157656  35.510938    35.58741277  33.25816558  34.69436052
  29.23278981  40.46822313  30.36679746  36.00462463  37.79111326
  29.74697509  31.40852868  23.3580902   28.91366013  30.74789468
  27.01349456  35.28339431  31.28276758  32.96724547  27.38636805
  34.85805478  28.40985689  27.9183735   36.21260687  34.74284411
  39.24609033  26.76796615  28.47997524  33.19666974  38.13470603
  35.48901504  32.20186715  32.6548589   34.72878162  36.78795598
  27.2904153   38.91258794  32.3257141   31.25138597  39.45167882
  30.37528981  31.93158672  32.10116994  36.19916589  29.38292129
  33.77753307  38.43137767  33.48600393  28.62738995  32.14138822
  33.59410183  28.38045286  32.4747354   33.46942505  37.05502621
  27.89799302  36.22438177  32.40701429  26.45595271  30.8220539
  21.86632904  34.50976465  36.65876857  37.43189141  28.90104819
  35.42784879  30.16925778  32.17794556  32.25159032  43.33242239
  29.73476865  28.74640459  34.34990258  31.3902586   39.94494588
  30.31722326  32.58805136  35.510938    35.58741277  33.25816558
  34.69436052  29.23278981  40.46822313  30.36679746  36.00462463
  37.79111326  29.74697509  38.85016873  30.7658259   35.55049842]","[ 43.09242371  31.78430509  41.90363243  39.37635449  35.66341878
  41.77306502  38.45817898  49.15787102  40.09046885  40.08097387
  45.80080186  37.80381164  31.495795    36.69213968  40.53438778
  30.59431106  36.39354953  44.61956216  37.38087145  36.03239368
  45.81990322  45.16186541  45.44447595  42.28562613  41.65466596
  46.47064436  39.89252894  43.2938153   45.49271178  34.18146912
  40.10565156  38.43828863  44.05781176  40.09046885  40.08097387
  45.80080186  32.83329171  43.09312587  39.9468985   41.72512179
  36.27743833  42.19998025  42.03136457  39.19115031  42.19527567
  42.20680886  36.08293905  33.59335259  40.39833576  37.0982935
  41.10050507  39.30945103  34.15909687  38.09115703  29.56420162
  45.56887551  34.19906154  24.36622801  41.52509638  47.14522587
  38.45179006  39.04256265  46.41064502  34.84263142  38.56777826
  40.28897986  42.03136457  39.19115031  36.97709979  30.39997802
  36.53123364  48.73140221  41.68958028  38.29231855  34.99809182
  33.79165775  38.26758117  42.57144738  42.22404621  39.89220872
  38.48194178  37.0510902   45.44447595  42.28562613  41.65466596
  46.47064436  39.89252894  42.06894992  37.43727869  44.76901578
  39.8589281   38.05987008  44.66923815  45.1291153   43.04102076
  46.54348678  50.66690346  38.20036906  38.37047058  38.95639703]"
"[ -1.67672325   6.03334697   6.35499301  -0.15495028  -0.78881344
  -0.67364892   3.57213801  -1.59403401  11.50126569   1.40545019
   0.46826242   5.32726514   2.4627155   -3.14771153   1.00176824
   3.78154356  -0.39554065  -0.57119144   6.57928139   8.02097769
   8.578471     4.03567618  -3.78357789  -1.64597104   2.4627155
  -3.14771153   1.00176824   3.78154356  -0.39554065  -0.57119144
   6.57928139   8.02097769   8.578471    -3.87076221   3.92607107
   2.77264838   3.54678499  -1.13169074   0.64815586  -0.42996908
  -1.67672325   6.03334697   6.35499301  -0.15495028   1.80557825
   4.59856878   4.69750064   5.53390581  -3.87076221   3.92607107
   2.77264838   3.54678499  -1.13169074   0.64815586  -0.42996908
   1.92488271   5.58652419   8.08520635   1.80557825   4.59856878
   4.69750064   5.53390581  -3.87076221   3.92607107   2.77264838
  -0.15495028  -0.78881344  -0.67364892   3.57213801  -1.59403401
  11.50126569   1.40545019   0.46826242   5.32726514  -5.38855961
   6.09666734  -0.78881344  -0.67364892   3.57213801  -1.59403401
  11.50126569   1.40545019   0.46826242   5.32726514  -5.38855961
   6.09666734   9.54512164   1.83942721   6.03334697   6.35499301
  -0.15495028  -0.78881344  -0.67364892   3.57213801  -1.59403401
  11.50126569   1.40545019   0.46826242   5.32726514  -1.39616523]","[ 20.05375605  16.47177549  17.21344052  10.35672879  14.19401382
  20.08624631  15.38599105  14.29879248  13.43921514  21.99185195
   7.92730744  11.48236962  15.3155438   22.34708601  20.56337038
  15.36431073  17.17695836  12.99213501  17.43326241  14.57666876
  19.67651256  15.56012383  13.94307813  14.62068658  11.48236962
  15.3155438   22.34708601  20.56337038  15.36431073  17.17695836
  12.99213501  17.43326241  14.57666876  19.67651256  13.97266077
  18.62243066  16.021393    15.76972503  16.54610108  15.77823189
  14.98938113  14.668388    10.560967    14.63885228  14.62513729
  14.07555708  12.69630412  16.34210278  20.75627084   8.55910353
  14.88548398  20.22146124  17.72948502  18.97069065  15.26004446
  15.64261327  18.62243066  16.021393    15.76972503  16.54610108
  15.77823189  14.98938113  14.668388    10.560967    14.63885228
  14.62513729  19.05968707  16.6191766   19.2716812   13.63203404
  20.85732801  17.87018106  15.66271173  16.22522108  16.87291014
  18.99832081  17.30948414  14.57666876  19.67651256  15.56012383
  13.94307813  19.50586416  11.8456389   17.45260425  13.20457242
  17.3200603   19.67844544  13.97266077  20.59918577  12.03230071
  13.4150828   17.91388858  15.02776942  20.10983574  17.43369768
  16.54753088  10.0270779   13.96567095  17.3200603   19.67844544]","[ 48.71013357  45.30644138  41.92909549  40.0338615   40.9826224
  51.76084446  45.86496156  45.41214823  42.08298893  41.12338905
  42.28689866  37.68777771  42.68904599  40.77676463  44.72588323
  38.70002517  46.84120342  47.06983409  45.54687211  48.95253697
  47.01547129  41.95396608  41.47175212  41.04179357  34.94603239
  40.67497788  45.92804725  42.79211397  44.68327891  38.55726742
  48.00786992  40.43588193  46.31211547  41.26418487  39.98192737
  43.39819348  42.28689866  37.68777771  42.68904599  40.77676463
  44.72588323  38.70002517  46.84120342  48.949967    42.48243443
  43.5136738   39.83009702  48.14784214  49.49165457  49.96533829
  45.44542745  47.66304133  40.60767775  46.69221809  42.16844136
  29.88511419  41.29286804  40.74246529  40.94018072  43.54241638
  41.12477699  44.59282905  45.93337637  41.90482257  40.44565004
  42.62270293  41.09547157  44.73958533  42.16844136  29.88511419
  41.29286804  40.74246529  40.94018072  43.54241638  41.12477699
  44.59282905  40.06740587  46.50484722  45.35895026  39.6361233
  43.48007939  44.55694615  40.52308574  45.18039038  40.4610833
  46.07769503  43.63011512  46.98900381  39.24833123  46.05912996
  40.17841492  43.97212867  41.87514376  47.41484421  46.82412249
  49.46794897  42.84905272  41.83381995  38.60134721  40.20227893]","[ 32.19713746  27.34487922  36.33699159  33.0172445   27.40314034
  35.25298455  31.57508613  31.1504583   31.93781698  25.91501258
  25.91501258  24.28071104  27.58751512  27.45890272  27.70057727
  31.93351376  28.39580803  31.82514484  29.18759482  31.86844371
  31.35725702  30.92864423  27.52823178  27.31481713  27.37123958
  28.32654609  28.50940906  31.44780865  26.44263098  31.97425752
  26.63351205  24.1314898   27.23744427  28.29148785  31.54436146
  31.50241585  30.58492222  25.95146633  34.54445991  29.26613379
  29.31940385  28.1638831   30.62412183  27.89147929  31.81940104
  27.65612672  31.55289746  33.21970587  31.80599188  30.73332784
  34.09641563  27.02835297  28.15223193  32.19713746  28.41694161
  27.89147929  31.81940104  27.65612672  31.55289746  33.21970587
  31.80599188  30.73332784  34.09641563  27.02835297  28.15223193
  30.53912724  29.99049399  29.27924366  30.62253145  29.41845996
  29.9171793   27.534472    28.34311835  28.35323875  37.15684523
  24.66010321  29.93087361  33.16081917  31.36956622  37.27214009
  27.01622875  24.297486    31.59973534  27.82743089  28.32476738
  32.21201321  31.43896723  26.16583961  26.60265284  29.3519508
  28.30329345  31.51977521  30.76889093  30.89589055  25.32788821
  32.56832888  26.13602962  31.741002    23.87009632  32.23894209]","[ 25.3345544   31.90219121  32.92573052  24.79267904  20.26742247
  15.54803296  26.88364214  32.14201449  22.43963128  26.85493303
  27.39929139  24.10147402  26.25481172  28.22650868  27.0246853
  32.71992275  25.94277482  18.93097702  22.28372329  30.22206577
  24.48550308  23.17164579  30.00069908  26.42456058  26.50750892
  20.89648329  28.26393036  19.1223566   24.24709381  31.68921091
  28.33872669  30.48950857  19.1223566   24.24709381  31.68921091
  28.33872669  30.48950857  16.02025408  29.87527849  28.16418999
  21.21382699  24.6321775   24.55180835  24.73924163  19.45253658
  29.71081267  18.27180754  27.71696354  24.23843278  20.19944736
  21.15540747  21.37939554  21.90734668  34.22846059  26.85493303
  24.61715754  20.68932184  29.5536128   22.55203348  27.43369813
  31.84010637  14.28278789  27.83652264  32.00780438  25.74784353
  24.71156044  28.82905656  20.82947638  24.57136702  20.34136489
  28.02076299  24.73924163  19.45253658  29.71081267  18.27180754
  24.27782466  14.27760933  23.7306705   13.03889059  25.37576821
  31.15814263  22.96897314  28.56311022  22.83545369  25.3345544
  31.90219121  23.25290021  12.11500342  28.2272138   21.80164221
  26.22865479  26.02321335  26.17986281  24.27782466  14.27760933
  23.7306705   13.03889059  25.37576821  17.21556334  23.35814717]","[ 31.94439766  41.05890454  38.57773263  42.48329352  44.13918428
  36.39122731  43.03777538  44.18272936  30.71078094  44.11393038
  45.89788046  38.5126647   39.17916447  32.45241493  40.43190758
  32.0465067   39.70439873  44.21997331  36.54723918  33.73522173
  31.94439766  41.05890454  38.57773263  42.48329352  44.13918428
  36.39122731  43.03777538  44.18272936  30.71078094  44.11393038
  45.89788046  40.83764134  41.25698981  25.4428793   40.2664345
  40.90788471  32.28685296  45.50171454  42.80435478  44.66215053
  35.55769003  40.26814092  45.12929961  40.46278317  39.38499439
  44.25599585  46.08633119  30.9747017   43.48515409  38.42067883
  40.65489042  36.40373895  42.64180331  46.22244911  33.59049747
  39.45155567  47.7050316   38.14203269  38.75324579  38.8342062
  38.04260683  35.67392332  36.27486871  36.69509513  38.03667287
  44.0554793   40.26814092  45.12929961  40.46278317  42.71258643
  36.00860092  42.03017675  35.50946915  39.67063483  37.55253549
  33.43568525  37.13398329  41.82313757  47.00084806  44.19061351
  41.73692711  38.6811385   44.0135098   37.87722708  38.53922239
  39.96010838  41.07431409  40.43190758  32.0465067   39.70439873
  44.21997331  36.54723918  33.73522173  31.94439766  41.05890454
  38.57773263  42.48329352  44.13918428  33.45260691  29.0557841 ]","[ 29.5050496   29.7635804   26.83102461  32.16106812  34.37016013
  28.6601579   33.4429819   29.91571546  31.30128823  26.7715337
  25.60850571  24.81722079  31.61746276  27.85741229  25.18060036
  28.97187204  36.84131177  25.30117513  28.93602549  34.30946643
  27.83392151  31.96237539  28.62586231  26.39881409  28.30778352
  32.48598836  38.63590656  30.15975409  26.40920647  18.24363967
  31.79002297  23.30615939  30.69709899  25.27041166  31.32147771
  24.61042648  20.47981621  31.63827263  27.63924882  27.44032827
  28.69288272  29.93921707  27.05016823  30.65591829  26.7574718
  31.10065244  21.32847569  23.92580555  31.53230081  25.73116864
  32.11128587  29.46637804  29.4057871   27.97391019  27.74378784
  28.6725851   26.44838045  30.53209165  28.66802939  23.31269847
  24.41980201  27.39696727  20.95695837  28.48916551  27.86806235
  32.24087061  30.09721164  29.1282615   32.89629882  31.15847641
  36.68565767  24.44588575  30.11153522  29.74340443  29.94171392
  26.15898849  28.61711166  25.37923318  26.21806728  29.04732031
  22.56246642  30.69259407  31.25303559  29.57527076  32.19474711
  22.09466803  33.85553336  25.37923318  26.21806728  29.04732031
  22.56246642  30.69259407  31.25303559  29.57527076  32.19474711
  22.09466803  33.85553336  25.35715317  29.93139915  28.95317176]","[ 29.21119404  19.29387384  27.21853272  24.69966238  24.3991037
  20.37087896  29.14363039  23.20018507  19.41824252  26.49225272
  27.15120275  25.59210645  31.63795112  28.6059495   19.73945973
  24.10788408  22.42871878  25.53446797  28.65841678  24.68896901
  22.97472621  27.04719901  25.59210645  31.63795112  28.6059495
  19.73945973  24.10788408  22.42871878  25.53446797  28.65841678
  24.68896901  22.97472621  27.04719901  24.86300699  25.60827124
  29.21119404  19.29387384  27.21853272  24.69966238  24.3991037
  20.37087896  29.14363039  23.20018507  19.41824252  33.58950894
  28.06987662  28.11721032  26.88332495  25.98282114  26.09961174
  27.73639035  20.94395059  26.90306859  22.2955242   24.75067304
  23.97344273  25.36108187  31.26078611  26.75591473  25.90133352
  20.82553671  29.53679349  25.38779959  31.82971935  28.30951186
  25.72492505  27.06898247  28.44416631  32.20002152  29.47916719
  25.87945362  24.50732581  23.32614878  18.65337261  22.63077543
  27.99933176  29.24531466  30.12703476  24.86300699  25.60827124
  29.21119404  19.29387384  27.21853272  24.69966238  24.3991037
  20.37087896  29.14363039  23.20018507  28.4502865   30.85659209
  26.66036387  23.83528326  18.94452484  25.05472313  25.34926805
  23.15222364  29.85375905  20.91862897  21.06552588  26.10964833]","[ 40.31495913  29.49007246  32.57521669  32.35714395  28.67077991
  38.64226601  28.38750729  35.50504461  26.3869849   39.22607205
  29.75382729  32.72499075  40.00866005  39.68546176  26.13325522
  28.2582299   33.07111155  33.63450487  38.83585362  29.24961846
  26.72479143  29.49232456  33.81855361  32.75584785  32.91965536
  21.99856024  32.34461433  34.87757506  30.80857445  33.31807136
  27.8976928   31.64832689  31.07857738  32.72499075  40.00866005
  39.68546176  26.13325522  28.2582299   33.07111155  33.63450487
  38.83585362  29.24961846  26.72479143  29.49232456  35.88721941
  30.0713193   40.09845323  31.54496343  30.34090277  32.1634369
  33.56908928  39.7018325   33.22856855  34.98686238  38.15767088
  37.59059428  27.9887573   29.80316598  35.25035139  35.07962683
  24.90172815  36.49336017  35.73765731  38.21900262  35.90641162
  32.92559384  33.43225812  32.12593171  37.62452498  28.51898052
  32.83259877  39.6063082   28.12148263  37.59002443  36.92679593
  33.75733299  37.17649239  33.06110644  32.31182567  29.68258326
  35.88721941  30.0713193   40.09845323  31.54496343  30.34090277
  32.1634369   33.56908928  32.4629873   38.39635192  35.51345566
  28.32504684  31.84900823  37.33227112  35.5292323   40.40131642
  37.17649239  33.06110644  32.31182567  24.1535596   31.70366233]","[ 40.86895031  32.60709835  31.98633045  35.9475989   41.85564484
  44.93782346  41.1928079   40.12248025  44.03943499  45.92175983
  40.71478906  34.37191362  42.39929005  39.7515094   35.90834862
  32.30189693  35.72902778  34.16714861  37.88001915  36.28206692
  44.9299059   43.70996657  39.18974773  33.6412546   40.67928164
  39.18866009  33.0961345   39.77595121  39.06575836  36.96848653
  40.12157094  41.98768148  38.92758649  40.79855695  41.58146828
  33.35248955  43.8039833   46.21328508  36.10976616  37.26692355
  36.91291049  39.02329492  32.25985124  33.62760549  33.39795167
  40.01512976  31.74170506  36.8992381   44.65376383  31.16263489
  29.96542536  40.25109445  47.43721778  35.84619363  35.97423617
  40.12248025  44.03943499  45.92175983  40.71478906  37.64409947
  34.91556061  44.0673928   31.81169122  41.46643751  36.34827725
  35.27848931  36.28206692  44.9299059   43.70996657  42.0197852
  31.58666099  37.72281514  40.28266469  36.59716797  39.18974773
  33.6412546   40.67928164  33.15209851  28.90751452  37.85528856
  43.11320717  36.515458    42.48078196  32.33509612  44.97927808
  43.6481399   35.88816463  38.20114441  37.83997708  39.67016638
  35.78420149  40.45702911  31.54328375  40.41554583  42.31774051
  32.75518103  31.39810623  42.72951464  34.13821928  35.37977486]"
"[  4.99642557   2.59050944   1.56891755   4.12783615   7.36393415
   0.12836855   3.68631991   4.60593356   5.08959515  -3.00233204
   6.61625831   3.2666149   -0.53624065   4.20863643   2.95211247
   2.41496117  -3.93668691   2.2154894    2.81511906   3.66108091
  10.52527957   1.16120541  -0.33784543   4.94584807  -6.89400941
  11.61907843   8.42648549   1.59512834   1.57092579  -1.89301876
   2.32353894   2.37147849   4.99642557   2.59050944   1.56891755
   4.12783615   7.36393415   0.12836855   3.68631991   4.60593356
   5.08959515   4.94584807  -6.89400941  11.61907843   8.42648549
   1.59512834   1.57092579  -1.89301876   2.32353894   2.8435128
   0.68173433   4.05552173   4.08785775   0.37025902   3.15907638
   5.52428702   6.64670495   9.03376375   1.40631631   5.04012256
   1.1498299    3.09766183   4.88014971  -5.19421937  -1.50759005
   4.08785775   0.37025902   3.15907638   5.52428702   6.64670495
   9.03376375   1.40631631   5.04012256   1.1498299    3.09766183
   3.15907638   5.52428702   6.64670495   9.03376375   1.40631631
   5.04012256   1.1498299    3.09766183   4.88014971  10.15341917
   5.79998766   1.59512834   1.57092579  -1.89301876   2.32353894
   2.8435128    0.68173433   4.05552173   9.94802008   2.62699794
  -5.19421937  -1.50759005   4.08785775   2.62699794  -5.19421937]","[ 12.56466663  15.52043977  18.17927192  20.68646929  17.50307257
  16.49779872  10.77933393  14.60115062  15.68675878  15.99214249
  18.5483422   12.04140975  16.07595609  11.53059966  14.22319813
  18.53131296  18.42990191  17.00771108  15.68256284  17.41374996
  17.61872037  17.35427018  18.85612668  17.94754779  19.69030767
   9.74057615  15.96680139  16.13918542  20.74362386  17.48243121
  11.8509367   15.68256284  17.41374996  15.17226621  16.95395032
  20.28176451  19.44660243  12.1634486   17.61872037  17.35427018
  18.85612668  17.94754779  19.69030767  17.94754779  19.69030767
   9.74057615  15.96680139  16.13918542  20.74362386  17.48243121
  11.8509367   20.03090222  16.07719172  16.92210511  18.5483422
  12.04140975  16.07595609  11.53059966  14.22319813  18.53131296
  18.42990191  17.00771108  15.68256284  17.41374996  15.17226621
  16.95395032  21.14075167  17.35936022  18.81096111  14.52831995
  12.33543182  21.86596851  13.46805309  19.65409034  17.98605762
  18.43701428  17.77852665  22.04297402  14.57338637  16.15038754
  21.17597156  13.59266545  16.84123194  17.26973539  16.5673765
  23.62345242  18.40988026  24.03935498  17.94754779  19.69030767
   9.74057615  15.96680139  16.13918542  20.74362386  17.48243121
  11.8509367   20.03090222  16.07719172  16.92210511  14.31287246]","[ 39.90072328  36.14462834  46.47599573  43.41808827  42.83665175
  46.21034164  44.3938193   42.26994097  32.14725766  40.20436888
  44.07216488  41.81599119  39.55964981  44.15360888  43.02281958
  45.14222977  40.44089872  41.56028886  33.42649604  34.72970171
  44.08190167  41.65506063  38.34067888  41.95226391  44.16390844
  48.17098874  45.86626932  41.67503495  36.3576316   43.3958692
  37.6353748   46.99777019  46.24316992  43.02281958  45.14222977
  40.44089872  41.56028886  33.42649604  34.72970171  44.08190167
  41.65506063  45.59872245  38.39474341  46.45958246  43.47682646
  44.73831162  40.65571219  41.28975021  34.38856961  45.58195946
  45.06246533  39.43013563  42.08509197  45.55841855  36.8216608
  41.07366335  45.38823154  44.58687024  46.69909969  33.08338334
  36.39209937  40.86215991  44.94914896  45.20256191  46.22803892
  47.09640353  43.45384359  41.37996088  41.69689401  39.90072328
  36.14462834  46.47599573  43.41808827  42.83665175  46.21034164
  44.3938193   42.26994097  45.86626932  41.67503495  36.3576316
  43.3958692   37.6353748   46.99777019  46.24316992  37.72526355
  40.64591456  44.75480699  41.79551317  38.68747057  38.6294585
  42.89303066  41.55436935  40.93871972  39.82053089  43.4764222
  44.30445186  42.69494482  44.02097214  47.56799531  45.40253175]","[ 27.69501455  34.94317965  30.52954692  25.02559114  29.37315027
  32.66699018  26.51048309  29.17165866  27.66479195  29.55150185
  28.98531739  30.52954692  25.02559114  29.37315027  32.66699018
  26.51048309  29.17165866  27.66479195  29.55150185  28.98531739
  27.60940193  25.06966743  33.67452807  32.03640069  24.92273673
  30.57193634  28.11804486  25.96325685  27.49850639  31.75634838
  29.49688275  27.49412573  32.06548964  30.52881333  27.74278168
  28.47269151  34.7668315   27.91532206  29.09160919  24.94085217
  29.78251283  30.49555003  28.1241175   28.74337435  26.84631251
  30.5929783   34.29631147  24.82304917  23.08462109  29.28793983
  28.07627084  32.91084934  30.73033008  29.60689441  32.23137457
  28.72510111  37.23165315  22.69385418  32.19539988  26.99387814
  28.38470137  28.1110367   33.20678992  30.97536392  27.16529237
  28.56838774  27.99202976  29.76031127  30.23429825  26.80962362
  30.62726938  31.16354522  30.13759939  24.28304329  31.72383401
  28.40731848  28.98531739  27.60940193  25.06966743  28.91330506
  27.66831045  30.85399432  33.81480992  29.20437582  26.85431635
  30.52881333  27.74278168  30.72611755  33.99740409  29.27727167
  26.74707774  30.89203526  21.25226724  25.76527551  29.43631629
  37.5060345   26.30966106  25.51538683  27.81170994  33.97806391]","[ 24.8660888   20.65150283  18.53719483  31.00860225  30.42350266
  24.42077663  27.77396083  26.05140936  18.95506093  28.13678794
  24.24151919  28.13678794  24.24151919  28.79077262  32.19860036
  10.73376715  30.93657597  34.74000861  27.46464529  26.53250024
  17.80901928  31.72783068  31.76264467  20.75353514  14.25338488
  26.67267514  26.00966398  23.66894563  24.25069732  21.53216464
  29.43713891  32.23298225  29.14432916  28.47603401  27.12676462
  28.51063518  33.12853078  28.87314659  14.99191659  22.56840243
  23.91085481  32.76888367  33.47148555  26.92083576  27.36960413
  19.32660129  29.87861882  29.94847136  20.4489235   25.2098911
  25.02617693  29.57185914  28.53301808  32.76362907  15.99459486
  22.51811347  24.58502633  20.2991905   26.60317823  35.19888688
  20.03488193  35.35357446  29.14432916  28.47603401  27.12676462
  17.80901928  31.72783068  34.2408813   30.10304539  27.06663331
  26.00779161  22.95133311  29.40738285  26.67110652  20.14024714
  27.3656399   25.97896978  23.50027967  27.13548893  32.85039782
  33.33483456  24.8660888   20.65150283  18.53719483  31.00860225
  30.42350266  24.42077663  29.51759006  23.41101955  26.82718212
  26.23031332  26.58277529  26.19788493  31.76264467  20.75353514
  14.25338488  26.67267514  26.00966398  30.38692867  24.71023686]","[ 35.92179312  24.34049463  30.55840906  35.45536268  37.44377622
  32.96513494  28.24559723  39.47753787  32.52969029  33.42136168
  47.52945434  34.43289591  41.75550255  40.79664529  36.19638107
  40.22594916  27.71285333  33.83353437  35.67974725  33.05530629
  41.87845586  33.05530629  41.87845586  44.30145617  32.61904837
  42.15491765  43.58055232  31.18773033  35.16929765  35.21205358
  40.61441925  42.37009881  27.71285333  33.83353437  35.67974725
  33.05530629  41.87845586  44.30145617  32.61904837  42.15491765
  43.58055232  31.18773033  35.16929765  27.72716985  38.45140167
  32.13186136  42.61285366  37.03000114  32.11882635  41.8651536
  35.50563645  35.91041028  38.98260538  42.90602466  33.42136168
  47.52945434  39.99178567  30.79094781  32.21027454  41.48295309
  35.39565672  38.71538519  40.84992243  31.70475718  38.81220386
  37.67378704  31.68564015  41.75844689  34.43289591  41.75550255
  40.79664529  36.19638107  40.22594916  27.71285333  33.83353437
  35.67974725  39.48372994  31.98714935  33.93591386  33.37299681
  39.98303797  40.01280559  37.54863419  31.99010844  31.27618357
  47.37726806  43.45800233  33.92339777  28.04074437  35.13752239
  34.4569444   39.69113098  37.39601031  38.66462503  40.74534755
  36.58645494  39.94930744  33.56264293  40.25220846  37.47224292]","[ 24.76419383  31.06486735  26.37974344  20.26574349  26.7899171
  29.14789648  26.08229906  26.9834989   28.78257389  25.74951961
  31.67623557  30.34210879  26.75787349  31.41029188  26.83360228
  24.54923301  30.31332239  31.03804899  26.4741418   21.89347665
  25.24230879  28.09873428  25.91947105  29.48439315  29.40352362
  31.37707956  28.40753881  22.88605223  36.06775045  32.51435787
  30.53132772  26.55642583  32.88008115  34.24608198  26.47882667
  31.0946746   29.59452551  27.94492088  22.64267658  31.13391096
  28.6668596   32.47070773  36.02410515  29.7964105   27.43980897
  26.64780941  34.41101398  28.00678961  25.38696417  22.14006704
  28.44105355  29.78067148  21.27111532  25.33929223  24.76419383
  31.98051669  29.18878681  26.86327174  25.64535859  13.32817247
  30.40750755  30.14733974  21.53654995  31.35366199  29.8458103
  25.80219899  27.65968949  26.52278702  22.5176852   22.50357714
  22.89117415  31.40978937  21.40718841  30.40970443  26.11845974
  29.8165325   24.3083755   24.78467999  26.94619503  25.05701329
  30.12588072  27.11204211  33.2315303   33.68235175  22.24568518
  31.99394778  27.34092319  26.75787349  31.41029188  26.83360228
  24.54923301  30.31332239  31.03804899  26.4741418   21.89347665
  25.24230879  28.09873428  23.36592174  27.68040201  28.54197165]","[ 27.34687491  27.58939904  23.29189396  36.61811675  25.64411569
  21.50701446  32.22647989  26.9514015   28.13931361  34.19785261
  21.79679412  32.55959278  32.53514957  26.9762852   33.20189775
  34.63485382  21.1120836   29.52657729  27.77464838  26.34545734
  32.41008534  35.41261805  28.896861    29.46688934  32.71226435
  33.90929245  27.65316743  24.11650841  29.44474936  25.07327326
  26.99877016  23.47606542  24.49993945  27.5636312   30.18953244
  28.32910273  21.01097668  32.14986663  29.58421416  30.75352837
  24.88848673  33.87849435  28.23506081  29.86450377  27.5636312
  30.18953244  28.32910273  21.01097668  32.14986663  29.58421416
  30.75352837  24.88848673  33.87849435  28.23506081  29.86450377
  23.60323047  28.40735344  31.42123996  28.71336571  24.26447342
  25.07196827  32.81200625  29.78146911  25.67168848  27.43807361
  35.8046785   22.05203821  26.7414575   33.34255586  29.59203074
  36.30509222  34.91871836  21.95040811  38.96986527  27.20495159
  29.62404472  33.15896473  20.77326633  27.88601785  27.74674154
  24.08134106  23.33965283  27.42426599  28.8113331   32.29270645
  26.58087014  23.97074217  30.85901008  31.45820158  26.42603797
  23.60323047  28.40735344  31.42123996  28.71336571  24.26447342
  25.07196827  32.81200625  29.78146911  25.67168848  29.58072133]","[ 29.58432339  31.32544509  29.17807069  32.39844178  32.97204994
  32.54711603  29.29119615  35.84489648  29.68494362  37.95947075
  30.78724045  28.40903542  31.43204615  34.45362037  33.68388455
  31.94098254  28.40851459  32.01753924  33.17058196  34.60188579
  28.32577779  36.06392775  28.07882627  35.24831188  36.36486705
  30.54856534  33.61878342  28.17938138  26.48439046  36.12759125
  34.65557872  31.30301054  34.6748564   28.65881143  23.94675048
  30.22418455  33.08020237  30.15984828  30.1864049   34.21714809
  30.96239713  34.00258027  32.08526442  32.59722793  29.36726489
  31.00404198  37.13035661  34.97093821  26.06354183  30.65681153
  34.52161558  34.51883314  37.82046729  36.55839252  30.48734483
  40.78524217  34.39341126  29.78552508  31.95687172  33.06263879
  39.47494812  33.77176196  35.29596222  37.86002531  29.07695658
  29.76366897  33.49598717  31.00559027  34.07040166  30.12139556
  30.38826401  27.53661878  33.040012    33.97622339  43.02765712
  36.53949323  35.29596222  37.86002531  29.07695658  36.06392775
  28.07882627  35.24831188  36.36486705  30.54856534  33.61878342
  28.17938138  26.48439046  30.43352242  33.98738734  27.0112469
  29.02821905  29.75935543  29.98019064  22.83524234  36.37633745
  36.5951248   29.21401448  34.57301131  30.78724045  28.40903542]","[ 42.00572833  40.13481068  41.26315256  44.28798121  39.37451269
  36.24371478  35.22886757  33.14122984  35.10022253  45.19344332
  40.5131742   44.45786506  41.19141686  34.95463724  43.5312579
  42.47917618  49.53313074  37.51226722  32.76104158  39.72327977
  44.75160542  41.10445389  43.35733568  41.3806701   41.30481242
  42.82617411  42.97955807  24.86280872  35.08880169  38.02787323
  39.27826701  44.05652331  39.41748585  43.29426486  42.66950282
  44.17368806  37.12501325  39.19750518  43.11547512  35.80016013
  35.63657342  36.13063272  38.90571437  43.40010315  42.9586316
  37.94265603  29.89061424  40.00006903  39.37368597  40.27673777
  44.78507719  36.22176497  35.60319252  38.4740854   38.82344435
  42.08564109  35.74442329  35.63610816  34.88193715  42.39036131
  40.78684383  46.62659688  41.80706801  39.62541002  41.69226995
  44.93536833  38.53445069  40.35320333  34.73306872  35.30793834
  39.93042226  39.09997161  32.61016338  46.4516783   34.22240366
  37.21582761  36.88752609  44.20591909  38.68229249  40.30287073
  36.4059337   35.10361686  39.35757265  39.95503495  36.97222236
  43.39870808  40.94091034  46.4516783   34.22240366  37.21582761
  37.52813528  44.5623584   39.81028203  46.88707372  45.8114159
  43.29426486  42.66950282  44.17368806  46.62659688  41.80706801]"
"[  5.58321053   0.56821868   1.32876336   4.06945093  -0.32709115
   2.94910331   4.27159327   9.77519539   5.32305535   0.36161479
   5.07285036   4.33652819   5.60698933   0.07848862  -1.20040856
   6.8716553   -5.14556661   4.64217304   2.33594397   4.58939705
   4.70827113  11.16135947   0.07848862  -1.20040856   6.8716553
  -5.14556661   4.64217304   2.33594397   4.58939705   4.70827113
  11.16135947   3.48844444  -0.99750998   9.19506023   2.83477977
  -4.86177121   8.6043834   -1.84067455   2.7578583    4.99596453
  -1.08970995   1.50981548  -4.96257389   2.89442367   4.15498952
   5.58321053   0.56821868   1.32876336   4.06945093  -0.32709115
   2.94910331   4.27159327   9.77519539   5.32305535   0.36161479
   4.47087797   4.39831706  -1.89525212   0.5127254   -1.74564451
   3.80105273   0.32000628   9.4671149    0.63013604  -0.75398851
   7.87891652   9.77519539   5.32305535   0.36161479   5.07285036
  -1.89667149  -1.56732827   0.42395822   1.09868523  -0.25558215
   2.46522481   4.33652819   2.46522481   4.33652819   5.60698933
   0.07848862  -1.20040856   6.8716553   -5.14556661   4.64217304
   2.33594397   4.58939705   4.70827113   1.09868523  -0.25558215
   2.46522481   4.33652819   5.60698933   0.07848862  -1.20040856
   6.8716553   -5.14556661   4.64217304   2.33594397  -1.89525212]","[ 18.87424688  11.57231917  19.14263771  11.07759412  19.68322516
  15.62136692  19.75413927  17.81099912  18.93495654  14.48780038
  14.04561052  18.42190966  19.40328012  12.63775672  12.66106389
  18.87424688  11.57231917  19.14263771  11.07759412  19.68322516
  15.62136692  19.75413927  16.20943898  18.73937051  17.45843075
  13.74926351  17.50183565  18.42190966  19.40328012  12.63775672
  12.66106389  18.87424688  11.57231917  19.14263771  18.87424688
  11.57231917  19.14263771  11.07759412  19.68322516  15.62136692
  19.75413927  17.81099912  18.93495654  14.48780038  14.04561052
  17.45517366  14.92384453  19.73454633  16.86117785  16.81808922
  17.63959139  15.74015332  18.72997556  13.77848569  16.96567438
  16.20943898  19.73454633  16.86117785  16.81808922  17.63959139
  15.74015332  18.72997556  13.77848569  16.96567438  16.20943898
  18.73937051  17.45843075  19.05476696  13.21562238  18.27317612
  14.51609121  16.57689453  16.64156572  16.72544628  12.28951901
  21.09858111  12.42154117  16.26741011  18.46527366  14.83222356
  14.99320513  17.69932641  14.5892921   18.75185101  18.13435297
  21.4055327   12.78239818  18.95164565  13.94764995  13.38094194
  18.54664806  23.15710934  21.70665111  18.89479801  19.16427698
  22.5995567   16.1020178   15.21544461  12.42290023  22.09943588]","[ 39.74848976  41.7384971   43.27717304  43.95812685  44.22756247
  47.23183761  45.97243165  48.30314454  44.30030369  46.31182287
  44.88987115  45.83609167  43.88387235  49.20860621  45.95246963
  37.81885484  39.14079621  50.90424923  50.06471327  43.34840714
  43.18836305  45.05115832  48.642635    46.9252401   45.35502165
  47.29979174  41.0512882   50.00311204  47.58621963  43.46483691
  47.95285795  48.19252     45.73511707  41.08317747  39.80167456
  42.54744444  49.82889576  41.46231785  48.42897287  44.15176097
  48.84594729  42.87725189  41.03784179  48.1892505   47.35845751
  45.36435437  48.83998046  42.32378743  49.47472633  42.62488632
  41.48852289  44.49471179  40.68333229  48.57698354  43.59990007
  44.12711757  44.69980755  44.4424726   46.74671756  46.69288365
  44.06727051  45.07270326  40.3339136   47.17136787  41.58286029
  48.33953229  46.90691901  42.39282114  45.75422658  44.12711757
  44.69980755  44.4424726   46.74671756  46.69288365  44.06727051
  45.07270326  40.3339136   48.42897287  44.15176097  48.84594729
  42.87725189  41.03784179  48.1892505   46.30038322  42.8267878
  43.61676767  44.32105524  41.61649509  44.22756247  47.23183761
  45.97243165  48.30314454  44.30030369  46.31182287  44.88987115
  45.93130163  42.21588441  44.11363715  45.88354439  43.58564503]","[ 31.19683924  29.29711632  32.94267455  28.23460445  30.0802191
  31.67696094  28.05302664  28.86451222  29.02092118  30.32257386
  29.51898353  28.82415683  31.36979106  30.59778736  22.57794984
  29.76972715  28.77875957  34.03311569  28.75068617  19.89514859
  27.22252475  27.04133075  27.3523719   28.29349726  29.78382022
  34.03464746  28.98184577  25.0007809   31.37927416  27.23473625
  30.95408428  34.60247397  29.87387412  32.94178683  33.53840797
  30.98022494  31.37601215  28.22996741  29.38541944  32.01090499
  28.68620681  25.07632025  26.10174185  30.27953938  27.93737231
  33.35107977  31.63336058  32.90200252  26.94249548  29.23695148
  32.24021219  30.00274192  26.97417669  27.46891316  27.34256989
  27.55070379  30.6647926   31.96814987  26.67750962  26.81444305
  29.66751905  24.83224     29.84257846  27.57593277  30.88398684
  27.6102198   29.78382022  34.03464746  28.98184577  25.0007809
  31.37927416  27.23473625  30.95408428  34.60247397  29.87387412
  29.51752306  25.9618426   25.72229366  27.04064689  31.08879371
  25.11447942  34.24676704  27.02733245  23.81356824  31.73545614
  26.29175498  25.34869195  31.91013662  20.80457759  28.20735898
  31.77362132  26.06063194  29.84509108  32.47921045  27.76758831
  24.19083054  33.06727332  28.52551814  34.9582705   29.87387412]","[ 33.60418699  16.49936315  28.63578395  33.06416159  30.09583958
  27.70846246  15.68353099  33.80463138  34.17080648  32.33396217
  29.04259944  26.53988973  27.68678207  26.24120891  28.98256916
  35.63917849  20.79799438  26.81832782  28.90249722  28.3431669
  32.11423715  24.37082716  33.4478282   23.42219394  28.82798279
  29.87439126  31.60032779  32.58465999  26.86046298  27.26408679
  27.60608794  29.71278812  33.63532726  26.47145369  31.37273334
  32.91601008  31.99390727  27.40059089  25.36960052  31.14574537
  26.90776056  29.01332314  31.29096422  33.81391569  33.8115181
  30.69991212  24.42991177  28.94196078  22.44932567  11.11618953
  27.51092798  17.26458823  24.88307743  34.31995893  21.68532534
  32.02577159  18.47444123  31.97252845  33.60418699  16.49936315
  28.63578395  33.06416159  30.09583958  27.70846246  15.68353099
  29.71278812  33.63532726  30.1200308   29.91898912  33.23458471
  32.83973371  23.62725155  25.8083518   29.1004563   31.62457373
  25.25435009  26.49215511  33.73301287  30.05156671  29.58804723
  22.53263973  33.81391569  33.8115181   30.69991212  24.42991177
  28.94196078  22.44932567  29.04259944  26.53988973  25.63143696
  36.22603634  33.95059911  24.85246255  29.41729458  28.19486195
  30.37273841  27.68678207  26.24120891  30.88746979  27.02351753]","[ 27.14908398  36.43465851  34.65386494  33.47389403  34.75300293
  33.72569084  33.46434943  38.49733155  36.45507897  38.56873691
  36.78537558  33.08344101  39.38283424  42.30656279  33.2067976
  36.11561504  32.77301211  40.61958221  38.39240724  33.437937
  38.62245651  37.95593199  38.62245651  37.95593199  44.69391259
  35.23596666  37.25422775  29.29188855  35.21389687  39.8154168
  34.23864502  37.44389948  33.98010232  33.45274009  36.14540435
  42.69104051  28.07679352  35.46833579  39.08409191  31.66637335
  32.65287005  38.31023255  33.02591446  40.34631271  35.23596666
  37.25422775  29.29188855  35.21389687  39.8154168   34.23864502
  37.44389948  33.98010232  40.53984805  28.7575496   35.82835563
  35.39321703  38.76706439  36.39703137  33.87280543  37.10271145
  31.57634599  39.33565528  33.14825163  41.83564467  33.61942728
  35.13359405  29.70589149  35.33563005  38.09987285  29.9577067
  36.83229415  24.67057003  41.49167925  33.72951854  37.18178572
  35.65955561  40.50024107  33.2067976   36.11561504  32.77301211
  40.61958221  38.39240724  33.437937    38.62245651  37.95593199
  44.69391259  35.23596666  33.02591446  40.34631271  37.70029822
  37.85657566  36.92982526  41.42459065  36.70303895  30.434084
  41.85285471  35.75881013  36.49549304  36.38929479  36.16778634]","[ 31.27759624  30.95311866  27.61369262  25.48563287  26.77850338
  27.4472141   26.94179678  27.48928191  29.87963785  27.24808583
  28.34535176  27.66868968  29.96578379  30.56819802  26.19115084
  33.41069971  27.64549007  28.81190798  26.31190449  25.67115457
  30.20897576  27.51838699  33.51102677  32.99100545  28.03359365
  26.27380652  29.2628772   24.62537374  21.7755803   25.95203559
  29.15515099  28.34535176  32.25431289  28.70015086  23.02409933
  27.71512729  29.54411223  23.22011156  30.52825211  25.18839429
  31.02084919  27.59448508  23.89371859  24.47757931  30.16090447
  22.78168807  26.57100343  27.77041619  27.15063345  24.99541972
  27.27689761  20.39919517  33.43144012  31.04666273  27.92905465
  27.62967916  25.35383778  31.32482701  28.17258048  26.14452802
  21.93196468  31.27515298  29.23133253  22.33615623  25.64216629
  22.96378293  29.45718863  28.84708459  26.82403196  26.30024647
  32.00963003  30.64539451  33.7186998   29.15334444  28.97984589
  30.946303    24.79191468  30.07199941  31.17741902  26.72029115
  16.22781079  24.14025429  27.59820914  25.06973309  27.36069841
  19.77728091  25.29797957  28.2457008   27.72852858  30.09197844
  30.32626569  27.72624964  23.88225378  27.8537605   28.33045542
  22.54143693  26.54219501  29.77215796  24.54205897  24.47757931]","[ 30.18054095  34.1619877   33.37730336  30.66307469  29.39301813
  34.05293241  32.78099572  34.65006844  31.99613687  36.22555094
  36.52163193  33.09060387  32.06029969  32.34349459  33.29238966
  28.81646164  30.51323211  32.37968458  37.1505206   28.29800022
  23.86069533  35.12506559  31.53582767  30.35811549  30.24144149
  28.75437514  29.27768119  34.40152647  33.04463715  26.89650953
  26.01220699  25.26473113  32.22679359  28.75437514  29.27768119
  34.40152647  33.04463715  26.89650953  26.01220699  25.26473113
  32.22679359  31.96706128  30.56418493  33.53627784  36.95247251
  29.35453465  32.20147344  33.41287449  26.01317861  32.01970022
  26.60574237  32.48834107  36.47639044  31.38764856  25.82287898
  23.60196712  33.51581159  30.61736026  29.94449165  31.46319239
  28.19690125  32.0896732   26.47936689  27.92079391  33.57683337
  32.84789162  29.30949468  33.98867507  31.56593754  32.3011427
  25.63520444  34.50117124  37.65818652  29.93805368  22.62008049
  27.97922704  29.35453465  32.20147344  33.41287449  26.01317861
  32.01970022  26.60574237  32.48834107  36.47639044  31.38764856
  25.82287898  29.90491028  34.40152647  33.04463715  26.89650953
  26.01220699  25.26473113  32.22679359  31.96706128  30.56418493
  33.53627784  24.44096514  34.74087628  32.93355985  25.55475244]","[ 27.62780006  27.47194305  27.99826207  33.51706402  28.98239903
  30.00109198  30.83990643  25.67390123  31.83110697  32.30192698
  29.56947686  23.83668264  25.19371227  33.69502742  34.13263635
  33.81783672  36.374671    40.94125488  24.54495087  26.3799538
  30.49380726  34.22340992  31.27907054  33.51083257  27.52038387
  32.37771422  37.62933692  34.48253999  36.69944417  29.02734355
  38.09347627  35.91609866  34.13092335  34.14037202  27.97624692
  36.25379011  30.88028751  32.6609831   32.07103393  35.60015837
  26.93997802  30.49496266  31.87034281  33.42860091  27.7504558
  34.42419127  26.71494599  38.91398714  31.18600359  35.75113824
  38.12381285  31.21912471  35.07170876  35.80181201  30.67850924
  29.77055092  32.31543005  31.51819388  39.90224468  36.27244703
  26.43355165  25.8950961   27.11745026  37.9715549   29.01701135
  28.64604373  28.51974068  33.6370417   30.86296437  29.73116913
  31.40483237  41.3893822   31.68283668  28.49030547  36.19787373
  34.10294562  32.50958173  34.84283834  29.88808763  30.15461203
  32.44771373  40.70620464  34.96046019  36.57686904  38.76276571
  29.20620222  35.4561021   28.51974068  33.6370417   30.86296437
  29.73116913  31.40483237  41.3893822   31.68283668  28.49030547
  36.19787373  34.10294562  32.50958173  26.3799538   30.49380726]","[ 39.4207753   38.23513717  42.86537352  41.43239224  36.69404117
  44.45982042  45.77229553  41.07199709  41.83130221  45.85094964
  30.83738157  35.3432097   40.10739984  36.87524531  41.29897849
  31.66143333  38.20081363  42.35589739  35.02016428  30.47578433
  36.91261474  35.41565255  36.91261474  35.41565255  40.76815721
  40.7367009   32.77520907  37.85223703  40.6650091   28.56233461
  37.59798236  42.69020498  39.18101796  35.84183222  34.9861692
  42.7456489   38.75461906  21.58025698  41.13861449  37.12345695
  44.54260896  45.38344498  38.23628731  36.8782636   32.97060124
  32.59503731  42.06585313  34.55576897  36.690828    36.93652158
  36.13566997  39.85243312  42.58743512  29.11288168  38.66002117
  35.73714674  41.80802745  41.59250891  33.98582139  28.45241461
  26.28733766  44.48347028  35.93969272  35.75183512  42.83107942
  31.8301608   41.03868739  37.38549548  36.42147037  39.91001494
  42.52108571  39.06330982  41.89700843  37.18867728  35.5643864
  28.56233461  37.59798236  42.69020498  39.18101796  40.25826733
  37.66078841  44.83525825  38.90562745  32.89043616  36.70903673
  38.54746814  42.76273238  38.00536459  35.44014339  35.46913522
  38.87214887  41.29509814  33.68468974  33.03567552  39.4207753
  38.23513717  42.86537352  31.24246912  28.67275863  39.7688095 ]"
"[ -1.58882436   9.16968873   4.36857814   4.2189084   10.70184534
  -1.04886069   9.95501611   2.69902065   4.57330327   1.75387138
   2.19276574   0.35199994   4.94520389  -0.08678244  -6.51430679
   1.41545159  -0.19136351   3.66700823  -3.32588955  -3.64762043
  -0.04906462  -2.85334298  -0.04906462  -2.85334298  -1.04572576
   4.85126207   2.66597249   2.44961641   1.12306828   3.06242069
  -1.58882436   9.16968873   4.36857814   4.2189084   10.70184534
  -1.04886069   9.95501611   2.69902065   4.57330327   1.75387138
   2.19276574   1.79067099  -0.60434248  -2.01242696   3.06242069
  -1.58882436   9.16968873   4.36857814   4.2189084   10.70184534
  -1.04886069   9.95501611   2.69902065   4.57330327   1.75387138
   9.16968873   4.36857814   4.2189084   10.70184534  -1.04886069
   9.95501611   2.69902065   4.57330327   1.75387138   2.19276574
  -6.51430679   1.41545159  -0.19136351   3.66700823  -3.32588955
  -3.64762043  -0.04906462  -2.85334298  -1.04572576   4.85126207
   2.26426774   3.99776102   5.28367971  -0.14263318  -0.55984786
   6.40583477   9.13078721   5.54753576   2.7905141    4.7780519
   4.5107181    5.28367971  -0.14263318  -0.55984786   6.40583477
   9.13078721   5.54753576   2.7905141    4.7780519    4.5107181
   1.08027997   3.61633396  -0.67200218  -0.78052462   1.33397886]","[ 18.77378267  15.15385341  16.70861892  20.96502639  18.71136977
  15.31016065  12.65806395  17.47167007  21.36939948  19.5856404
  14.62780015  14.60702045  10.9530565   15.55097149  10.51931356
  21.19527514  16.32836933  13.06277365  19.44346328  13.82208839
  20.26928514  15.97903866  17.14294439  17.81548188  12.37897004
  20.25440149  11.33891691  16.02022006  12.5024649   19.04493167
  15.89143977  17.3826168   11.07615837  15.61389171  18.15955618
  12.76156924  19.62818396  16.43802979  21.77837295  16.62186844
  14.35555484  16.42355801  17.71799144  15.89143977  17.43554932
  12.68798745  14.79477015  16.95553134  17.21386289  17.74761934
  15.65628625  17.3826168   11.07615837  15.61389171  16.67767674
  14.50512143  15.97903866  17.14294439  17.81548188  12.37897004
  20.25440149  11.33891691  16.02022006  12.5024649   19.04493167
  17.3826168   11.07615837  15.61389171  18.15955618  12.76156924
  19.62818396  16.43802979  21.77837295  16.62186844  14.35555484
  16.42355801  17.71799144  15.80905366  18.49728752  16.04571707
  17.45973369  19.26572629  17.02316513  17.01035593  13.32355138
  15.16111401  15.367295    19.96579307  16.95553134  17.21386289
  17.74761934  15.65628625  17.3826168   11.07615837  15.61389171
  18.15955618  12.76156924  19.62818396  16.43802979   9.23396914]","[ 42.61474085  48.45335039  41.84413024  47.83211078  41.44543137
  49.02981844  41.72649538  35.62875647  45.82146936  46.62181059
  42.24195536  47.83211078  41.44543137  49.02981844  41.72649538
  35.62875647  45.82146936  46.62181059  42.24195536  42.43498907
  44.31387644  39.01271447  42.86553326  48.84231348  49.4484761
  47.07483528  40.53206417  47.19107388  39.62766136  36.36465391
  46.6183724   47.70051476  45.60676157  40.12533773  40.75214167
  45.52714362  42.86553326  48.84231348  49.4484761   47.07483528
  40.53206417  47.19107388  39.62766136  36.36465391  40.10101442
  47.90209164  43.97059381  53.24388536  41.58613631  49.744426
  45.31058713  41.45494923  45.20524582  40.91630907  49.71257567
  42.63071175  38.74111107  47.34730367  44.30328728  44.21404027
  43.75877658  42.91915662  45.44381359  43.56668629  44.42024451
  44.98492156  43.63110451  37.19827225  45.3719016   44.77460325
  44.93503861  48.13070742  46.86781123  35.04313818  48.0933811
  46.42366025  45.73339637  44.75420998  43.73796935  44.80611028
  42.02607108  46.15074964  45.2623689   43.43161454  40.9299469
  41.68837551  48.13791595  44.52454897  41.1778832   38.93310476
  45.49864622  42.92933236  44.81468071  42.63071175  38.74111107
  47.34730367  44.30328728  44.21404027  43.75877658  47.48649323]","[ 32.55193988  34.4947602   33.73360756  33.9575399   32.15776107
  29.4171317   33.35341425  30.45514746  31.3841002   29.23725329
  29.23094318  28.0015952   37.47716735  31.99297004  31.25432824
  29.72054165  26.05859479  32.12280655  31.91547861  34.24376395
  31.40778407  30.85346198  27.29334453  25.81949053  28.56207225
  27.16946326  35.58731559  27.55637825  25.36035879  33.04174222
  32.12801857  30.13845929  26.56915002  33.38628278  32.49254874
  30.51664756  27.49770352  31.78392389  32.52780072  31.35959967
  36.61724852  30.94559212  30.72476841  29.61060618  26.30740089
  33.96397312  31.50484251  32.1167136   30.83507147  35.70231829
  29.11000838  30.1524292   30.61117924  28.60623075  31.61056983
  28.6494853   30.01977979  33.3801272   35.49031499  32.73141251
  26.20729598  31.39031563  29.78961446  32.07607352  30.15534043
  31.21146273  29.70681065  35.14460311  27.15670796  27.93417856
  29.39069201  28.31313861  33.30553502  32.86800491  33.69563926
  28.37566525  31.57757998  35.44711575  31.86754387  30.80118729
  28.6848198   32.5093665   30.72301123  30.6856289   28.70229416  26.62421
  26.64774012  25.36035879  33.04174222  32.12801857  30.13845929
  30.22469548  36.81668903  30.47147758  35.70242111  28.88112292
  32.55193988  34.4947602   26.3523083   29.93285283]","[ 34.7850736   32.53998808  18.16629467  24.32785656  33.07112847
  29.41797959  26.96427149  26.13824891  28.05824628  21.20532765
  29.1830084   27.03021183  29.23400069  36.65827737  28.50855424
  25.22382881  25.58335862  34.88538646  24.82907919  11.81259797
  29.96665107  34.75908752  39.01409339  37.47610027  20.76845136
  35.27535311  32.91776506  37.27940265  29.41416985  28.23181827
  16.62087367  34.03891995  30.11624659  36.47779069  27.14373886
  28.92627057  28.78608153  37.25498266  31.52062976  32.09341119
  19.53517268  26.17659609  27.03021183  29.23400069  11.81259797
  29.96665107  34.75908752  25.84926836  30.38814648  23.74513896
  34.75956063  29.89267809  33.16129806  28.85361029  29.31246805
  29.65687855  39.49236497  33.32450839  32.24587229  36.47779069
  27.14373886  28.92627057  28.78608153  37.25498266  31.52062976
  31.92001815  31.07111043  25.64146134  33.13243635  27.23762677
  38.21440116  26.39553728  25.73866224  35.48936874  38.74455053
  26.27098264  29.49423033  26.89638253  26.46996401  30.86343063
  26.73101344  21.80011325  25.70852649  23.98938297  28.73212575
  31.92001815  31.07111043  37.27940265  29.41416985  28.23181827
  16.62087367  34.03891995  30.11624659  27.61059521  35.86323022
  38.14604471  23.8280509   27.409717    32.06057672  34.3214736 ]","[ 34.63667215  41.96709877  30.83928766  37.21842874  38.56213154
  42.54138831  36.82158763  32.053498    34.72672339  37.83720896
  31.40874424  45.16225222  43.32156986  46.72577536  38.18141309
  36.089963    40.46074361  34.19377926  33.67931825  36.10752606
  44.83505429  39.55469315  31.78133287  46.05491012  31.42768627
  48.58670782  40.09109366  37.38172807  38.47761496  42.61485299
  40.93938052  37.29400899  30.01767542  29.58208043  44.9238246
  42.52189437  40.8953129   36.4496915   34.99605209  37.19709122
  37.15485517  33.64467044  38.60550807  37.63477958  42.54670236
  35.94163154  39.41737599  38.89256576  38.21239227  37.14976121
  31.74037831  38.29088653  32.9247948   36.70884217  36.87050599
  38.34420624  30.01767542  29.58208043  44.9238246   42.52189437
  40.8953129   36.4496915   34.99605209  37.19709122  37.15485517
  33.64467044  33.45059161  38.72807806  34.62897506  39.17723521
  37.03737982  35.91712511  40.15233584  37.14486823  37.34592561
  32.04020851  42.09058484  39.01060022  39.11080788  23.48910691
  41.03308586  37.66177812  43.04960762  44.42675004  44.21425082
  31.5623512   33.45059161  38.72807806  37.15485517  33.64467044
  38.60550807  31.40874424  45.16225222  43.32156986  46.72577536
  38.18141309  36.089963    40.46074361  34.19377926  34.53864987]","[ 28.98806742  27.16489196  26.83105383  21.86164495  21.7806719
  26.87504727  23.3762182   27.97247834  24.76649886  24.25550569
  26.14867826  30.76969211  27.96907591  26.27260783  26.09674467
  27.35353275  27.19804088  26.02988791  24.71791973  26.47518272
  27.52199669  19.94738866  20.63380535  26.0469048   27.71452948
  26.30272511  26.79147303  25.6274275   30.38550793  21.11091647
  33.37843331  33.41461705  32.18506538  25.79636319  29.33404396
  17.84682253  28.94964949  33.9145802   29.2230144   26.69215944
  24.96667067  26.48840444  25.93463444  18.05636202  24.35016212
  30.76969211  27.96907591  26.27260783  26.09674467  27.35353275
  27.19804088  26.02988791  24.71791973  26.47518272  27.52199669
  31.58273401  26.42456725  20.33400518  26.22072657  27.957911
  25.45636478  28.21523333  22.70592253  23.00009798  27.95744134
  21.92059684  22.86700172  34.64673523  31.55733707  23.91213455
  31.74708206  25.0199623   29.69312956  27.44716561  31.73137812
  34.93234068  30.2716666   19.71227014  34.13485623  31.27513074
  27.57127442  28.36768034  32.75754015  30.051733    28.16923902
  23.91898129  27.10897736  20.24070955  26.91778976  27.48698378
  26.73321943  25.88195148  21.24933112  28.08038121  23.07598776
  26.03102157  21.84397033  29.59294014  33.25926793  25.69446561]","[ 41.1094597   38.45876485  32.6745511   40.65639982  35.74916179
  40.94112719  34.94179267  32.5970065   32.89879461  36.01575391
  35.42824193  35.13123035  35.81158565  35.27855936  29.91817535
  25.03989279  36.64682885  31.19115471  34.27199581  38.63846245
  33.88016787  35.86819363  36.91993611  36.01868097  35.03291891
  37.96407497  28.72277274  33.51256447  36.35690029  37.932857    40.6437681
  30.75392297  33.51439958  29.91817535  25.03989279  36.64682885
  31.19115471  34.27199581  38.63846245  33.88016787  35.86819363
  37.7376699   32.17094741  28.64209476  41.42246755  30.93988567
  35.10690478  31.15799074  31.98562461  37.39624704  36.30150566
  29.14165125  34.46644798  39.56305215  35.5697917   34.73555503
  29.31131113  34.9691497   36.10623807  37.2372397   32.58136458
  37.25907087  42.99260322  37.34396951  36.88038525  32.7117321
  36.76944315  33.02169686  39.55563437  29.56676391  35.60638001
  36.05463134  37.67142876  40.65595385  38.24395258  39.92122987
  35.23697443  34.62717816  37.80961025  36.61252322  35.13123035
  35.81158565  35.27855936  29.91817535  25.03989279  36.64682885
  31.19115471  29.0557299   36.76944315  33.02169686  39.55563437
  29.56676391  35.60638001  36.05463134  37.67142876  40.65595385
  38.24395258  39.92122987  30.92851513  32.38922574]","[ 40.73169547  38.73108773  36.77431121  33.90484565  44.2288814
  33.22443077  29.67233774  37.95996961  39.51132934  33.11470681
  38.96576518  34.26058742  41.58631405  38.79443036  44.56537446
  37.54892585  41.23573161  33.42938251  35.20729905  34.4766776
  36.01397152  42.65598609  37.07503923  38.94932686  43.34582536
  33.17845483  40.39348224  39.36153588  32.80914733  38.37454345
  35.08441083  38.76170967  39.18590121  41.55255277  35.05064159
  38.95545526  34.59565401  34.70362298  33.99562022  41.60771285
  34.83188029  31.00949346  44.36726073  34.39903768  35.28223847
  42.91864843  32.89573927  27.39814231  30.77846666  29.78207826
  33.02043609  41.59633133  41.47638287  38.70671772  34.59565401
  34.70362298  33.99562022  41.60771285  34.83188029  31.00949346
  44.36726073  37.68234778  36.80988017  32.49805501  32.36338722
  37.40560819  44.02080132  27.79475719  39.10134236  37.19721975
  34.34956968  46.31795888  32.3686625   36.48965687  39.79509135
  35.84748375  38.70885546  33.14838804  35.30263549  32.93947427
  42.82328479  41.76692622  39.18590121  41.55255277  35.05064159
  38.95545526  35.39786858  35.55125704  39.51535119  32.92328808
  29.4446551   30.79435539  43.29529189  34.61101589  40.57325076
  33.34309085  43.87065103  41.58631405  38.79443036  44.56537446]","[ 33.96210167  37.8633059   38.10254279  36.26962509  38.07300574
  27.95123573  37.60388359  34.23887165  35.52872413  40.93642514
  41.09130854  39.34156448  26.11411419  35.16721476  37.37062853
  34.40758166  31.39274172  35.98330852  43.34438552  40.95264201
  35.52131796  38.21740838  44.52184153  38.72167252  35.25867795
  30.27577918  33.95177032  32.76509748  27.25817668  37.85883247
  36.42415103  34.52185611  42.70038635  34.58440818  28.07531912
  35.63883782  35.89810546  32.40980381  33.96210167  37.8633059
  38.10254279  36.26962509  38.07300574  31.38104053  35.26436377
  38.11144803  33.74260058  40.27801391  38.18471287  37.997392
  36.28979029  36.43163531  37.24486286  35.58120545  37.17743982
  30.83676485  35.46608505  26.59803098  39.55646758  42.71892369
  35.13910364  44.76240432  42.61847638  45.30003653  33.10291214
  40.84936693  35.93143077  34.21386639  39.56042801  47.20118861
  33.31346104  36.52701048  31.52047254  35.42116718  34.20269725
  33.97865706  42.36177161  36.61516898  32.35921163  40.46914275
  34.83260121  36.58574763  32.44432592  41.67706138  37.42249235
  37.86177098  33.70512839  29.93927618  39.4948512   38.09291639
  33.42173142  33.17872051  41.74033716  44.69883877  40.1920038
  34.74870626  42.70038635  34.58440818  35.42116718  34.20269725]"
"[ 4.442025    0.47889412  0.25107708  2.70631066  0.66605378  2.60431991
  6.12999738  2.08043762  2.57575494  1.05548768  5.06607137  1.07003926
  4.54798011 -2.45251074  3.66219846  1.14052223  6.16887665  0.74614527
 -0.36173571  3.12478366  1.69411351  2.74017444  5.97943321  0.36770164
  2.63432378  6.50648952  0.93227922  3.49117664  1.37298927  3.41875314
  5.55925404 -1.03977493  1.14052223  6.16887665  0.74614527 -0.36173571
  3.12478366  1.69411351  3.48308266  2.74017444  5.97943321  0.36770164
  2.63432378  1.12606256  4.78414161 -1.00265798  5.06607137  1.07003926
  4.54798011 -2.45251074  3.66219846  1.14052223  6.16887665  0.74614527
  5.97943321  0.36770164  2.63432378  6.50648952  0.93227922  3.49117664
  1.37298927  3.41875314  5.55925404 -1.03977493  0.21617557  0.93227922
  3.49117664  1.37298927  3.41875314  5.55925404 -1.03977493  0.21617557
  2.70934447  1.69080264  3.19272015  0.31267995  0.60009261  3.3332144
  1.78126895  1.14419232  2.92404937  4.18141051 -1.33233821  7.05660892
  4.16370547 -0.76277048  5.81274612  5.97943321  0.36770164  2.63432378
  6.50648952  0.93227922  3.49117664  1.37298927  3.41875314  5.55925404
 -1.03977493  0.21617557  1.14419232  2.92404937]","[ 18.56448754  19.86955203  17.85759353  17.02980075  17.41479473
  19.08601605  15.05979427  13.88824392  21.73269435  10.52398222
  20.72112364  19.87234701  14.75615485  21.07900722  15.81904398
  15.82830681  16.78990474  15.90054799  12.80558982  18.87349956
  19.37356594  17.64802978  14.16797048  18.33512841   8.8029655
  16.62676841  13.60237953  18.34179996  15.6273436   15.03897722
  15.42260762  15.96596344  17.37221394  15.82830681  16.78990474
  15.90054799  12.80558982  18.87349956  19.37356594  17.09268275
  18.20496384  16.71465619  15.09160965  12.48975957  15.82830681
  16.78990474  15.90054799  12.80558982  18.87349956  19.37356594
  17.09268275  18.20496384  16.71465619  15.09160965  12.48975957
  17.88407235  13.28264595  15.01089175  20.58323975  15.26745421
  20.72112364  19.87234701  14.75615485  21.07900722  15.81904398
  15.82830681  16.78990474  15.08840229  14.48310634  21.71492586
  21.16900352  24.82690919  19.62634256  18.34479156  18.27570026
  11.38424301  14.19410319  14.70331607  17.26557526  15.98184223
  18.69457081  13.88251161  18.12580122  19.14297627  13.91861418
  17.75545794  16.41202098  18.67629288  13.58470819  16.85968095
  19.02577143  12.1930551   14.55987573  17.70442976  15.15283241
  22.87715578  17.56099057  21.10255984  13.58470819  16.85968095]","[ 40.87169665  36.66543865  48.65323345  41.7009042   48.23509828
  47.27233276  44.48480485  45.69805748  39.96853096  38.84028348
  39.27937562  43.42079386  48.00131353  45.34072222  46.6532614
  40.19164177  37.24541041  45.43155203  43.00633806  49.09188332
  42.47958363  45.74937314  49.14626981  37.03716139  44.4645666
  46.86192744  44.40852439  45.38963224  45.83469058  47.42241926
  40.86024504  44.76398715  44.00611253  40.06649617  47.32200208
  44.71276141  47.74248476  45.54847203  47.41067103  42.68126295
  47.47146098  40.00919215  44.98158994  41.27246356  42.6500947
  45.88274907  43.60354776  37.46683567  45.22011366  41.36896193
  42.63785992  42.98840445  41.03399226  42.81867841  44.4079068
  41.56665992  45.11903376  46.28167488  42.61126913  43.24443249
  43.63246541  39.83648612  45.55998217  44.17170829  40.40047232
  38.02801729  42.55318447  45.75004517  41.27246356  42.6500947
  45.88274907  43.60354776  37.46683567  45.22011366  41.36896193
  42.63785992  43.24443249  43.63246541  39.83648612  45.55998217
  44.17170829  40.40047232  45.48115832  37.11759932  43.13600553
  44.76467027  44.71114508  41.54243575  46.95847161  46.94522146
  44.5085546   45.6060544   39.96239687  45.16519685  46.20713867
  47.3066466   34.09641469  46.79361506  45.99082649  42.89676147]","[ 31.74923526  29.3597034   29.99670436  27.02735442  28.12340404
  26.88911254  25.31525519  29.29462006  25.60290175  32.31744152
  31.11338551  27.95765974  34.15911059  28.13602153  26.98327008
  30.51582372  30.21016386  30.81845191  28.81421173  26.80678165
  27.8694613   23.78962306  30.58368091  33.6635691   25.39706716
  30.20345515  30.46867748  22.66924586  35.32104237  31.5104857
  34.2361645   27.95765974  34.15911059  30.30861622  27.55765026
  32.37717128  28.1309713   32.82684014  31.52081951  29.99449795
  35.06073321  32.21648363  27.06552887  34.72719658  34.81289136
  29.91998693  34.89371541  28.64824513  29.24791436  34.75622428
  29.94753001  30.06159914  29.94743337  26.48393202  28.55315653
  26.63443785  32.82511622  30.02188567  34.83265297  29.61286807
  23.10285814  32.14263457  24.40583407  31.3043251   31.46836511
  31.24072121  29.58879731  27.48478956  29.06520912  32.85286429
  31.34797469  31.36363529  30.58368091  33.6635691   25.39706716
  30.20345515  30.46867748  32.9022645   31.95875129  31.04696339
  30.60490904  28.76801846  32.28919723  34.073748    33.83432875
  33.23102558  23.24283677  38.41633366  30.03679515  27.69559194
  30.09157117  26.34514624  27.52126583  31.90704909  31.43138387
  29.32749523  30.69352038  32.64723102  32.47840422  29.93996448]","[ 29.69439645  37.35614508  30.06148183  29.86457767  31.1654705
  28.60615196  31.43736509  30.61703223  31.02365257  34.52012802
  29.22605034  27.8134713   23.50704404  30.34883689  32.59372311
  25.89560008  19.51809292  28.1053085   32.48553016  34.29862536
  28.58444164  35.66672276  33.28114276  23.36339734  30.05870075
  32.4356145   26.10650517  24.94331585  32.60955377  15.38272376
  31.73519717  30.68045767  28.58444164  28.21354588  25.34299874
  -3.61650679  27.12557981  16.66275372  30.31205797  35.66672276
  33.28114276  23.36339734  30.05870075  19.12771504  35.05376825
  24.90438585  20.56401351  30.23398601  34.28619261  27.18627965
  25.69813794  29.69439645  37.35614508  30.06148183  19.61702388
  32.4032744   38.60485251  33.83066096  33.84928381  29.4928449
  19.61025172  34.73452562  31.32747608  32.76004403  32.43074574
  36.46939557  29.33774531  13.11468682  25.35178758  13.04666916
  29.22605034  27.8134713   23.50704404  30.34883689  32.59372311
  25.89560008  29.4928449   19.61025172  34.73452562  31.32747608
  32.76004403  32.43074574   7.38419834  28.73838072  21.44424098
  28.95501462  28.00371058  27.26626804  32.11246945  35.99362859
  32.1418952   35.37926438  32.13015715  15.54580875  31.03631519
  36.13151493  34.87902286  19.59049917   8.07187374  34.10314147]","[ 38.05175399  38.40748707  46.30241515  40.92297038  35.12822539
  42.6375546   36.62896331  36.57742235  41.36007938  37.03320001
  41.20098656  41.1293567   39.30136995  38.42599503  43.29574606
  42.0329112   36.65982541  45.33024015  34.081667    40.56761398
  39.92628112  39.98029465  33.50782488  32.13726644  33.36686479
  40.97107069  35.95004242  40.90696321  43.96313097  41.1293567
  39.30136995  38.42599503  43.29574606  33.10301941  39.57035364
  42.60348085  28.44794947  34.74785933  36.94483498  43.35905821
  41.29584817  35.82053798  32.60888446  42.0329112   36.65982541
  45.33024015  34.081667    40.56761398  39.92628112  39.98029465
  38.98045984  43.33138518  40.35735429  29.81139789  40.13914628
  30.26082996  43.35840622  41.8281188   44.77643065  40.61020747
  38.80097541  41.55399658  37.07022311  29.17928085  42.71953275
  36.01475288  31.91469001  38.30141472  38.18438383  37.89537188
  37.68170567  34.90251423  34.50561014  40.01334334  32.37302222
  40.13914628  37.62941348  36.32121787  39.71267236  38.68730144
  32.48794275  42.79169715  32.81033645  35.58363892  32.87135772
  36.09691122  44.94411083  41.11577719  33.50782488  32.13726644
  33.36686479  40.97107069  35.95004242  40.90696321  43.96313097
  41.1293567   39.30136995  38.42599503  32.08201869  37.43464194]","[ 21.25470543  21.04038241  25.2766833   26.45806131  29.09015591
  28.0462944   22.66538639  25.28905558  27.7831811   15.94367329
  27.64000136  24.79550291  22.1771769   23.82862338  24.25841424
  25.71386731  24.57243649  22.00489125  22.30824445  24.16425884
  18.47852863  19.9528613   26.13110655  24.92829178  26.30505893
  20.18139257  22.49606765  28.11153726  24.27851856  28.90791435
  22.73439912  26.61922189  22.97567767  32.12772724  29.34590217
  21.82343612  23.45138188  17.93903288  22.79338755  24.44690794
  23.14126139  20.156786    22.5947925   25.22499378  23.65172341
  28.09628182  18.90982841  30.41451799  26.04422813  31.89255196
  24.27057369  28.23037599  25.91358677  27.64000136  17.70980158
  25.39688579  23.38233869  24.3677641   25.58227524  22.15224796
  25.87728812  19.36074633  24.95539002  20.36793928  27.73499529
  28.95437004  25.71938101  26.00939352  23.32745756  24.63978464
  26.25842339  30.55944774  28.43537241  28.86280613  30.78527679
  19.84962184  24.11020523  28.68251901  28.16190317  24.09895461
  18.01466235  26.28101411  25.57871485  25.27809946  23.16566781
  23.20706862  22.0744183   22.58164326  20.49539931  22.97567767
  32.12772724  29.34590217  21.82343612  23.45138188  17.93903288
  22.79338755  24.44690794  23.14126139  24.52170943  24.17183273]","[ 41.96333444  38.85632619  39.28546327  34.91980139  29.96375747
  44.30523229  33.54049124  36.79414573  42.72015111  47.3560802
  33.05859771  33.64170999  40.28408865  38.25145569  35.71570874
  36.56817625  37.88964051  40.61591027  39.0559784   34.21967543
  37.35700705  36.54486769  36.75713415  36.67563005  36.94353264
  37.47994156  28.34790283  32.9758601   37.04759575  39.93592059
  37.31013876  37.14531275  34.54904274  32.71883191  29.96375747
  44.30523229  33.54049124  36.79414573  42.72015111  47.3560802
  33.05859771  39.27767827  33.47601395  40.31570883  42.08196206
  42.80158138  42.83154507  40.23565778  35.70680942  43.69719425
  34.31433349  42.33214903  32.26486066  35.01302552  36.94353264
  37.47994156  28.34790283  32.9758601   37.04759575  39.93592059
  37.31013876  37.14531275  34.54904274  32.71883191  40.17791755
  38.10026941  34.63026181  38.86538651  36.07222841  37.66681403
  33.54266213  43.85030566  33.29649364  34.61742091  35.22695975
  41.05783992  34.40886595  36.69368685  41.50305241  35.05096048
  37.40001913  35.91576136  43.91203734  37.22916926  37.98081734
  45.155762    31.86892467  36.79414573  42.72015111  47.3560802
  33.05859771  39.27767827  33.47601395  40.31570883  41.184823
  39.45905294  42.69103139  37.65070581  31.75226811  35.38419453]","[ 45.87443385  42.72917497  34.64310863  40.30493432  40.36896821
  36.15825652  35.09917315  38.46381912  41.64329207  45.9231752
  46.71357957  28.93959868  37.38857915  35.93137464  47.68822539
  45.73092995  37.75269961  46.66692123  40.32549463  41.84933038
  33.15275279  38.91521599  39.04995365  37.73266838  39.54104352
  41.05353327  45.78895165  34.32861165  45.03093284  42.52646261
  40.71855234  34.83239379  40.51682682  37.33068469  38.39513315
  40.55967124  41.07861265  47.71197007  36.77654068  34.70163379
  31.40917385  31.34808839  34.10029144  45.92129453  39.93973529
  43.84421419  36.0660392   37.84296542  47.470556    37.20949862
  40.48992283  40.30611746  41.868061    37.65846311  40.36896821
  36.15825652  35.09917315  38.46381912  41.64329207  45.9231752
  46.71357957  38.63554115  40.95443432  36.49402517  40.43598912
  33.6791937   49.58657516  39.93078025  40.80020791  35.91950008
  37.77255157  36.11037479  32.58073169  42.61233007  36.61211011
  44.29836356  41.02352501  44.11966979  30.75530789  37.33068469
  38.39513315  40.55967124  41.07861265  47.71197007  36.77654068
  34.70163379  31.40917385  38.75413093  33.37380445  43.85997112
  41.87865516  42.94090785  32.75643237  45.87443385  42.72917497
  34.64310863  40.30493432  40.36896821  42.72069291  42.72131468]","[ 27.81668661  35.39837535  34.75513008  33.30379067  35.31742961
  33.98926257  32.8398397   30.85919523  32.77977754  32.31411237
  32.63456632  29.55759606  23.70498134  40.62759044  38.2927004
  28.5961083   35.00283678  41.75204348  28.44810728  34.66922707
  28.56553906  31.61932276  34.66922707  28.56553906  31.61932276
  28.8148668   32.51569185  33.21036341  38.22529733  38.7716405
  33.69270267  33.49287728  30.13487922  29.63801445  33.89608035
  41.60670913  32.46171877  31.79510901  42.27774171  40.72688031
  23.76646062  32.04021036  33.63314455  30.4472171   38.7716405
  33.69270267  33.49287728  30.13487922  29.15698935  33.95432072
  29.32331911  31.92912044  31.09450146  37.5988558   34.28332302
  32.71893567  37.1999364   29.20530843  35.47127108  39.33248817
  42.14902857  31.02022732  36.24455733  34.77872882  27.00224002
  24.51721005  32.04021036  33.63314455  30.4472171   28.59922938
  40.75618941  33.7335341   31.798646    34.48376896  41.97348226
  22.87266975  30.12196819  24.18381242  35.04717211  26.48526796
  33.63484673  35.32280235  39.70580565  32.61962259  33.22770934
  33.30193964  38.42081396  30.27913043  35.69089348  34.93395769
  30.31146387  31.30021074  28.02623985  28.36034176  34.3653423
  28.89801548  36.03453208  32.62767673  32.82503264  25.55038847]"
"[ -0.32253299  -3.20565782   8.03794794   1.26795488   2.42065863
   0.71043979   2.74953163   5.03420002  -1.3200403    0.33743621
   0.71631197   5.52968408   3.322538     2.18100562   4.63864959
   4.29855198   4.43741473   2.67923183  12.99550329   4.20371646
   1.78556579   0.71631197   5.52968408   3.322538     2.18100562
   4.63864959   4.29855198   4.43741473   2.67923183  12.99550329
   4.20371646   1.78556579   0.71043979   2.74953163   5.03420002
  -1.3200403    0.33743621   4.85897158   0.34751275   0.90552212
   0.56502568   0.71631197   5.52968408   0.56502568   0.71631197
   5.52968408   3.322538     2.18100562   4.63864959   4.29855198
   4.43741473   2.67923183  12.99550329   4.20371646   2.63653092
   1.35532678   3.57264255   0.03822753  -0.3552699    7.29832856
   6.28458947   5.89612578   1.66513801   6.61449035   3.66251443
   4.63864959   4.29855198   4.43741473   2.67923183  12.99550329
   4.20371646   1.78556579  -2.37755026   3.91200966  -1.034028
   2.03326096  11.40802587   5.15480507  -0.32253299  -3.20565782
   8.03794794   1.26795488   2.42065863   0.71043979   2.74953163
   5.03420002  -1.3200403    2.34636136   4.8504593    3.70544775
  -1.5762783    0.18847278   3.39644093  -2.43436483  -4.94253556
   2.04939553   1.66097921   3.15304425   0.03822753  -0.3552699 ]","[ 21.50449822  20.13893584  17.01405306  15.92318098  16.63084919
  19.65938706  16.92769024  18.09596611  18.09065408  18.24856969
  16.28938144  14.25720881  15.9835971   17.00724769  12.53414676
  15.73522268  16.89867557  19.51447497  13.21296903  14.54904316
  17.11078683  17.11188154  10.36574827  19.20731712  15.74297256
  12.50197271  19.03555124  15.41333925  18.29552712  13.9571103
  14.78118005  16.33350652  15.96783122  17.09255604  19.78057673
  18.23408685  13.50660126  25.3299368   15.96381843  22.58378305
  16.65058535  19.4602005   22.42803149  17.72882191  21.32001456
  18.47190579  17.22578931  20.17550778  17.29298929  14.5373647
  14.72319445  16.77226843  16.33350652  14.22490785  22.42803149
  17.72882191  21.32001456  18.47190579  17.22578931  20.17550778
  17.29298929  14.5373647   14.72319445  16.77226843  15.67005073
  13.40106067  15.76729408  18.31083887  15.6379355   13.1266896
  16.5443379   17.97627415  16.0029088   15.5992915   12.80561361
  14.11704979  22.11950082  15.22997071  23.05240636  18.22692169
  16.40265819  18.50997284  14.57447011  16.93770629  17.32674235
  14.22490785  19.4602005   17.11078683  17.11188154  10.36574827
  19.20731712  15.74297256  12.50197271  19.03555124  15.41333925
  18.29552712  13.9571103   13.50660126  25.3299368   15.96381843]","[ 44.04246441  44.7706906   45.61377576  39.99987965  45.94139286
  42.59066679  45.11303516  53.59761529  43.34410992  40.03905407
  41.37864745  45.59486025  42.95889966  48.12426318  46.57745322
  42.48665372  46.28772424  41.96886039  49.55797504  37.88181422
  47.78558593  41.31367249  44.69994004  44.27070081  49.79584997
  51.46627108  45.37458977  44.47092438  44.68173278  41.78790066
  44.91050327  35.79817742  39.43117554  43.4986039   49.95451548
  40.94066361  48.73394895  44.04942633  44.56401781  43.31522493
  37.7842569   48.31785495  45.89386155  43.73252134  46.28772424
  41.96886039  49.55797504  37.88181422  47.78558593  41.31367249
  43.63503987  47.58792637  44.59003319  43.93223788  43.76066679
  43.44793111  46.28212279  47.01998583  43.55358794  45.20720647
  49.85850832  48.1676201   43.79232727  39.98012749  39.5947877
  36.25890163  40.34263665  44.88632057  44.04246441  44.7706906
  45.61377576  39.99987965  45.94139286  42.59066679  45.11303516
  53.59761529  43.34410992  51.45018887  46.30573367  35.06603957
  49.44403076  45.84647902  44.74398228  40.15111388  46.95110008
  45.90058073  37.69745375  41.87482444  40.94066361  48.73394895
  44.04942633  44.56401781  43.31522493  37.7842569   48.31785495
  45.89386155  43.73252134  42.8381859   44.74532598  46.52269999]","[ 27.16127621  30.74544822  28.80366343  24.46702787  32.79833085
  28.84352411  27.00221365  30.44298914  27.91221325  22.68839713
  28.88547573  26.96797666  27.97615662  26.6435512   24.22507145
  31.50243234  30.05104098  28.23373596  26.51950228  30.55672621
  26.33922021  27.76454292  28.59524381  25.26258604  25.3953525
  31.22465955  26.87887579  28.75885589  27.03705036  23.54099981
  26.07900651  26.96797666  27.97615662  26.33922021  27.76454292
  29.14142924  25.81203764  30.65996399  28.53925659  32.20012247
  33.74844858  22.68897395  29.76445172  27.11110164  31.27349493
  28.7662083   30.56589586  28.93316329  28.36362401  34.976248
  25.47829636  28.11474765  22.70152595  34.00171619  31.35416804
  23.00014744  29.91554649  28.56714112  27.91555782  30.36075704
  27.61433354  23.7150371   27.89595282  29.35460103  23.95798251
  31.22465955  26.87887579  28.75885589  27.03705036  23.54099981
  26.07900651  26.96797666  27.97615662  26.6435512   24.22507145
  31.50243234  28.32859209  29.55222821  26.53937658  27.20519325
  30.57619434  25.04737062  27.44747024  25.53606839  30.37605247
  31.07861455  29.19546563  26.95899932  21.89281018  23.94776779
  27.84740327  24.21056015  30.14671561  30.53056498  30.03540467
  24.71767242  27.45185001  26.16265716  26.91988639  25.19767618]","[ 30.20098481  35.92486216   3.85481805  38.44334965  30.97241485
  23.86064954  26.63376909  39.92976067  26.58447505  35.80605293
  30.92124362  32.73433195  35.81932006  33.69244497  34.14547026
  29.74549089  23.97590402  32.80433271  30.88333451  33.88240799
  17.39961421  14.98862688  31.08189136  25.83974487  32.85657823
  32.6829564   36.41293918  28.97281985  32.71146866  17.98473767
  34.74811578  28.25304399  29.04615677  28.97281985  32.71146866
  17.98473767  34.74811578  28.25304399  29.04615677  38.40867812
  36.39399185  25.73013983  30.11118946  34.06796266  34.29651481
  27.10263932  36.12221888  32.95613455  24.38374009  33.28847799
  33.58756363  30.20098481  35.92486216   3.85481805  19.38428248
  25.62360343  26.65078701  29.32468939  17.78738923  32.78958159
  25.52624428  20.2790901   34.75727113  37.18714774  38.72827903
  25.52624428  20.2790901   34.75727113  37.18714774  38.72827903
  29.84214258  31.81090985  25.16383731  21.22843723  38.6317019
  26.95548634  34.06796266  22.73224758  28.59530523  33.93944802
  31.69146688  26.6697241   31.15703838  36.33038885  35.47870838
  35.47389796  26.09612143  29.90872601  23.95224357  27.99259986
  30.96357512  33.0500931   24.52650903  24.1377444   31.10208405
  28.01506629  21.65515114  35.84989153  36.33038885  35.47870838]","[ 36.32707442  33.13604212  38.99747627  39.06989022  32.70677958
  29.25298259  38.87722014  40.31459662  44.29019119  37.57705508
  32.51897788  36.76164159  34.03596657  42.27571567  39.57908566
  37.22231061  32.70714402  38.15357131  41.76703614  38.5437281
  33.63063704  39.95715244  34.10277521  36.97717722  33.78063981
  33.9891417   33.28622003  31.77391988  31.25880046  33.98700397
  39.69342013  32.9781041   42.58034545  36.46675424  33.98700397
  39.69342013  32.9781041   42.58034545  36.46675424  32.91301516
  41.62956706  35.40655924  36.76387459  38.79500281  29.44758026
  32.91301516  41.62956706  35.40655924  36.76387459  38.79500281
  29.44758026  38.15426742  36.24155263  31.95986827  39.66007456
  32.48205568  43.7318458   38.67775276  42.46908156  39.5883237
  42.2901848   35.406725    41.92034817  32.82264083  37.45489762
  37.27062784  30.6748342   39.51355035  28.55489352  29.25673504
  35.57470912  35.74969842  40.38302903  39.9875565   31.97790188
  32.93771708  28.9367603   38.76926818  28.09938567  40.48846616
  31.6183968   36.67170736  39.32221875  28.85684804  33.20294799
  32.0558904   37.64729681  33.96704752  37.82611199  36.97717722
  33.78063981  33.9891417   33.28622003  31.77391988  31.25880046
  33.98700397  39.69342013  32.9781041   34.7611242   34.88083928]","[ 27.05134365  21.95772918  21.07709719  22.22777416  30.36401453
  23.8250878   24.02997995  31.1077133   22.81241398  22.88895412
  26.9147469   20.48252863  16.82294132  22.54374265  26.22809769
  24.70315192  24.25076668  21.94472784  27.17039453  14.8596634
  30.40569603  29.67279004  26.34614759  21.77616583  21.98000029
  27.79479827  24.54169377  26.39602269  24.36086761  23.74707702
  21.96184834  24.54725431  22.07804691  13.37190334  28.03835825
  28.43144666  19.96038733  20.58422282  20.82097559  25.23278155
  21.3061851   21.03983324  22.65281468  20.77880864  29.68693559
  17.79200452  13.88734622  30.47371649  20.71996334  16.35784135
  30.14626515  20.50531059  22.8180106   30.47309258  28.21947723
  26.29774814  29.56421082  23.61622069  24.80226898  23.03872094
  19.30500538  22.46795074  22.32706088  28.88215388  18.85647625
  19.11919167  26.17558237  24.01440281  23.60846095  24.08673882
  22.28115453  21.9332319   19.53205085  18.96169054  27.02504458
  24.88198414  28.99508049  23.5861168   29.02298401  16.29771805
  21.92237171  31.00548966  24.10601483  24.43135336  28.08117785
  20.93578579  28.64128798  25.53618305  20.7688336   29.68693559
  17.79200452  13.88734622  30.47371649  20.71996334  16.35784135
  30.14626515  20.50531059  22.8180106   24.32766766  17.20129984]","[ 32.49406926  40.61839169  36.78859649  40.58851782  31.68272084
  38.98681242  37.42889658  34.93964788  39.8407449   36.06599004
  43.21116956  35.92110856  32.77432472  34.51511987  37.93199773
  36.91826412  41.59504155  40.34342328  38.84880631  40.60078221
  40.26402692  34.60370057  38.53355654  32.65599442  38.61844514
  36.4984488   40.21725032  32.30287752  39.18773204  32.90449038
  44.88192627  39.08066551  34.93409699  35.96940002  40.40218343
  33.47381283  32.99536202  35.38583436  36.00315702  35.43992521
  36.73424936  38.31361946  36.91457193  39.61416983  39.46226918
  33.67637883  39.59203997  39.97846797  32.84930194  40.11797916
  37.81807386  32.73497164  38.65903787  33.69166379  35.01009496
  40.71252615  35.27742862  39.42525804  33.43612581  31.67001731
  37.4287342   36.32924133  30.61277095  41.3146408   31.63229431
  40.67720256  36.3979908   37.68609511  41.37635489  35.92110856
  32.77432472  34.51511987  37.93199773  36.91826412  41.59504155
  40.34342328  40.61839169  36.78859649  40.58851782  31.68272084
  38.98681242  37.42889658  34.93964788  39.8407449   36.06599004
  43.21116956  37.85509506  36.91826412  41.59504155  40.34342328
  38.84880631  40.60078221  40.26402692  34.63777247  34.37478568
  38.59244669  27.44248468  35.09550337  38.14488416  39.25362184]","[ 44.54004893  35.79818445  40.33025616  37.05003902  38.84971691
  46.68521875  35.24112817  38.85741095  40.14485906  36.27357981
  34.91894373  35.67084018  35.6524713   37.97984099  33.61288712
  37.81198705  38.88272642  44.02383371  41.60502287  42.84646475
  38.35342459  28.65671551  32.44096568  31.20266866  47.50872396
  45.02815924  45.29121343  38.0491124   48.39217978  38.89531256
  42.92795888  38.36503167  43.52670224  41.45738143  34.4251184
  42.67120108  39.60323966  40.34375402  29.768487    46.67300161
  41.09753808  32.4062536   42.59383347  38.44289172  47.47784579
  40.46766955  37.30948307  36.63069824  37.73025131  38.62327326
  38.87925363  40.75172496  37.70447522  40.87455954  38.62327326
  38.87925363  40.75172496  37.70447522  40.87455954  43.01551055
  34.77660114  41.09831957  39.12805656  42.82315766  33.66754064
  40.87455954  43.01551055  34.77660114  41.09831957  39.12805656
  42.82315766  33.66754064  36.81205965  37.99288679  35.33125623
  42.99459434  35.56872915  45.92144451  46.40114613  44.91267056
  41.69789095  38.46296926  42.75794288  43.15525259  43.12962498
  40.02272472  44.71863853  46.70817247  31.41719096  36.79164159
  39.06499746  38.28769781  44.54568344  40.88220011  38.98142288
  41.0723126   43.62349087  40.09574651  33.61288712  37.81198705]","[ 35.01140807  33.85861344  35.71306335  42.46554776  36.58752812
  39.33820859  42.41159778  41.16834069  35.03418525  35.77026998
  45.09826059  40.09431126  36.45672797  32.49559952  31.0062827
  38.36625621  34.02183931  41.07360423  38.78737819  37.67697636
  34.07574468  33.81699152  39.55572244  44.59445056  40.67571305
  32.96363971  31.96964079  36.39177653  38.86534498  33.36931236
  27.88909942  45.75272172  38.11470516  35.77026998  45.09826059
  38.60015758  37.81831305  37.07310625  40.20998844  43.94463951
  43.58631537  32.78656897  40.97833749  30.82266084  41.73166471
  35.3098917   40.65575707  39.45879328  46.35829048  28.06849379
  36.87435707  36.0436871   36.60196765  35.08055626  30.16023266
  40.91022868  44.05844764  33.38346776  31.0011091   39.48424591
  37.52243744  36.24828254  42.01169436  38.29248753  36.01855465
  41.49698084  36.47039584  39.49827331  36.84531932  40.362696
  38.95743436  39.52461371  34.27683195  30.13108422  35.27535484
  31.53266158  40.26402236  34.54842412  33.83616448  34.08869618
  37.55639705  40.4065207   31.78235898  36.7459334   34.75591419
  37.94436688  35.66026645  39.64693587  38.29248753  36.01855465
  39.18807284  38.38572443  29.52036349  38.11169223  35.55212706
  35.70246818  43.78420402  43.58433377  40.42136731  36.71742568]"
"[  3.27060019   1.53709041   2.78930638  -2.25123763   7.15247314
   4.62557375   3.36765258   6.31061242   1.35271236   9.41918587
   2.4654496    1.72989865   5.70608273   6.65493537   1.78080725
   3.55232968   1.60381097   3.84107675   8.19400094  10.05008091
   5.34389227   1.72989865   5.70608273   6.65493537   1.78080725
   3.55232968   1.60381097   3.84107675   8.19400094  10.05008091
   5.34389227  11.19101047   3.55232968   1.60381097   3.84107675
   8.19400094  10.05008091   5.34389227  11.19101047   1.49339688
   5.02818337   3.26365556   4.84299769  -1.44665113   1.72989865
   5.70608273   6.65493537   1.78080725   3.55232968   1.60381097
   3.84107675   8.19400094  10.05008091   5.34389227  11.19101047
   3.86703093   4.74512309  -0.97144124  11.38624907   6.65517835
   1.99249923   0.75951575   0.08088626  11.82411418   7.4101198
   5.74369032  -0.99325447  -1.82760086   4.37487122  -1.94623761
   2.81501813   3.13849131   6.18616785  -0.03004881   2.4654496
   1.72989865   5.70608273   2.81946649   9.4278443    4.0272538
  -0.30050936   1.53062428  11.63061956   4.56072289  -0.99325447
  -1.82760086   4.37487122  -1.94623761   2.81946649   9.4278443
   4.0272538   -0.30050936   1.53062428  11.63061956   4.56072289
  -0.99325447  -1.82760086   4.37487122  -1.94623761   6.39962529]","[ 16.24756362   9.89458173  14.87471612  19.19220397  14.97577681
  19.04186469  20.15068773  16.45816067  16.13118895  15.91219047
  12.636888    23.91391394  15.43850671  13.79742349  14.67870368
  18.86701653  16.4431535   16.89918665  17.84400711  11.01061694
  15.9759061   17.46780961  21.5205742   19.3423082   16.6666216
  25.31455866  19.98063687  22.09585034  18.63522673  15.05331722
  23.35280881  16.37024302  22.27917912  20.09206264  23.62476128
  11.62957118  11.0871121    8.14598354  23.75704034  17.12169223
  13.05717994  23.77970869  17.8388309   21.5205742   19.3423082
  16.6666216   25.31455866  19.98063687  22.09585034  18.63522673
  15.05331722  23.35280881  16.37024302  17.27685341  22.17972061
  14.87471612  19.19220397  14.97577681  19.04186469  20.15068773
  16.45816067  16.13118895  15.91219047  12.636888    22.27917912
  20.09206264  19.85635587  19.15862657  19.72746185  11.40856965
  23.32501705  11.79040204  20.44174244  16.64223036  18.98962889
  16.24756362   9.89458173  17.12169223  13.05717994  23.77970869
  17.8388309   17.46780961  21.5205742   19.3423082   16.6666216
  25.31455866  19.98063687  22.09585034  17.59763387  18.86716234
  20.25300222  18.35555364  20.07075412  17.63597346  15.61110858
  17.69325163  18.15385614  17.05441239  14.52219612  16.5207729 ]","[ 38.91888425  46.90344825  45.50476131  45.88915398  51.97058246
  45.6044027   48.5819211   48.7748533   45.79052647  44.32618187
  47.13122259  47.41669338  44.14828548  40.67568551  43.25983316
  45.11646453  41.49383169  45.32225002  45.56208503  48.34275345
  47.73769121  51.04870315  46.31339753  44.11143843  44.46070201
  45.57957458  45.29197649  46.74261242  45.75734764  43.30599633
  45.65610161  39.8336235   45.62169305  45.19609789  43.92518059
  44.56267076  46.7331593   44.16975354  47.41669338  44.14828548
  40.67568551  43.25983316  45.11646453  41.49383169  46.28788761
  51.20588476  50.41572399  40.49688108  40.7045143   48.14515123
  45.82199921  47.10544483  49.3484963   49.60523532  50.48125767
  46.13905424  44.78137816  42.27775806  42.55402199  46.78641202
  39.87995213  45.06250989  44.92534534  47.03021045  44.89453388
  41.6460281   40.61922233  43.75399661  47.66938587  43.18843401
  40.35451576  46.05794055  41.59695604  41.56262969  44.96388422
  43.5625751   43.93084504  42.27775806  42.55402199  46.78641202
  39.87995213  45.06250989  44.92534534  47.03021045  44.89453388
  41.6460281   49.756258    44.320206    47.66938587  43.18843401
  40.35451576  46.05794055  41.59695604  41.56262969  44.96388422
  43.5625751   43.93084504  41.78876625  42.88116291  44.41265341]","[ 27.3328314   27.33561358  28.53749828  21.62239612  26.92552039
  19.09595608  26.29292971  24.07889288  29.62977767  26.4045971
  21.34669559  23.16742191  28.05350864  28.35515921  26.05048843
  27.56660592  27.28797065  27.25800012  29.35177871  21.41023119
  24.5330079   29.27168602  24.73655345  28.71111207  22.82642707
  29.22973889  27.3328314   27.33561358  28.53749828  21.62239612
  26.92552039  19.09595608  26.09339323  26.33434705  23.82461765
  29.13680725  24.08680924  24.3668485   28.4458188   25.41312622
  24.67449279  26.69769185  25.50545264  24.23708439  23.371383
  29.90558213  29.27168602  24.73655345  28.71111207  22.82642707
  29.22973889  27.3328314   27.33561358  28.53749828  28.25895699
  22.32890987  23.42935067  29.17775019  26.24317962  30.18063167
  22.2044056   22.70453969  26.2722682   23.53609517  26.86024475
  28.44462808  26.75922345  24.07465145  28.31700221  25.35287808
  23.79294027  29.57233277  28.09348978  26.42412206  30.23601747
  21.67687273  26.49294841  24.12784702  28.34512215  27.91275375
  28.27785186  27.38642664  29.26950205  24.2150936   26.02333565
  20.61437437  25.68829316  21.86628474  28.34719016  28.47508409
  22.60244505  29.69176956  22.93260899  22.35219159  30.93588599
  26.25239072  24.52818326  24.3491375   26.75192832  28.00577664]","[ 27.01510111  30.66746596  30.21761215  31.49888819  26.06053752
  27.9928417   26.87509731  36.11222033  21.44463984  25.66602759
  33.83476613  30.07193583  29.98119684  31.0369951   30.20005627
  31.8452605   27.15204082  35.88537496  34.54063074  23.81641489
  34.2288427   30.40470945  29.19393513  26.97218342  27.4790407
  24.36900022  12.05526958  30.9617287   36.10862125  31.38917747
  32.43426219  27.17423281  26.56080374  26.91331265  21.72871459
  29.03574044  32.61855066  24.22393196  25.68745098  19.51114565
  29.46041497  30.97569381  27.03284769  22.81002681  26.87509731
  36.11222033  21.44463984  25.66602759  33.83476613  21.94138359
  24.91583498  21.37405439  26.64847644  26.90448616  16.69555014
  30.94032854  26.82537863  18.91645601  27.38105586  24.34121275
  18.02059978  26.41527382  17.63730151  27.17836698  30.73174884
  28.41000872  31.14842686  21.76184646  26.38435306  32.40249183
  31.51939081  27.56082606  33.61742483  21.15285265  30.94032854
  26.82537863  26.31179311  32.5227736   22.5904828   25.18094831
  20.46983089  20.68642133  21.77011344  28.57392636  27.0946816
  32.47860059  35.7282592   34.2288427   30.40470945  28.43966168
  28.22229237  24.90334472  27.00640598  26.44438177  19.17157393
  26.56080374  26.91331265  21.72871459  21.83274381  22.76768732]","[ 42.33973547  40.68399005  44.80040082  31.29028914  36.50467452
  37.87090561  37.94962279  37.0823542   47.40658342  33.45416188
  41.91991566  33.76704414  38.93330818  33.85896141  33.89468865
  40.36355754  39.88947841  37.2330834   37.52724194  37.96192567
  39.76550892  38.6056795   35.21247431  38.97043916  41.12048462
  41.81417793  37.02409282  40.96030992  42.4850221   37.21095556
  39.95244082  36.64033175  37.87174056  34.38166709  30.16079528
  40.11403241  42.88503452  39.12147901  40.15687408  37.806261
  37.98693256  40.03865575  40.80062448  37.96192567  39.76550892
  38.6056795   36.99958174  38.46205538  36.44218915  38.87327368
  34.29937896  29.11163691  39.846386    42.97697516  35.72885524
  43.10942849  35.08722799  31.5160314   33.72181907  31.49905212
  39.90714975  40.60479346  36.23835378  37.17598463  42.26617783
  37.90680643  36.65976707  34.70598708  34.39081721  33.63346826
  41.01142572  38.96224023  42.97281909  39.06243241  35.12537569
  41.40986464  38.46205538  36.44218915  38.87327368  34.29937896
  29.11163691  39.846386    42.97697516  33.56956727  38.74422043
  35.59172979  38.56519805  32.38525385  44.26826939  38.71898397
  42.5648158   38.0533069   31.29169731  42.72719667  41.71009981
  41.8302784   37.25777672  30.60630966  33.85896141  33.89468865]","[ 27.42758369  19.25938552  25.49933302  29.89217781  29.33620117
  27.27183289  28.29938661  26.62814361  27.32261237  25.40872363
  24.51192452  31.97841652  21.81289817  27.40674953  29.38357532
  20.34009965  24.81040673  26.75040829  24.70509079  22.44212311
  25.87793076  24.94518613  26.99357073  23.86586426  28.12205687
  31.8014241   26.63082141  21.75744858  25.82618653  28.48287608
  27.72219722  21.95142489  27.6685999   17.05812429  27.04018981
  23.37658722  29.63588769  25.12813672  28.76216624  21.91967125
  24.03072089  23.47381558  28.3843822   22.92238058  23.37658722
  29.63588769  25.12813672  28.76216624  21.91967125  24.03072089
  23.47381558  28.3843822   22.92238058  30.54334302  27.72588602
  28.81341886  26.72600804  19.65347395  31.1355363   25.52729192
  24.65258708  23.62628941  22.52937873  28.4893057   25.06649021
  26.60615129  28.66712939  23.96432363  28.66289128  23.56852123
  23.08242451  25.94742178  26.85178752  20.19011376  23.51818441
  24.30809415  24.19128442  20.32417718  22.60894828  23.48532856
  30.53580743  29.89867195  25.49981116  23.21981795  27.33792521
  17.53005753  23.39993326  27.52778516  25.91277805  29.14192307
  18.8993955   22.55043888  28.54446077  23.06990856  25.93168148
  28.54740532  20.93520017  27.86992516  21.91614674  27.33410793]","[ 34.05644264  30.59537907  31.00200841  31.88840496  39.57015799
  36.18522967  39.92600666  36.95010243  35.06236808  40.50656482
  40.98087859  36.27508116  33.84727513  40.02520781  34.0768491
  38.84171238  40.19575895  42.44973592  37.00839437  41.49761485
  45.25089492  41.17123849  32.20832621  34.88095185  36.70249556
  38.9565055   40.83553429  39.61325526  36.13999721  38.26388492
  38.81660892  40.10827216  35.78276304  35.55879461  38.23000083
  39.28000526  37.49510442  36.77320486  38.85916682  33.82080367
  35.16386587  35.64972492  33.19621196  42.48101755  38.1583061
  33.43692554  35.65278579  33.06039338  35.28480809  37.94607879
  29.47599712  45.05253469  40.51167111  38.58976728  38.68938318
  37.00236733  43.43192169  40.20466292  38.84840374  38.57231845
  34.38941382  39.35086089  39.94824141  44.00862699  42.15397453
  33.82080367  35.16386587  35.64972492  33.19621196  40.42216642
  38.4172561   40.71521466  31.81664394  32.58948271  36.38171449
  43.18205457  36.46272578  33.06021086  37.82167179  35.82644777
  34.20563856  38.06620893  40.04061363  36.41477003  40.07406294
  38.52162081  36.44919892  38.23000083  39.28000526  37.49510442
  36.77320486  38.85916682  33.82080367  35.16386587  35.64972492
  33.19621196  40.42216642  38.4172561   31.54019609  42.48101755]","[ 37.2590512   39.4765843   39.76587655  39.552603    40.45659386
  47.24044691  39.68077729  30.32760309  36.97090708  31.97734828
  35.26490876  35.26490876  49.35642188  34.42356789  44.56109857
  35.5068018   42.10634581  35.30107215  39.2477289   37.0592445
  35.37511496  42.59396386  36.64840057  37.56340375  45.89098069
  42.93848149  47.06330786  42.80623406  38.9473874   41.19237755
  36.91557873  39.53180729  38.85965033  43.71927704  44.79263889
  44.34838997  36.64840057  37.56340375  45.89098069  42.93848149
  47.06330786  42.80623406  38.9473874   41.19237755  38.63012947
  33.73212508  40.47931954  44.874342    33.95749135  45.77793404
  43.46699851  39.52925942  43.94377167  41.61069928  40.50579001
  46.44017867  41.30184455  46.80395909  33.13730768  41.99704766
  35.82757387  41.73325034  43.70109864  40.2620824   40.11515886
  43.23630561  42.57720322  38.59567919  37.45281507  33.72231088
  35.15209955  46.33014259  44.347379    45.26597356  38.69833345
  49.82871685  42.66702856  42.5915766   33.76205389  38.44918424
  48.56150982  29.76155771  48.23988502  37.69338205  37.73509758
  44.06904244  41.25789949  30.32760309  36.97090708  31.97734828
  35.26490876  49.35642188  34.42356789  44.56109857  35.5068018
  42.10634581  35.30107215  39.2477289   39.81039319  40.31002662]","[ 31.71087608  29.44310826  29.84413907  27.77944435  37.95539002
  32.07794531  35.57640697  39.55119471  34.05427428  34.38734308
  35.32750061  34.12088088  38.17008447  33.96775967  33.84364052
  27.97451921  33.26661942  32.20554315  35.69613297  35.73629284
  36.83377029  33.49787286  31.08140272  31.15613987  36.0652095
  27.19928867  35.6355173   32.59023523  43.44410819  37.50199471
  37.91675815  30.95418966  24.17444549  37.31931344  27.17203315
  39.50362931  37.47255859  30.03314217  42.25671064  37.55723442
  39.97599312  41.73683795  32.98981295  34.969067    30.19725812
  32.30119121  36.65393911  38.4730474   40.82538382  34.12088088
  38.17008447  33.96775967  33.84364052  27.97451921  36.22888739
  43.0868417   29.84842223  36.14512241  33.8332676   32.81074201
  33.74841215  38.82330242  34.02655781  40.82129698  38.61150792
  34.02655781  40.82129698  38.61150792  35.4471531   32.24660371
  31.93140524  30.66173503  30.79798284  22.77531103  25.48689714
  26.21740895  36.0154366   34.78312374  41.24803631  30.41638181
  33.68160999  39.53281272  35.89058014  29.5104493   36.22565335
  36.09696363  43.77252967  24.8868086   34.97804142  34.4956437
  33.6022909   35.41992824  34.43192058  27.99967619  33.47644747
  32.09157442  41.88351497  35.02616964  36.83377029  33.49787286]"
"[  2.13403396   7.84990025   5.15605742   1.74135178   4.78740512
  -0.04994403   6.57042726   4.72559601   7.13087929   5.29767129
   1.1770554    2.27595859   1.49275862  -4.8213469    5.47683751
   4.01164729   4.21909714   8.13432141   2.31023363   4.98154479
   5.09416028   4.19706146   4.01164729   4.21909714   8.13432141
   2.31023363   4.98154479   5.09416028   4.19706146   4.20781404
   7.91040236   6.39859238   3.52372309   4.28355212   5.00953567
   2.27595859   1.49275862  -4.8213469    5.47683751   4.01164729
   4.21909714   8.13432141   2.31023363   4.98154479   5.00953567
   2.27595859   1.49275862  -4.8213469    5.47683751   4.01164729
   4.21909714   8.13432141   2.31023363   4.98154479   5.09416028
   2.47485286   4.13473411   7.59575627   4.28388698   4.63889277
  17.00306471   2.81394155   5.50321476   3.88227875   5.83369683
   0.84019263   6.57042726   4.72559601   7.13087929   5.29767129
   1.1770554    2.45725595   6.06904289   3.53180347   7.66281009
  11.63873696   4.81961579   5.50321476   3.88227875   5.83369683
   0.84019263   9.34620096   1.09642053   1.36086528   4.28355212
   5.00953567   2.27595859   1.49275862   2.47485286   4.13473411
   7.59575627   4.28388698   4.63889277  17.00306471   2.81394155
   5.50321476   3.88227875   5.83369683   0.84019263  12.33547074]","[ 10.6939501   14.39579791  15.04924477  18.80313406  11.24773513
  12.37254604  18.33200172  14.72861639  22.63351216  21.08822115
  21.98059649  19.96952337  23.87535015  23.7191615   11.78821199
  13.56253458  15.77167869  15.21752369  13.99879454  21.07066967
  19.99498088  18.34205906  20.51677951  23.33565049  21.5196468
  17.36794291  19.86858418  20.66923881  19.53671419  13.73090491
  18.44637299  26.19228464   9.1984264    6.9765337   23.30483297
  14.06704315  11.27426321  18.66248953  18.0038586   18.08872388
  20.57008267  18.34205906  20.51677951  19.53671419  13.73090491
  18.44637299  26.19228464  15.54568837  18.45530079  14.44750419
  14.58116267  18.48014272  13.98189582  20.36347926  21.10181662
  17.96616875  18.5641753   18.81719631  12.77422037  17.83190302
  13.50848071  12.18267477  17.57508021  20.34264495  21.31269906
  13.35911516  21.77938205  21.92138356  20.66855017  15.57223771
  16.58011518  19.51430609  16.00387543  20.07389348  16.23095379
  15.45402504  14.44750419  14.58116267  18.48014272  13.98189582
  20.36347926  21.10181662  16.147993    15.09219289  16.43507219
  20.72763186  16.02616767  15.54568837  18.45530079  14.44750419
  14.58116267  18.48014272  13.98189582  20.36347926  21.10181662
  16.147993    15.09219289  16.43507219  21.31269906  13.35911516]","[ 44.45631627  41.85941239  51.80303625  43.59735117  44.26641539
  48.52629116  44.98505943  45.3165643   44.10653644  45.14394673
  43.04474758  40.1253131   44.85598822  39.519564    40.15398376
  41.06151898  39.7597632   46.37710827  43.41674467  46.49567568
  54.15644199  44.87700392  44.0237319   46.8682134   39.86260297
  45.02259249  48.18353293  44.08150874  48.61072965  46.23605218
  44.45206341  42.34872056  50.21646311  40.60090541  38.3412334
  45.12089165  42.98522368  44.4904406   45.18519682  44.75663332
  44.72158825  43.36724114  42.36507584  42.64592338  42.98246185
  43.89357885  43.18738554  43.91018517  44.24916381  43.57425952
  53.7120868   43.45844382  34.09512281  38.02865022  42.74282828
  50.62582836  41.69758238  34.28144087  46.04707173  44.27768022
  41.57991006  46.54550374  43.44128251  41.57661584  35.76301022
  43.51659283  43.11803784  46.58454663  43.09605132  41.96600794
  45.61566546  43.32837268  46.03741812  41.8793728   40.44731366
  44.70527735  44.30022234  43.14792836  42.64592338  42.98246185
  43.89357885  43.18738554  43.91018517  44.24916381  43.57425952
  53.7120868   43.45844382  45.14484438  38.67950674  50.21646311
  40.60090541  38.3412334   45.12089165  42.98522368  44.4904406
  45.18519682  44.75663332  44.72158825  45.61566546  43.32837268]","[ 20.61681924  27.77502912  25.32889972  23.93438986  23.14192624
  27.34653375  32.1757713   21.64185377  25.1987136   26.6391733
  25.02882521  25.5668089   29.34090764  27.41760057  23.89859286
  31.21980015  29.04347296  25.97382693  30.74197441  21.7230776
  34.37130119  24.57145548  26.48581972  30.02380728  23.86831795
  22.09804432  24.45061279  26.83610783  24.57022506  29.89236159
  31.64160836  27.24696799  29.94982192  27.21526936  28.46883741
  26.88745977  22.86998771  32.22544629  26.23772845  29.73666466
  24.10671628  30.819584    27.12829893  26.15132309  25.47688829
  23.08267713  22.22459023  27.45891275  29.34681288  30.57881595
  27.39768253  31.31415874  23.70725029  28.48030973  22.45052508
  28.70326444  27.52824026  29.49416693  26.17481583  25.5668089
  29.34090764  27.41760057  23.89859286  31.21980015  29.04347296
  25.97382693  26.66256362  22.14282129  28.08197377  24.26115976
  26.17833662  20.68199837  28.84513903  24.58811223  30.48363781
  23.51372724  27.16749467  31.17327325  22.25983541  25.49121322
  25.10247514  24.99979477  29.26901794  22.94772588  24.33467171
  25.13162613  25.14376325  29.37298317  20.5377177   25.95364237
  24.7034812   28.70326444  27.52824026  29.49416693  26.17481583
  25.5668089   29.34090764  27.41760057  23.89859286  25.033982  ]","[ 36.1141012   18.57954473  28.67307422  33.62182603  34.0362081
  29.84101545  33.08681396  34.27006383  25.87038655  25.20064161
  30.80154641  28.33172433  31.6339138   31.81277348  34.12696173
  31.3629836   31.31758857  31.02653838  35.81515071  20.36457581
  32.79810551  24.90875507  26.03849728  26.5257053   25.0869888
  29.56491988  24.43585459  29.68127993  27.1394466   21.86874228
  24.82257021  28.33172433  31.6339138   32.634163    23.10467402
  22.69636139  23.67015777  27.57149445  25.59917967  29.7710459
  25.29393224  26.36845819  28.26198471  32.46940193  24.84745109
  32.39411927  29.39273543  20.48553285  23.14862602  27.70410006
  25.29470425  24.82121875  23.65157596  19.70938901  32.51734348
  24.82121875  23.65157596  19.70938901  32.51734348  23.79814896
  24.94195886  22.13305419  25.59683906  24.14820534  23.6732764
  26.10299334  27.79676296  25.78166901  27.35641764  26.25780207
  32.34836808  22.33895769  26.43339485  33.16343407  21.29197961
  27.93149312  22.87302226  22.33895769  26.43339485  33.16343407
  21.29197961  27.93149312  22.87302226  25.69216622  29.41385105
  26.88146887  26.03849728  26.5257053   25.29393224  26.36845819
  28.26198471  32.46940193  24.84745109  22.04588124  20.92790205
  27.42067162  24.96498493  25.3018897   23.32688893  30.50373331]","[ 37.96461169  45.57391982  31.89561449  39.50251903  40.0386675
  34.26713907  39.84059874  39.37199836  36.95376305  43.23775191
  35.89264427  34.9594864   36.94041675  38.32241529  43.45414558
  37.1089248   49.01828575  33.73085197  38.97028394  35.49178749
  38.75960337  45.77486485  38.01776775  34.74817725  40.16351979
  45.25927187  44.84856732  38.83980315  50.83591353  45.51111706
  39.83723856  38.81328271  49.48258718  39.65088933  39.84050398
  35.54371996  52.10427965  41.72491645  43.98078451  40.38992076
  30.8774583   38.47355211  37.99508134  48.2493384   37.96461169
  45.57391982  31.89561449  39.50251903  40.0386675   34.26713907
  39.84059874  39.37199836  36.95376305  43.23775191  35.89264427
  38.35310593  40.00848409  42.93669062  37.10177733  40.56077683
  40.35313171  40.05327709  42.7901141   40.58016994  40.93839243
  39.96802649  39.14160295  41.45099753  40.16140304  39.7453701
  46.77759466  41.8367243   39.49339582  36.15582425  43.2844959
  32.40289282  46.97421311  42.83349987  36.95376305  43.23775191
  35.89264427  38.84076206  41.45099753  40.16140304  39.7453701
  46.77759466  41.8367243   39.49339582  38.84857929  47.08190344
  37.01966662  39.10075807  42.34804741  43.88283004  36.21780235
  43.23147567  34.74313014  42.55042452  39.85803513  47.68559326]","[ 25.99018626  31.53986352  30.08356333  27.93532211  27.85522284
  25.95358673  25.87474883  33.68530325  25.73372135  26.32869536
  28.31771362  18.53668306  21.48510899  30.4632816   25.99808548
  20.61607069  29.91735827  23.60812043  27.8420006   35.29159045
  28.68381388  20.11917147  28.72296135  24.75227725  31.98354365
  26.51647825  27.41978077  30.22029662  29.60383916  32.53918925
  23.47931527  32.97431875  33.23596077  26.36720798  30.91537     25.62130657
  28.63191598  23.79095996  30.00662202  30.87829552  30.69708372
  28.28106774  26.25484986  27.00527769  26.09450723  24.12419936
  28.72296135  24.75227725  31.98354365  26.51647825  27.41978077
  30.22029662  29.60383916  32.53918925  23.47931527  31.05476249
  29.32252498  25.47599216  29.74692085  30.37537325  24.34300276
  25.49333704  27.33668507  29.00347333  30.73977831  29.25725864
  29.43054137  29.59780561  28.2710757   29.73285314  26.94071217
  27.03379956  29.68177703  28.56560397  29.80207549  30.62600275
  31.98998035  25.93887866  26.87418777  29.50651809  30.21934149
  27.55321334  30.40398885  25.73418553  29.24858112  29.02011456
  27.22650712  24.77798354  26.63474018  25.8764752   27.52712031
  30.20336166  26.05099293  28.52938683  27.81308958  23.88707011
  24.8092276   32.4290733   23.72641984  27.15256442]","[ 31.45296345  30.36819318  36.49838416  38.98436581  38.06895493
  38.68172477  32.15622769  38.52476367  37.34941018  36.79578811
  38.5799598   40.67470999  39.45345794  34.48638587  33.34990374
  30.94150726  42.34669237  37.18872803  29.8576111   31.06464699
  32.4202258   39.41569315  37.42702582  42.31579916  39.10566161
  39.30792186  36.39284154  33.84676082  44.22786673  39.96067125
  40.24497857  39.10850293  42.59399221  48.1539628   32.29838647
  37.65009109  35.28903856  39.81525969  40.25709698  37.58778984
  28.85149332  42.09182597  40.05107066  33.65608748  37.61535128
  35.45616905  40.13317554  31.19657503  34.27908919  40.30037869
  35.63576908  34.02184858  40.49860901  34.10601266  38.98436581
  38.06895493  38.68172477  32.15622769  38.52476367  37.34941018
  36.79578811  38.5799598   33.01466162  43.3981935   40.25476314
  39.42778838  33.44709358  39.80656464  38.36671131  33.1109637
  33.02489646  35.85864602  36.2196404   35.23721726  34.75187505
  39.3439219   37.34941018  36.79578811  38.5799598   33.01466162
  43.3981935   40.25476314  32.71720895  35.91497441  30.67842229
  34.68642279  32.85830291  37.41434734  38.57860436  38.76715481
  41.79131814  35.55231275  37.821303    39.53770128  36.9768563
  33.98867357  35.38782803  35.80541347  37.42702582  42.31579916]","[ 44.96771457  42.07587209  42.0039235   43.92002828  41.40696837
  45.64356305  35.70756949  38.58662986  41.84879123  37.32924873
  32.72788934  41.27250967  39.2229256   48.09021965  41.51221268
  41.61258724  38.39017556  44.75288894  45.66447438  43.44203794
  31.79147497  37.05657934  32.38400598  44.96771457  42.07587209
  42.0039235   43.92002828  41.40696837  45.64356305  35.70756949
  38.58662986  41.84879123  42.70914614  41.37473573  38.33576108
  28.96783343  42.84376573  42.13171127  47.40582977  35.99361429
  42.99921041  39.81616002  42.27307625  42.49638798  38.89210211
  38.29893904  33.58884616  43.42965594  35.91245945  45.61792192
  38.20837317  43.52861858  40.85201193  43.41295064  27.10958537
  41.55909899  42.26962171  43.93399081  48.26048043  43.28347812
  37.39346735  41.9139941   36.17990695  34.44385747  36.43146745
  36.51266276  35.90598616  32.17004944  33.7951313   50.7894531
  39.49197873  44.21117738  30.64826531  36.20181566  34.86774933
  36.00485006  42.38533517  44.747977    40.55781607  44.99290166
  41.18016189  42.56520415  42.9052071   37.85798062  40.37220972
  33.14548631  44.38315184  43.27715539  35.36323923  37.55209333
  47.71746807  42.51493825  46.32359898  46.40843908  41.81275301
  37.4008186   31.010316    35.99361429  42.99921041  39.81616002]","[ 32.60835756  37.12999626  32.57312436  32.95093707  33.29183603
  29.617234    34.14412277  23.88459829  38.11976945  27.1417058
  33.19517244  33.32275647  25.8908104   27.07006566  31.09647915
  29.80460637  14.33658913  27.16071018  28.61382976  30.28552801
  33.73889832  30.28271148  14.33658913  27.16071018  28.61382976
  30.28552801  33.73889832  30.28271148  30.37065557  31.97783887
  29.34592581  30.81812778  28.13514052  35.69264771  39.99002389
  33.09237592  27.45828762  29.50339117  36.81749632  30.60028056
  33.73899207  33.06939361  32.86367364  26.24465847  31.30866468
  30.82103863  33.76484692  27.50182503  34.2178211   28.80370892
  30.53349706  31.50533524  33.49218261  36.06646364  29.09563904
  32.93401603  39.30833218  29.97473254  40.04773085  36.33081497
  34.92400566  36.93576892  29.4046313   30.40498955  15.53665731
  34.81833848  36.93576892  29.4046313   30.40498955  15.53665731
  34.81833848  31.37753736  27.06658316  29.62401589  28.04656457
  40.05565617  22.16835691  35.20759371  23.97868935  34.6528162
  32.9436364   28.77380204  41.30758811  35.67865436  38.98484952
  37.90624927  36.79024635  29.00538875  27.96240594  31.07053586
  28.22213696  30.3645594   32.71035818  34.00703763  39.58682147
  31.94637278  32.54471337  35.15464125  32.42623341  35.12033568]"
"[  5.27077487  10.30886416   7.3296689    5.67575297   6.03520419
   1.55266025   2.55894817   0.06722802   3.56957112   5.46970998
   6.96950787   3.50386327   2.92654606   1.08519776  10.49262694
   3.22105995   9.28433824   6.37797816   5.01490623   3.54522788
   5.45676264   3.68507494   6.03520419   1.55266025   2.55894817
   0.06722802   3.56957112   5.46970998   6.96950787  10.3835954
  -0.41023349   2.81923313   4.43176166   3.54522788   5.45676264
   3.68507494   1.24399468   9.37113448   5.68912667   4.68532842
   2.34845487   4.30662721   5.27077487  10.30886416   4.30662721
   5.27077487  10.30886416   7.3296689    5.67575297   6.03520419
   1.55266025   2.55894817   0.06722802   3.56957112   5.46970998
   4.68532842   2.34845487   4.30662721   5.27077487  10.30886416
   7.3296689    5.67575297   6.03520419   1.55266025   2.55894817
   0.06722802   6.88997941   2.9753506   10.51157103   8.06475235
   6.37142692  11.8882743   -1.54459428  13.7532916   13.41364854   5.44178
   4.38846883   1.62770944   3.59540402  12.33563681   4.13747309
   3.73608687  10.44407479   5.64757845   5.7481052    4.10367736
   9.40749254   2.92654606   1.08519776  10.49262694   3.22105995
   9.28433824   6.37797816   5.01490623   3.54522788   5.45676264
   3.68507494   1.24399468  -0.51811397   3.27228562]","[ 15.02379493  15.15773505  22.95363563  18.39643046  15.68686572
  10.49270583   9.39963632  17.31432508  14.47572229  14.44115959
  18.70623214  11.78931826  10.03511199  11.97737907  12.03395187
  20.06894468   9.87869511  18.92184043  17.03528446  14.37145605
  17.49264569  14.1002548   17.49264569  14.1002548   14.00600991
  16.2661563   19.93695276  12.09520559  14.65087515  14.61149127
  19.1844592   20.30013503  16.1883548   14.1002548   14.00600991
  16.2661563   19.93695276  12.09520559  14.65087515  14.61149127
  19.1844592   20.30013503  16.1883548   15.02379493  18.73096644
  11.56467031  17.19144711  16.11686493  16.64866112  17.03843361
  18.90167504  15.5104757   15.67465942  14.82510263  13.07933876
  14.47572229  14.44115959  18.70623214  18.73096644  11.56467031
  17.19144711  16.11686493  16.64866112  17.03843361  18.90167504
  15.5104757   12.3862358   11.25619053  16.04023262  18.52181829
  15.01651891  13.29681696  14.73861765  15.71141647  10.08330957
  18.5048437   10.93977572   9.3370571   15.55274418  12.62689622
  14.56581563  11.6020762   11.9144501   11.21042363  17.62991538
  16.21335789  15.76310121  17.19144711  16.11686493  16.64866112
  17.03843361  18.90167504  15.5104757   15.67465942  14.82510263
  13.07933876  15.74330873  15.88095256  16.88281148  16.99041243]","[ 41.34452789  38.42956356  45.93341336  46.04324835  46.78626645
  45.08677893  34.61621287  41.74968121  47.25086675  42.8247027
  42.77791164  35.02263449  46.80199959  47.55308919  36.414078
  41.06829645  40.65299602  40.13243671  43.47805605  41.00193997
  43.42296695  40.61215561  44.34757696  38.05111656  42.95876503
  44.95182883  45.90105755  42.52292133  46.3683285   41.27670745
  45.90115124  44.86176739  41.64755813  42.27447063  46.43725506
  35.02263449  46.80199959  47.55308919  36.414078    41.06829645
  40.65299602  40.13243671  43.47805605  41.00193997  38.32374119
  37.59664431  45.29809492  46.29321346  39.35053493  40.58723299
  38.87953041  40.84932736  40.32023425  45.44093306  44.37660457
  38.07823673  46.61112999  39.73990788  44.97116415  40.67408946
  48.12339192  46.95205345  38.95512921  42.08591808  43.25122709
  46.62985782  35.78580461  42.1724497   30.59852459  45.70368556
  40.33243724  46.42670885  44.65858683  41.39840174  42.87297168
  43.69673756  37.80522194  40.77656812  44.15134287  36.92162645
  37.92043203  40.42054721  41.92139455  37.64410302  40.07047477
  43.78734496  49.96842288  42.90243596  46.42670885  44.65858683
  41.39840174  42.87297168  43.69673756  37.80522194  36.51472281
  41.0225779   42.3184859   46.08661022  38.06401004  34.32384364]","[ 23.34454639  30.22529169  26.66225081  26.34515482  28.10347015
  30.81146956  29.52223397  26.49559759  27.52927173  26.2097007
  28.89770208  31.7616664   26.1424281   26.89487024  24.02062822
  28.36934568  25.93946061  25.87954469  28.59636053  29.14951765
  27.5197938   29.99510544  30.84158075  24.55811743  26.75307744
  28.98122173  27.35205199  27.75130052  28.24526776  28.78099592
  29.70987465  30.86308494  33.29830376  24.81871578  31.0568407
  30.83226863  31.7616664   26.1424281   26.89487024  24.02062822
  28.36934568  25.93946061  25.87954469  28.59636053  28.99698594
  29.08722874  27.75681537  26.75439362  27.21210276  25.80788009
  29.53447436  31.53120434  23.73868212  32.95740533  28.49226402
  29.9617219   29.02776601  28.88716009  29.1258924   24.77723053
  24.63868964  28.2209439   27.51018404  27.19577669  24.79049656
  26.27064575  27.06738281  30.51072415  27.09077304  27.17620849
  25.06340909  26.00905078  29.29849657  29.73524005  27.40296621
  27.28597778  26.07122574  28.56978679  30.73215755  26.62343094
  28.31197696  23.77497915  24.72274594  29.22973342  25.12602021
  25.09876326  31.25225092  24.17718648  28.36934568  25.93946061
  25.87954469  28.59636053  29.14951765  27.5197938   29.99510544
  26.21445784  25.51315503  25.45129073  29.41677867  24.4488157 ]","[ 24.7902131   25.63772116  27.88019895  33.30804876  21.84769249
  27.86708399  28.93651639  32.91453808  29.96375474  34.3229929
  34.73555523  21.3027381   27.92740851  20.27513713  30.15681591
  26.57234712  24.64834316  22.34842822  31.73148546  28.11024112
  20.19034553  25.75840268  21.61003093  22.31425341  26.19129244
  30.00170012  26.78682849  32.77895674  21.3027381   27.92740851
  20.27513713  30.15681591  26.57234712  25.55690464  30.83737551
  29.82609889  20.97389714  25.73580435  30.52825102  33.35657149
  25.66982245  22.7286878   21.72365748  29.95638442  15.83450312
  24.54893125  28.8759231   21.55562784  34.17424287  36.29989098
  23.46233161  30.02288839  24.22310023  26.68969672  22.35342679
  28.22458242  34.73555523  24.01990936  20.64376848  29.67484206
  27.32989074  29.57955674  28.1195607   23.44480389  24.03041577
  25.55690464  32.27855219  30.15442018  20.58663148  27.18536958
  24.7902131   25.63772116  27.88019895  33.30804876  21.84769249
  27.86708399  28.93651639  34.68108344  31.91081488  25.99150088
  27.7735796   34.17556046  27.57695914  17.38927117  23.22091019
  30.43238652  22.7027695   34.60821328  24.28355131  23.84277921
  31.43650643  27.29103735  26.33625724  27.02217861  31.19401521
  15.83450312  24.54893125  28.8759231   21.55562784  33.00491301]","[ 43.57248036  40.68841323  40.19284342  43.42688824  36.90469035
  41.63382007  39.8271356   32.83041648  29.46997743  42.30287535
  43.15672512  29.46997743  42.30287535  43.15672512  37.78721003
  42.01621374  37.30794849  43.79306785  51.47705385  36.5256266
  42.68899717  33.55794904  37.30794849  43.79306785  51.47705385
  36.5256266   42.68899717  33.55794904  32.93589542  44.88129418
  43.56097026  45.27930383  43.17473411  36.721678    37.07749777
  41.57945835  42.14407635  40.80583297  42.36003037  41.82331916
  42.83789765  38.40892045  40.80933976  41.22541753  39.53058479
  41.73533616  36.84015911  44.2513215   43.33366302  37.09812461
  36.4385213   38.4048503   46.16455065  40.46221098  27.83171375
  41.60250183  44.6187732   40.45299396  45.91270242  46.69591184
  45.78101603  41.27803348  39.76303505  37.28090121  38.49272014
  43.35856292  37.20849139  41.44646337  36.44954843  37.02793501
  42.18324369  36.342987    39.27150294  43.50576999  39.41042428
  43.47596696  38.97050906  37.57876253  33.43676299  35.32770261
  45.23034648  35.22909308  39.69776331  39.46195621  39.30138198
  40.36691026  40.68841323  40.19284342  43.42688824  36.90469035
  41.63382007  39.8271356   32.83041648  29.46997743  42.30287535
  43.15672512  37.78721003  42.28257854  45.5540882   38.61953223]","[ 27.52791652  27.25884123  27.91983343  27.40004526  25.37281938
  32.05810248  25.77807277  26.06463433  30.20049997  32.36482231
  33.1509804   30.53561271  28.20019031  34.55041922  23.8553267
  26.96872371  26.99095413  29.37760467  30.2041347   31.13777434
  31.94671267  24.13218508  27.12606976  26.90170264  27.79341724
  28.97397672  28.55592602  25.11132046  32.89839394  23.59484374
  24.74855208  24.97138708  28.593158    30.34306333  26.73578635
  32.48804172  28.31939043  23.39250085  30.6768451   26.5578995
  25.37159517  22.71069117  26.84077664  31.5456463   24.24928925
  27.69967024  28.84039813  27.11902279  28.45353717  24.3454864
  28.04255212  23.66212163  29.6061496   21.95417921  27.79341724
  28.97397672  28.55592602  25.11132046  32.89839394  23.59484374
  24.74855208  24.97138708  21.09984995  30.02558852  22.75322498
  35.36037138  29.5229201   28.82907412  32.68010659  26.42964719
  27.23685969  31.37554433  26.20115233  31.5187206   32.30579987
  29.03365847  33.06127211  35.67250403  27.49115982  34.13210753
  25.5078706   27.35971798  25.63888956  22.57322305  23.87580115
  23.01532336  19.42257968  19.17424192  30.28531937  24.97335599
  27.03789452  26.75433841  26.97517677  28.33573884  27.07306494
  30.21813099  28.77536724  26.10839788  31.68545302  25.10181435]","[ 26.74304794  38.88531384  35.94719683  36.31570647  38.11526704
  44.78538315  28.27296033  34.77563579  41.50522724  38.66841183
  33.97516386  37.22805799  37.54796789  36.614982    35.93781303
  34.70064543  34.70657895  37.99648661  33.1901703   36.53102154
  35.81971758  40.2278057   33.06630723  37.34639233  38.63265007
  40.63601179  40.98112426  35.15301904  39.36596238  41.52253551
  44.77093633  39.15574448  37.21368018  42.0223488   46.07174906
  39.59240559  34.92283524  35.41917077  34.571806    33.5389362
  33.73749754  31.87542118  40.70723489  35.93781303  34.70064543
  34.70657895  37.99648661  33.1901703   36.53102154  35.81971758
  33.0761363   46.02652375  40.98447762  31.86645583  45.47334194
  33.25679184  36.94349687  36.15056124  45.35724927  36.53346616
  41.06499596  38.51088116  41.30050506  34.43029557  35.32289866
  33.83777084  38.33967098  35.58154595  42.01349594  35.50504503
  37.42880849  34.33439253  44.38180017  35.47291932  43.88595222
  40.48520868  38.40001276  34.76966866  36.58911828  41.70295988
  34.76348114  39.95620575  34.02970769  38.10756542  32.11285641
  36.41483516  33.11424482  26.74304794  38.88531384  35.94719683
  36.31570647  38.11526704  44.78538315  28.27296033  34.77563579
  41.50522724  38.66841183  33.97516386  33.1901703   36.53102154]","[ 46.230815    36.39472951  36.08694427  40.67884602  46.48437387
  42.09040639  46.10784597  43.5984693   44.22278333  41.30733644
  38.10215252  43.14254375  34.70546953  36.74986177  42.34852328
  41.00297681  37.25164426  40.99146462  34.85697113  46.32912264
  37.66808682  46.77781104  34.70546953  36.74986177  42.34852328
  41.00297681  37.25164426  40.99146462  34.85697113  46.32912264
  37.66808682  46.77781104  36.48215998  43.78072404  45.42084105
  39.14175026  43.28091466  46.66399791  39.861725    37.00928469
  41.92191091  38.05873905  43.04154121  45.35565414  42.34727043
  33.55401134  39.58846864  38.61113696  40.22343791  41.99330007
  42.82543179  45.51677546  42.06349855  48.08925637  38.34609098
  36.4275332   46.30644099  39.113538    42.99587304  42.41269338
  38.60735202  36.11893563  46.99384833  43.78072404  45.42084105
  44.4507694   41.7447341   42.25579019  45.52506525  38.48416332
  33.63377523  43.67110751  39.10531359  34.00190207  40.54974929
  35.72805849  42.6907952   39.0736752   40.0875448   33.03741757
  36.12888875  39.99653046  45.68897852  38.05594593  45.2002012
  41.90289865  41.48863555  43.72756926  36.41348175  35.9959654
  39.67889586  39.21490515  39.29712345  41.244958    45.49903472
  40.2913468   29.95087008  39.11764189  46.66399791  39.861725  ]","[ 42.18586281  28.05355989  32.5017065   37.85185275  27.65278072
  29.32703586  30.88299013  34.26979214  40.39476452  36.40871406
  33.63547159  29.21762795  27.12981654  30.24909336  36.63184679
  35.41146095  27.37151217  39.26002797  32.7342047   38.2340031
  30.31132992  28.86444932  36.04109587  32.28174218  31.03267413
  34.76292864  32.94590191  33.14150431  40.22232     24.88835043
  35.42174815  35.58162223  35.60572442  36.25159425  36.77576363
  24.76742976  36.56327387  31.91937286  34.83981308  29.92011033
  33.7056281   33.87415579  35.96153293  30.1371698   33.14150431  40.22232
  24.88835043  35.42174815  35.58162223  35.60572442  34.65969226
  29.52852771  37.63349556  28.49263772  32.05270271  26.73628483
  41.67062629  29.30470597  37.51690663  35.17292522  35.17078656
  26.44463819  35.18956638  35.13359013  24.68421854  31.51856208
  28.95306091  25.00154577  37.32402192  35.68765728  26.95130115
  26.73628483  41.67062629  29.30470597  37.51690663  35.17292522
  30.88036335  23.24893254  36.5471943   33.98514258  22.50780536
  34.57186729  40.89707334  27.86232823  36.32970777  20.51295638
  37.19603046  28.01420635  33.3030473   36.90892023  37.72340316
  21.99877758  37.47690364  37.18019536  29.31272577  38.92947271
  28.4873223   36.59100687  37.98071842  32.37938989]"
"[  8.32478186   4.26031205  19.03324461  10.67081236  10.1678861
   8.35950933   7.55893028   6.41450141   4.58344787   3.93472501
   6.92702623   6.80554523  10.28623832   6.28656345   2.09784272
   3.57520496   9.60201872   3.91892352   2.99182982  12.42549916
  10.59124984   0.52241251   6.80554523  10.28623832   6.28656345
   2.09784272   3.57520496   9.60201872   3.91892352   2.99182982
  12.42549916  10.59124984   0.52241251   8.63903064   8.71458766
  11.29314002   9.7948339    7.61299519   8.64879623  15.78026537
   4.32607311   8.41179014  12.28120446  11.72920968  13.53410383
   3.96266173  10.9237825    5.27988842  10.35646393   5.82089003
   8.71458766  11.29314002   9.7948339    7.61299519   8.64879623
   2.99182982  12.42549916  10.59124984   0.52241251   8.63903064
   1.04029334  10.75732459   7.23316936   9.14916969   3.96266173
  10.9237825   10.9237825    5.27988842  10.35646393   5.82089003
   8.71458766  11.29314002   9.7948339    7.61299519   8.64879623
  15.78026537   4.32607311   6.41450141   4.58344787   3.93472501
   6.92702623  16.03774362  10.23662916   1.26085097   9.90317637
  16.15211478   4.64905722   3.22976803  17.41496343   0.63455065
  14.66688315  11.84923606   6.3252172    7.04686452   5.36540325
   8.854455    13.67125621   6.93437153  10.75732459   7.23316936]","[ 15.74032442  11.47746103  13.63021259  20.07236209  13.13981615
  12.43744796  19.12993705  18.54595032  16.32641058  12.63760615
  17.62612752  19.01681782  15.8806979   22.98607449  22.23863678
  10.61051964  18.05394728  19.99291108  22.18477519  17.84846543
  15.68616499  16.88897187  18.69692402  16.88897187  18.69692402
  19.13255294  17.75409679  11.81139118  14.72010894  16.02635221
  12.50457679  18.05155944  15.74032442  11.47746103  13.63021259
  12.43744796  19.12993705  18.54595032  16.32641058  12.63760615
  17.62612752  19.01681782  17.79485975  15.0626201   20.71317899
   8.17783821  10.17608004  15.8806979   22.98607449  22.23863678
  10.61051964  18.05394728  19.99291108  22.18477519  17.84846543
  15.68616499  16.88897187  18.31421172  13.52924936  13.92206885
  18.67942423  14.43328004  21.0821131   17.76173002  24.73032456
  17.4930523   18.74102549  17.29894909  12.51127859  16.8514165
  13.74518084  11.57930657  17.02084093  12.40819135  15.70015785
  18.55641316  22.58429576  19.88341972  16.0377508   15.3754605
  18.77437181  22.76047382  16.43366194  13.50639736  12.23062709
  17.8855976   10.17608004  15.8806979   20.07236209  13.13981615
  12.43744796  19.12993705  18.54595032  16.32641058  12.63760615
  17.62612752  19.01681782  17.79485975  15.0626201   13.52645825]","[ 41.05427933  38.1168623   44.52341562  37.07601337  43.18668901
  45.48581025  40.88369207  37.49408675  46.21253127  39.66345671
  32.95553564  43.82015738  40.42634895  47.04332178  41.99192662
  44.80853218  44.15002411  43.70673528  43.33825904  35.79110789
  36.92995545  45.20366078  43.18668901  45.48581025  40.88369207
  37.49408675  46.21253127  39.66345671  32.95553564  40.79024617
  40.36742347  40.89605252  38.62314409  37.43443681  42.94523581
  42.21092481  48.47414743  37.44092914  43.54344159  42.78731993
  45.02179594  37.10913718  41.99522725  47.23463903  48.84298471
  35.35635789  40.67197255  41.00801839  39.49186547  37.31726721
  38.79254631  33.60062084  41.63634848  37.29489767  36.8927718
  41.43069311  40.65957144  44.66487458  41.44178311  39.69315187
  42.71100942  39.90895276  44.7457311   31.66763795  44.04734678
  44.88707765  41.56152921  42.74366638  43.91313237  43.47993208
  40.4758719   47.75565781  35.20855414  40.75130246  47.07122381
  46.81843461  38.93144953  35.13556156  38.35631655  36.8927718
  41.43069311  40.65957144  44.66487458  41.44178311  39.69315187
  42.71100942  39.90895276  39.00119704  35.93850489  39.50180801
  46.77535178  41.14550519  49.06318974  52.00432623  32.8010985
  42.39011834  47.35941347  42.053576    35.35635789  40.67197255]","[ 22.82122309  25.97826629  27.46689345  28.28632989  24.85346954
  23.26347337  27.33655234  22.43440391  27.63056156  24.66125405
  29.09170888  27.98613756  30.60992742  27.72200423  29.87133208
  22.67119436  21.05801943  26.41021479  25.69824848  27.76421006
  26.59740727  23.41066317  26.60316812  24.25970053  25.77255405
  26.5515526   23.48960017  25.07391651  25.88602632  24.2437426
  29.92888121  26.61872233  27.40471726  27.45513379  31.65335043
  25.92925284  26.49919164  28.71146749  25.51390393  24.68857633
  23.99410954  25.0773166   25.25986923  25.83509936  23.29820365
  28.96105815  28.99413284  24.97818307  24.22734488  27.13269863
  26.88010339  25.16465132  28.13100771  26.05490951  25.88602632
  24.2437426   29.92888121  26.61872233  24.86205665  28.70694297
  25.98388446  22.83839974  28.65126448  26.11043045  25.83509936
  25.77255405  26.5515526   23.48960017  25.07391651  25.88602632
  24.2437426   29.92888121  26.61872233  24.86205665  28.70694297
  25.98388446  23.24153304  28.99273275  30.27091513  22.16564863
  29.18895692  26.98346401  26.81661222  27.35965111  24.10507522
  28.25234558  24.05907424  22.54346562  23.60628649  26.43144278
  25.71929685  24.29668489  21.2503687   26.35426582  24.29875031
  26.03352794  22.34421062  26.62161026  28.5921985   29.16848634]","[ 28.41246435  21.01190646  24.93379204  29.02799587  24.14383183
  29.10941518  24.33146766  20.24118839  18.27371184  23.5482131
  22.49597613  24.55275419  23.76280939  20.85709057  34.57138828
  26.51484936  29.65015984  28.68730934  22.68743422  19.63846504
  28.41246435  21.01190646  23.90072146  20.73550347  29.15032868
  33.14136309  28.74281897  25.48259863  35.99180255  24.18217366
  25.96309055  31.4916634   25.42060941  16.68585319  20.48221157
  26.19533111  23.19128419  32.15697675  31.63002865  25.34592977
  26.90839772  22.5195993   24.76442858  30.7757662   24.75999734
  29.1819365   24.43241001  22.2297276   21.29793558  27.53699713
  26.18039516  24.73614867  20.83034427  27.07336638  29.09822417
  23.36177023  22.11247637  33.29400249  18.89830784  27.23655045
  26.48482744  21.3435257   25.64180159  16.68585319  20.48221157
  26.18039516  24.73614867  20.83034427  27.07336638  20.16463528
  24.50019215  22.89238615  30.18141768  25.42722169  32.14772999
  22.89267614  24.15232904  29.22105919  26.1864599   24.92628723
  18.47192812  28.55960536  25.27916868  27.39154263  29.89133709
  27.63899917  19.02729139  20.58206345  21.26363674  23.63731798
  24.55275419  23.76280939  20.85709057  34.57138828  26.51484936
  29.65015984  28.68730934  22.68743422  21.09904886  27.67617108]","[ 30.12313503  31.72616508  45.18176065  28.02939345  41.57148368
  36.50786773  38.05336354  32.63011857  36.51872208  35.63070952
  30.26509058  30.55054268  42.65483067  30.2702842   32.86345067
  38.66558493  37.17774982  39.42861234  38.45321823  37.37600366
  40.70001788  39.83060135  33.95440227  32.16060053  38.22554869
  37.97869792  39.06984313  39.02702353  34.49668123  39.57166745
  39.53841379  34.72062624  37.35854484  35.32923787  38.78823955
  36.34253951  36.81794899  32.43364084  39.23398214  40.19952399
  37.99104617  38.94112106  39.10850218  38.98008265  41.74175618
  43.23767932  34.01048064  38.57535037  38.78631141  34.97809615
  37.12499087  40.70849585  38.29647374  36.23585754  38.46291475
  40.61343189  37.4670587   35.98184473  37.2235161   41.00711205
  45.72492908  36.1139784   37.1861273   37.89025446  43.04765067
  35.57816604  40.40689083  30.55054268  42.65483067  30.2702842
  32.86345067  38.66558493  37.17774982  39.42861234  38.45321823
  37.37600366  40.70001788  38.45321823  37.37600366  40.70001788
  39.83060135  43.24211976  36.29297331  35.16468663  41.60215656
  36.46583213  44.69416209  32.29271206  37.51586922  38.72327853
  39.95580772  44.3365085   47.64208241  40.66146216  38.3059861
  32.15919349  45.11424494  38.41578333  36.29297331  35.16468663]","[ 33.28299319  34.32868042  34.29138347  28.88526633  31.06153532
  27.5239054   30.1425562   29.28604399  28.66989259  32.32937239
  29.36819754  31.42793299  34.52455461  28.13397453  30.75934217
  28.54939486  26.7572402   31.6656263   24.12081044  26.02740525
  28.40201747  38.85710929  29.7659674   27.25067264  36.08669478
  29.83288612  29.14530412  37.25158033  32.85973181  31.07494052
  34.50369733  26.03072957  28.93823717  29.26019878  34.13728547
  32.97779961  30.69794056  33.45053234  32.84829152  32.19040859
  31.61372072  27.59519466  24.96102616  27.9537199   24.85835139
  33.42397327  22.49221707  29.39154494  30.88302022  30.43882875
  24.14961698  29.0000837   32.27443643  35.80536974  33.85519548
  34.59823661  35.8437034   25.56710477  32.78665572  33.25549833
  29.84626407  29.92880847  29.21789348  31.02304517  28.07821181
  21.68513579  32.46162225  27.03237398  31.62343684  29.58009279
  22.82173473  30.62442011  29.58136804  33.26264105  25.99852363
  32.38779326  31.17992284  30.4649612   31.95230726  30.36725486
  32.62511626  35.85908326  35.43088024  36.94555934  29.53821685
  36.65301952  29.49193769  32.10844414  34.66932202  32.54610148
  30.7361262   38.85710929  29.7659674   27.25067264  36.08669478
  29.83288612  29.14530412  37.25158033  32.85973181  27.97445849]","[ 38.59426489  36.69364464  31.54468206  31.51705146  37.45112858
  29.27435908  38.0775206   38.64273155  35.20577182  38.91758699
  35.67460117  34.44302854  36.34828517  37.01913793  43.1064809
  41.22425701  30.05033662  39.35835175  36.94453303  36.05204767
  38.16059012  34.21399327  35.55540273  33.87332026  33.61228622
  33.42793227  34.17511463  37.60624195  37.89193248  34.99257216
  35.3694881   36.4881094   34.24105027  31.80400188  37.15708914
  31.30934893  39.08835812  36.56972655  35.10292724  34.18386471
  39.31771613  31.61216426  33.29371332  37.45451335  31.67336713
  36.59658792  33.06483895  37.65660657  35.03204743  30.70407656
  41.06248426  38.72785348  32.47512102  34.61487335  32.37177806
  29.07390154  35.37974187  31.44417729  31.10029734  33.98096377
  37.05212527  40.08387745  32.57635557  36.84518512  34.46381738
  32.8288317   42.29205035  30.17985343  30.84928806  34.18618885
  31.67336713  36.59658792  33.06483895  37.65660657  35.03204743
  30.70407656  41.06248426  31.50710717  39.06920766  36.57805231
  36.38280478  38.0915035   32.9916916   35.24446363  39.88396745
  38.03627536  40.02655764  34.33066312  35.03204743  30.70407656
  41.06248426  38.72785348  32.47512102  34.61487335  32.37177806
  38.25432652  34.43982667  31.05209294  31.54468206  31.51705146]","[ 44.41468055  34.99234679  34.26781049  40.05696183  41.57927386
  36.76197249  38.6099716   38.42777449  40.12389452  45.06287579
  39.2860829   42.41112641  34.49933848  41.93199236  39.30931975
  42.1369123   44.05730617  37.47880437  45.46285753  38.85083588
  42.81141065  48.7109063   48.50573439  39.3282464   43.33970735
  39.27583962  35.74274094  42.77801117  42.45788482  38.11955234
  41.02560271  36.33711184  44.02640453  37.19170529  45.46391953
  44.79575351  43.11203478  42.51538144  39.78867534  43.12266112
  44.71752735  39.10578596  49.91545878  41.97193967  39.16503082
  40.54772178  46.8078794   36.18073431  39.56740102  38.03511804
  49.43531904  38.56914061  35.72234181  39.32857743  36.8583636
  45.46391953  44.79575351  43.11203478  42.51538144  39.78867534
  43.12266112  44.71752735  39.10578596  49.91545878  41.97193967
  43.90256334  43.34746706  41.91834827  41.58180733  43.18834576
  37.79706341  32.09020637  47.78251118  41.73154931  41.63271128
  44.67715748  40.94749543  36.98123707  40.24833642  43.89564524
  48.50573439  39.3282464   43.33970735  39.27583962  35.74274094
  42.77801117  42.45788482  39.71066874  36.74488569  43.84426748
  41.91324379  39.66267111  41.55942545  43.83119881  42.38382336
  43.44912437  37.46357458  35.81944499  44.61946346  42.54768822]","[ 33.4388257   38.6803055   37.75906185  30.30770764  31.67812664
  28.54586537  46.37974032  30.11664634  38.80815482  39.71707792
  42.53011074  36.79804214  28.86987673  24.58421733  32.83884434
  42.71112207  36.29828196  27.85346963  32.75217119  33.17987594
  38.39108302  42.78529088  30.44678103  34.10104436  37.33879804
  38.27990911  43.31090185  33.15290847  29.78080245  35.70383166
  25.54378845  34.98778533  34.29419664  33.80947807  36.60150537
  42.82481988  30.3616772   40.80405914  42.04432154  36.15740034
  42.97102586  22.82957237  39.74834199  36.07620651  44.02244196
  36.00756413  40.17535005  38.52592629  35.57837329  39.14265905
  33.77292666  25.4888077   32.2231429   23.28720088  38.54084506
  41.00014349  30.7244449   35.84104844  32.19900815  35.89235614
  31.67455192  35.56171387  30.01025419  36.71933036  35.69569702
  36.77969547  30.4909244   39.34215446  22.19359281  40.2356563
  33.4388257   38.6803055   37.75906185  30.30770764  31.67812664
  28.54586537  39.57652434  33.19717232  38.72545719  28.04861968
  36.79804214  28.86987673  24.58421733  32.83884434  42.71112207
  36.29828196  27.85346963  24.57206882  41.21983302  22.18309672
  29.25673351  37.33474889  42.88162757  36.75657701  30.2096667
  35.67451699  36.31976902  34.16288764  26.5389827   37.19232786]"
"[  5.84852302   8.6561964    7.96951411  13.84528067  11.98330931
   7.84081363   9.26408397  10.20914984  18.01872113   9.92176707
  10.39291033   6.73546203   8.19504112  -9.68504648  16.37971919
  15.68405437  10.73722664   8.27535211  11.58034255  11.4368626
   1.75477651   8.19504112  -9.68504648  16.37971919  15.68405437
  10.73722664   8.27535211  11.58034255  11.4368626    1.75477651
  14.55302798  12.50545573   9.43620877   9.25620712   9.10780897
   3.69761283  14.93682321   6.31851413   7.2485705   11.57443981
   4.59091099  10.99841652  15.07509357  16.37971919  15.68405437
  10.73722664   8.27535211  11.58034255  11.4368626    1.75477651
  14.55302798  12.50545573   9.57521855  13.12481412  11.58034255
  11.4368626    1.75477651  14.55302798  12.50545573   9.57521855
  13.12481412  11.74152245  14.51563293  13.9297046    8.64075294
   9.25620712   9.10780897   3.69761283  14.93682321   6.31851413
   7.2485705   11.57443981   4.59091099  10.99841652  15.07509357
   6.96652429  11.57443981   4.59091099  10.99841652  15.07509357
   6.96652429  10.45008557  10.39291033   6.73546203   8.19504112
  -9.68504648  16.37971919   2.35009707  14.92893087  15.12895535
  10.36395737  10.07988592   5.84852302   8.6561964    7.96951411
  13.84528067  11.98330931   7.84081363  13.56972346  11.68020225]","[ 14.3900238   16.14878617  10.45436828  16.21554638  18.58858476
  16.95233442  17.21912735  20.09131317  14.12089554  16.75407663
  19.98064658  11.38107657  16.60315928  19.19049751  16.14669068
  19.57056369  15.454655    13.87619147  19.83213908  14.3900238
  16.14878617  10.45436828  16.21554638  15.64432761  18.31878894
  15.02062672   9.43677843  16.00364847  19.91058947  16.5674075
  16.34707202  18.74476583  16.05296376  18.99639423  16.76572804
  23.77624388  12.37488423  15.4176079   16.91487847  14.82274467
  19.30828616  11.81738724  19.95226781  11.91991209  17.40804464
  22.85207044  13.82397743  15.41225747  18.29256722  19.00277614
  17.13522435  20.5565789   16.37896374  14.9851437   19.95226781
  11.91991209  17.40804464  20.04786526  18.15622413  22.81610431
  20.40200103  15.29629618  18.50882695  20.42590221  18.87554279
  10.45436828  16.21554638  18.58858476  16.95233442  17.21912735
  20.09131317  14.12089554  16.75407663  19.98064658  12.78992056
  18.99639423  16.76572804  17.40804464  20.04786526  18.15622413
  22.81610431  20.40200103  15.29629618  18.50882695  20.42590221
  18.87554279  16.44355187  18.45899108  17.3384078   15.33613074
  20.19526781  21.39477638  19.44537801  14.54493348  19.32077979
  15.10892067  20.19063638  21.52040631  18.15622413  22.81610431]","[ 49.86559288  42.96268671  47.13874963  45.05574282  46.51257287
  44.04213666  44.74356721  46.77732318  34.71337932  48.73519487
  45.23058016  46.07926245  44.93200743  41.27231028  40.30730319
  40.52841321  35.98772156  43.50321929  43.60695835  44.4268949
  42.21255961  48.814802    48.35898714  44.74891096  47.29262585
  40.37737829  46.84779774  43.38624154  44.29278065  45.15541782
  42.16313146  45.05989334  40.92406698  38.59558482  46.32484827
  43.60616087  47.94426103  44.21390751  42.5915595   42.87582543
  47.76533407  45.32046761  35.12645009  43.00253363  44.60369643
  47.80063659  47.8910767   44.83099463  41.33686726  43.34798731
  43.06868457  49.75020723  43.90530547  49.80969725  41.27231028
  40.30730319  40.52841321  35.98772156  43.50321929  43.60695835
  44.4268949   42.21255961  38.34318705  42.28074598  38.48001644
  46.51257287  44.04213666  44.74356721  46.77732318  34.71337932
  48.73519487  45.49561625  46.53244467  39.74601648  45.86088594
  46.88259415  47.49766681  49.52230214  47.4337375   42.52198034
  48.10210514  49.45034803  41.73613731  42.08795185  46.36875291
  47.18958951  46.79258151  48.40397252  43.16045088  42.04249595
  40.92406698  38.59558482  46.32484827  43.60616087  47.94426103
  44.21390751  42.5915595   42.87582543  50.31781422  52.39369897]","[ 28.16913189  26.17118582  27.84574283  25.76473462  28.94967251
  24.73833744  23.95772709  28.0970582   29.19207211  25.32280788
  22.96715471  25.53692135  27.50633115  26.811086    24.01270085
  20.23431731  24.21406924  22.29797252  28.58862265  23.60288918
  27.83723426  24.31889987  26.68385781  27.54736578  22.95768618
  21.01983926  21.70941888  30.02391593  26.53328049  25.2483667
  23.53595983  23.13447358  19.88792181  27.24865039  25.55036665
  26.17152332  26.43371386  24.93746295  28.48923887  25.39969139
  29.56252846  26.01084888  27.54736578  22.95768618  21.01983926
  27.56416358  23.80151795  21.43319268  22.78788291  27.72837861
  25.31869324  27.91800225  27.62374901  26.44589257  23.92378353
  29.09694735  25.38491402  24.21034232  24.85933554  28.45969707
  27.56214036  26.06255288  25.92804658  24.04452168  24.41371963
  25.2875867   22.99279507  29.58358749  29.48222792  24.23754495
  23.1791655   26.88721685  29.21305211  19.06531257  24.58013506
  31.17129779  28.48923887  25.39969139  29.56252846  26.01084888
  27.54736578  22.95768618  21.01983926  21.70941888  30.02391593
  26.53328049  25.2483667   23.13447358  19.88792181  27.24865039
  28.39430212  19.80360773  31.27960971  25.66344104  25.39058995
  24.69674437  21.53153881  23.22801258  24.66180169  23.21363233]","[ 26.8322824   17.82693406  24.03647164  15.67870529  21.42675803
  24.99703941  22.06890205  15.5739217   26.42688446  32.02131977
  18.56034208  20.311808    20.56159242  25.77679256  21.62791528
  28.51291147  27.54357384  25.95432712  26.8322824   17.82693406
  24.03647164  15.67870529  24.53214975  16.15571741  23.23491517
  27.28031972  20.49873197  21.98399176  27.42223043  22.65440047
  16.16241575  19.17301365  14.17679994  16.76066363  17.26248777
  32.52485993  31.86118237  20.59781624  28.88671409  17.30634404
  20.65667353  24.2491898   19.16014507  13.25174778  11.81089314
  23.42128394  21.0052653   12.6348246   14.8701265   17.56668432
  18.92859831  24.74151136  17.08318736  23.52430704  21.10532168
  27.5676805   17.89023856  20.36150162  21.94451767  23.42128394
  21.0052653   12.6348246   14.8701265   17.56668432  18.92859831
  24.74151136  17.08318736  22.36769088  19.59882704  17.05770652
  20.43603013  25.0430519   16.16088138  22.2829876   17.32570667
  24.53214975  16.15571741  23.23491517  21.10532168  27.5676805
  28.13893957  21.17766414  23.26262309  17.94768659  17.54884152
  19.75751773  17.38158762  18.97268572  26.92154727  16.97271531
  16.64339097  16.49449029  24.94147675  17.26855354  19.6183214
  25.82479281  23.69365522  18.19455708  15.81106812  23.14746311]","[ 32.80953446  39.99033395  41.86889795  31.9621308   33.08183348
  41.53495347  33.80169312  34.80027815  39.54904025  38.65610497
  28.98604213  32.16002094  41.51075295  32.55796835  42.52471117
  39.8390536   40.7491322   31.77278323  41.27392834  38.5505274
  36.42304203  29.5602594   40.85738033  40.31568189  35.27942352
  38.32596856  37.93240459  27.38929052  37.28018358  34.12293704
  39.40530504  40.18484284  37.88426995  39.9392965   34.57293446
  38.09188451  34.04254264  28.80852417  36.17769356  35.86146907
  33.52376735  31.19200846  42.10795902  39.08154501  34.903621
  39.31779467  36.63818734  33.62371206  35.58278361  29.02466666
  38.97302542  40.07069578  33.89170523  37.25243453  40.36853654
  34.68001893  34.56458126  32.81595502  36.41517072  37.28331278
  38.08749034  36.12246194  34.56616414  30.61919507  38.59321438
  31.77278323  41.27392834  38.5505274   36.42304203  29.5602594
  35.93709846  40.85738033  40.31568189  35.27942352  38.32596856
  37.93240459  31.37362441  32.16002094  41.51075295  32.55796835
  42.52471117  39.8390536   40.7491322   31.77278323  41.27392834
  38.5505274   36.42304203  31.49188675  41.27598602  36.59011953
  37.84011693  33.64150124  37.74955319  35.92810864  36.93821352
  38.07944794  34.21039538  35.50601957  39.19605616  36.36044616]","[ 22.10091918  33.7607285   28.72269187  30.12434957  32.0240181
  25.38906953  33.14718655  32.03386283  31.35482269  26.40308332
  34.56662167  32.1840064   37.13254704  31.0817747   33.96538807
  33.99871345  29.82006456  28.59102432  28.30040564  31.98716302
  32.56270597  26.51493765  33.96538807  33.99871345  29.82006456
  28.59102432  28.30040564  31.98716302  32.56270597  26.51493765
  31.15453984  33.48764476  30.08242798  28.91354363  27.99241194
  33.12602573  28.35340414  30.36010682  39.54429836  36.51172113
  34.90029963  28.3059327   34.82768015  28.28280724  37.98623797
  32.80599132  35.56892603  34.63170772  27.90749105  29.9449842
  33.23745227  34.22304885  31.56447036  33.83069099  26.6866085
  33.76309768  31.65780395  26.4128965   32.97026851  34.27085098
  30.74935358  35.15735657  37.57022656  39.51375381  30.11480881
  31.17433809  33.04531067  30.02704989  34.53161395  38.21471106
  32.74578625  31.20220003  34.01866243  31.68753009  28.67604214
  38.49499058  26.35603717  27.88716728  36.70328311  31.9901055
  34.48317272  31.46644603  24.10245292  33.73931312  26.46840332
  33.12890662  36.70431178  33.04531067  29.64620186  32.06332654
  25.05914535  26.9296401   28.12206652  40.1357068   26.0412259
  33.23470334  31.83572466  32.2493796   28.72771677  30.59385228]","[ 27.23808726  38.14251313  22.9003232   32.38968313  32.75361125
  35.55067386  36.22062031  33.8753607   27.23305415  34.15394541
  33.47011923  37.00848503  35.63237408  39.54996023  37.23717209
  38.73963325  37.67969988  29.23931881  36.37322116  39.15801323
  32.29415987  28.29814912  33.43521274  32.09721673  38.21345744
  34.55185034  35.25904459  41.72670713  33.08902444  36.01963711
  32.57747745  31.77426597  39.28695569  32.38968313  32.75361125
  35.55067386  36.22062031  33.8753607   27.23305415  34.15394541
  33.47011923  34.70497042  31.0656043   29.85046521  36.01963711
  32.57747745  31.77426597  39.28695569  34.57101872  34.14228995
  37.66758874  26.26313912  40.61605791  37.16953668  38.35672083
  34.6102301   30.71065349  37.96758146  37.76199841  38.44217051
  37.58474658  36.46573098  34.30038199  36.72272459  37.09902141
  37.45309381  31.95750051  31.62892896  28.45150817  33.62702099
  37.04627197  36.19273316  34.50770656  35.77982218  30.86336529
  36.3341244   35.25904459  41.72670713  33.08902444  36.01963711
  32.57747745  31.77426597  39.28695569  34.57101872  34.14228995
  37.66758874  26.26313912  28.52626515  31.0679063   39.40244604
  35.28833677  37.43867509  25.55378312  38.22140611  33.3993997
  38.43035279  36.99063249  32.96925844  35.67630387  32.04081381]","[ 41.74148058  48.03110964  42.45147862  46.71010345  46.81911596
  38.20178934  41.82663144  35.5116893   53.9300913   36.8771878
  38.7475925   35.33245518  37.41787364  40.55323203  42.17439662
  42.15866972  34.72438692  39.85498269  46.95004428  38.62497146
  42.60215317  36.79878054  41.33452938  45.09851841  43.03750475
  43.68830298  35.83888178  43.21107039  41.31065849  43.17197754
  45.53141732  41.93027267  35.9720831   44.90869906  45.15965295
  29.70850226  37.00267564  48.1226338   42.45189319  45.16809619
  37.78845605  38.82086059  43.48024155  44.24098504  33.79735813
  43.29536622  35.19221177  42.42412157  40.77339962  41.67822884
  34.29747561  34.68600478  40.17735677  50.69407593  44.90869906
  48.1226338   42.45189319  45.16809619  37.78845605  38.82086059
  43.48024155  44.24098504  36.77109096  45.41525261  45.10865936
  38.58281413  39.61170855  37.90517917  47.76291304  40.08240904
  43.04667425  38.54259212  44.61396507  39.44735876  41.10193056
  42.42172477  48.80300817  40.67577445  41.23369582  43.31882397
  40.77583971  41.60914231  31.99135472  41.69364217  28.20873101
  40.62350141  40.78244073  41.01735684  42.42767917  42.57040581
  41.08826431  37.22797001  48.05775472  43.52718063  38.93690462
  37.17107645  43.24374634  39.13688347  45.09851841  43.03750475]","[ 37.79474576  34.41019683  35.7549876   33.67554112  31.0005934
  34.12001759  37.30727925  24.81806353  33.73199831  40.9283056
  39.45229728  36.57764679  34.90604901  36.2265641   34.53580803
  32.25835967  42.6855031   41.47791685  38.2080887   26.79509855
  37.61487593  38.97876943  37.63145664  44.31536949  36.10326154
  30.96632075  40.07005992  39.84070221  37.9296939   39.71126667
  25.93131719  38.93065529  31.7258721   35.25312638  38.06838319
  40.03527508  41.27658927  41.32501502  36.57764679  34.90604901
  36.2265641   34.53580803  32.25835967  42.6855031   37.96077229
  42.81498629  38.76307488  34.17170023  41.93462039  29.81802631
  36.08704682  44.77029348  35.57748428  29.83046626  35.6675921
  39.04433527  34.42935267  22.72075217  33.55013353  33.21747848
  28.2886627   37.92092     38.05828761  39.13017742  42.13368168
  37.49489405  35.34628895  41.91589635  38.36850315  37.79474576
  34.41019683  35.7549876   33.67554112  31.0005934   34.12001759
  37.30727925  38.29213527  32.09937606  36.13539433  31.05039481
  40.51054695  42.83458349  35.94879132  37.97504566  36.30374362
  35.29795885  37.28819464  36.77678128  37.98536471  36.7541601
  42.11173693  36.35087947  36.18479152  25.93163521  38.7963433
  40.63080399  22.46783899  45.47157862  34.19344747  28.04242012]"
"[ 16.8971788   14.6217771   11.26896322   1.20556668  10.42387961
  16.06682656   9.1109001   18.02149603  14.29784393  11.01924023
  12.19786255  12.32457726  10.33057526  12.99580349  14.91951651
  16.67092994  17.7166711   14.79373105   7.84218162   9.06795674
  13.06149773   8.25819495  17.37945922  12.15309693  14.80079558
  16.86425235   6.46750299  13.04231205  12.32457726  10.33057526
  12.99580349  14.91951651  16.67092994  17.7166711   18.27934776
  10.44255418  12.12073334  13.57622696  13.61916213  16.08397568
  14.35527682  15.89195569  12.31431341  12.15309693  14.35527682
  15.89195569  12.31431341  12.15309693  14.80079558  16.86425235
   6.46750299  13.04231205  12.32457726  10.33057526  12.31431341
  12.15309693  14.80079558  16.86425235   6.46750299  13.04231205
  12.32457726  10.33057526  12.99580349  14.91951651  16.67092994
   9.1715225   19.16071311  20.82898738  20.10180504  16.60142535
  21.64962735  18.27934776  10.44255418  12.12073334  13.57622696
  13.61916213  16.52699727  20.49518078  15.88593264  21.93456321
   9.3344805   12.89368629   9.14775458  10.60637782   9.23507687
  15.3811853   12.0930398    9.1715225   19.16071311  20.82898738
  20.10180504  16.60142535  21.64962735  18.27934776  10.44255418
  12.12073334  13.57622696  13.61916213  16.16629674   6.33429976]","[ 14.27654473  11.74026914  16.42734127  19.7813517   14.33626156
  14.00029928  11.62632837  16.03231113  17.85812768  18.10359346
  23.46325566  19.3798864   14.27654473  11.74026914  16.42734127
  19.7813517   14.33626156  14.00029928  11.62632837  16.03231113
  17.85812768  18.10359346  20.40544922  17.0761911   13.35988298
  14.89744534  22.19174167  14.01551704  16.89741838  13.54442227
  19.3798864   14.27654473  11.74026914  14.66306984  23.19066683
  17.22085059  18.21477058  14.00165967  19.00387343   5.93548519
  20.72158382  20.33964987  17.31506819  20.40544922  17.21163215
  26.99234551  17.81066391  14.66306984  23.19066683  17.22085059
  18.21477058  14.00165967  19.00387343   5.93548519  20.72158382
  20.33964987  19.7813517   14.33626156  14.00029928  11.62632837
  16.03231113  17.85812768  18.10359346  23.46325566  16.81262484
  13.58667405  15.22686616  15.12176727  20.05894306  20.43700242
  18.38553206  11.61767619  19.86985716  17.20242425  14.50347295
  13.84550753  16.99432445  16.7604466    9.4738741   16.523222
  14.87568787  16.27897604  19.96395511  17.00970068  20.89624596
  18.2227097   11.07339165  19.16526415  18.67995143  12.27630345
  11.58532417  19.15088125  13.40191914  17.72710141  17.21163215
  26.99234551  17.81066391  14.66306984  16.30530434  12.71757036]","[ 41.79834819  47.77067238  43.10225087  47.58697289  43.4352827
  45.43982802  42.91739949  45.8101205   47.41545323  50.38112219
  44.87284252  49.64895502  45.41041644  45.9669256   45.10235128
  44.38660341  45.41667282  42.11029186  43.91174448  40.8799968
  43.86798618  45.73352765  37.1046144   45.467207    47.76010199
  49.64895502  45.41041644  45.9669256   45.10235128  44.38660341
  45.41667282  42.11029186  43.91174448  47.22636391  42.93863349
  41.79834819  47.77067238  43.10225087  47.58697289  43.4352827
  45.43982802  42.91739949  45.8101205   47.41545323  46.93364935
  44.5674821   46.29754863  34.37937263  44.01675459  44.15649468
  48.42250427  45.10631697  46.38679418  42.66878997  41.87020379
  40.37193725  47.78921537  48.54397626  43.12623128  43.94640944
  46.93364935  44.5674821   46.29754863  34.37937263  44.01675459
  44.15649468  47.49179524  46.46151283  47.50725525  46.11008151
  44.67815081  40.31223225  45.1673057   47.95110444  43.9679964
  48.48231364  47.67370135  42.05597704  47.20609277  42.53010837
  42.09343683  42.92037162  41.14056019  45.68276827  49.29621226
  42.61615346  42.55931836  44.91082738  42.41040794  43.13703119
  53.79455786  41.97439526  47.98915228  47.65419759  37.77251502
  49.5584252   45.14131218  46.91265186  42.56213647  39.96331307]","[ 24.90788575  24.07502194  30.513224    29.01138809  22.25500112
  30.96157752  28.91084183  26.12774838  25.86640743  24.59223743
  23.04499466  26.67223802  27.71314554  24.52843761  25.41428422
  25.43720028  25.01864673  26.73043735  25.91942815  28.64447347
  24.62606813  29.16402507  28.33203225  24.69335335  24.87929405
  25.09442795  26.05353092  23.89332849  24.6593974   26.9926646
  29.17301974  27.39629051  27.92459467  26.20064251  25.09475526
  28.48342058  25.18408357  24.51355313  26.49716285  28.3024222
  28.51921016  27.9598368   29.32941743  26.54316555  28.74629349
  25.22272231  26.20666106  24.90788575  24.07502194  30.513224
  29.01138809  22.25500112  30.96157752  28.91084183  26.12774838
  26.68665012  26.00694065  26.23942157  29.24920925  27.51050702
  28.20082832  29.59552853  24.92579215  25.88354928  29.21963032
  26.83865714  26.5069881   30.00558293  25.3256935   23.49458579
  25.96668424  25.4897463   27.09978449  26.10091416  26.49374895
  23.55510703  27.67526652  26.83450281  26.60352851  25.67120866
  27.17123295  25.85840822  28.39745396  27.88818843  29.81414557
  24.24385561  28.19228262  26.30830617  30.96157752  28.91084183
  26.12774838  25.86640743  24.59223743  23.04499466  25.96117285
  25.53875875  24.33432578  26.64469454  24.33432578  26.64469454]","[ 18.09086936  17.28257581  17.37410053  19.11283424  21.1804246
  27.23861129  18.14348947  24.51859079  22.25679105  17.81156388
  16.38028936  21.18269758  16.36321619  17.4651851   17.31737205
  17.8853582   22.23018021  18.09086936  17.28257581  17.37410053
  19.11283424  18.00930532  20.32270101  19.47406723  12.85246661
  11.02971121  17.96930861  22.08952749  18.93210045  25.60955497
  18.58713184  18.30554762  19.58921666  16.69058895  25.18845236
  14.69925266  17.24082554  22.99498688  19.07734528  16.47652607
  26.31945427  15.66508663  15.13594165  15.63967721  15.97710926
  20.2123321   16.29961942  24.37479461  14.95297414  17.28987569
  23.90541923  30.81311927  26.23825312  19.26803744  26.44444742
  15.65108791  23.14210268  17.30477526  20.84791063  25.52674328
  16.17259888  29.86991499  15.64870308  15.12944632  18.94176306
  24.37479461  14.95297414  17.28987569  23.90541923  30.81311927
  26.23825312  19.26803744  13.21814319  18.00930532  20.32270101
  19.47406723  21.43154878  20.08546363  13.2943382   19.71284208
  14.86778114  20.76023596  15.73711893  18.61990162  22.84595938
  16.39973502  18.66525981  18.14308327  21.90407144  21.44439077
  14.69982281  19.24865567  19.03701015  23.69775607  19.34337449
  26.44444742  15.65108791  23.14210268  21.98535368  20.66127896]","[ 36.50528663  30.29342525  37.63924906  37.80856983  32.85571401
  28.07207887  34.75263853  35.98227111  31.37881208  32.58908153
  31.1354892   30.01980915  33.21848227  31.94102249  37.74633392
  33.02343169  32.05239799  27.12751081  40.90636848  39.89224985
  35.50459427  30.68231709  33.66728903  43.96713245  26.61773591
  30.55195652  28.93312143  33.84205808  34.07505198  37.9036212
  43.87427331  33.52415803  38.63600229  38.11655338  32.71787146
  30.42752797  36.90171129  31.30901834  40.703187    42.83117944
  35.27166059  30.71563372  34.69344529  31.46892832  30.40598893
  38.11655338  32.71787146  30.42752797  36.90171129  31.30901834
  40.703187    42.83117944  35.27166059  30.71563372  34.69344529
  31.46892832  36.66225034  30.23487017  30.26634109  36.02351952
  32.52830966  40.55732475  34.30353752  37.82467967  33.50946714
  44.43687162  37.0471742   36.49256786  27.50127082  26.41316098
  30.5803053   46.44499998  31.73092817  40.42619178  32.10447407
  32.9651999   31.24054772  36.27402496  33.77414627  32.22977758
  33.21889323  34.11295843  31.74934837  28.39922438  35.12185105
  43.9880181   28.36746794  42.83117944  35.27166059  30.71563372
  34.69344529  31.46892832  33.7631199   30.01980915  33.21848227
  31.94102249  37.74633392  33.02343169  34.52673825  35.84385467]","[ 39.44114346  30.65426494  31.44468757  30.68756201  27.51936151
  37.92285567  36.89915728  31.00092409  36.81667739  26.74528611
  33.85456682  29.24772327  26.29754533  36.23952464  32.28882582
  36.28684044  34.17494256  28.42994589  34.94528637  32.83375477
  37.61547285  30.69642547  26.41480121  30.86739485  31.32178644
  37.52348481  26.99315664  32.62862114  32.92875085  27.48146539
  36.33788241  30.11774424  31.11684444  35.10463947  33.34509088
  37.38163163  34.37550022  32.16140728  32.54984085  35.59696208
  31.55455657  35.48563417  31.25794352  34.2188487   31.21835792
  31.40982431  31.0323421   36.09743026  24.99052737  40.00189743
  29.71799876  31.83527318  40.49231669  27.8765085   32.62975372
  31.79798122  30.33147404  26.41480121  30.86739485  31.32178644
  37.52348481  26.99315664  32.62862114  32.92875085  27.48146539
  31.04835343  29.60650281  35.62454123  36.1416978   30.48722661
  35.32969009  31.5667713   37.39290195  28.79880841  34.99863216
  35.59621868  33.40934949  38.27122208  30.08124521  32.83275763
  28.11376512  38.92171302  30.25665296  30.40191698  28.08770483
  36.49568481  29.87915371  27.8765085   33.05336341  32.2110327
  34.48218084  37.60960375  34.86726101  28.45392778  30.34442093
  30.26047745  29.34185725  31.04835343  35.73164664  31.49801711]","[ 34.08657154  37.3864742   28.67521384  42.61216152  38.18428057
  37.12077602  42.44590456  45.7309785   38.21235881  33.51434181
  45.13649296  34.67192076  40.24513487  37.02888239  38.60421798
  40.29407725  36.77252338  39.11104905  40.28059218  35.27227669
  34.92421941  33.58868036  40.77915052  36.43204134  35.99745516
  39.83894027  36.18213225  40.47868262  42.32874261  36.59904762
  38.84095237  38.55093588  38.26010366  44.45996422  35.93381475
  33.51673271  37.17481921  38.27399419  35.02742048  31.98659671
  35.69828493  40.2940935   38.85186413  38.63413623  43.64460855
  37.96581145  37.48266521  40.73627827  37.2398927   38.48185115
  31.27145673  34.43560526  34.80449222  39.60487386  38.18428057
  37.12077602  42.44590456  45.7309785   38.21235881  33.51434181
  45.13649296  31.99931533  37.94986414  35.96171947  40.32965972
  44.51878942  38.36267729  37.68769863  34.08657154  37.3864742
  28.67521384  42.61216152  38.18428057  37.12077602  42.44590456
  45.7309785   37.48266521  40.73627827  37.2398927   38.48185115
  31.27145673  34.43560526  34.80449222  39.60487386  39.06744338
  38.27135759  31.89854651  36.07241721  35.0255244   39.66271762
  38.79444601  37.11121255  35.54387226  31.71091166  34.89893338
  42.78465246  38.3640036   38.53015002  37.75025591  35.41574226]","[ 33.51486824  42.57831379  45.39539426  45.02326572  43.21900927
  42.41532296  44.29072604  34.93278617  43.17959193  41.23824422
  40.43932719  39.35237765  41.6263282   44.933121    37.91358321
  35.73663224  38.74540307  33.74054626  37.67133394  48.57193281
  38.33345061  37.91358321  35.73663224  38.74540307  33.74054626
  37.67133394  48.57193281  38.33345061  45.29004036  44.88890461
  44.60648221  37.01248669  33.73716311  42.50605736  46.91460875
  41.42306197  47.58721802  43.01006746  33.98979454  33.57214679
  40.18712478  41.24631392  44.05104574  23.32400676  39.31346039
  42.53613351  44.21120145  41.69682645  32.01633812  41.31735424
  41.96732909  40.34429424  43.69089549  45.8879554   34.26922732
  38.08157049  42.23263562  41.09871843  38.56306512  43.08668229
  36.0327294   43.10996547  48.04834071  42.32600492  33.74124285
  45.39539426  45.02326572  43.21900927  42.41532296  44.29072604
  34.93278617  43.17959193  41.23824422  33.28294298  35.42598265
  41.18739935  37.73494454  45.52176594  45.92434209  43.60542735
  40.3595441   41.14833568  45.22114894  40.52898119  39.73792914
  48.10525229  40.43932719  42.60991176  40.58982995  41.31832689
  40.22632222  41.72209028  45.91378561  36.27386686  38.09279764
  42.24592795  42.8416061   47.01629872  42.61863529  36.91717671]","[ 39.27857817  43.834053    48.41324993  34.86191092  29.96454946
  38.80336932  28.29785231  25.44415951  35.35654227  39.36860838
  37.36762786  30.33625149  37.2905248   38.31419401  42.82729203
  45.09831363  38.6445903   47.92302796  39.05665679  41.7864116
  41.81242039  35.07550581  38.80336932  28.29785231  25.44415951
  35.35654227  39.36860838  37.36762786  42.51581228  34.49257918
  40.14204241  33.58564685  37.90827379  34.48087895  37.47038447
  42.04779859  33.23198691  42.20463846  40.37419137  44.5866419
  42.74801974  38.47512153  42.28348643  46.48736138  46.23811359
  34.85668228  34.51395477  39.44198578  40.51508175  31.34449308
  38.95751506  46.15556627  41.77294334  35.56365398  40.96185751
  31.78772498  40.06334109  37.30010629  38.44894182  36.1749457
  28.37083161  33.79471472  38.33189804  43.22790893  37.74208843
  37.59847785  36.1749457   28.37083161  33.79471472  38.33189804
  43.22790893  37.74208843  37.59847785  37.46219221  43.99791213
  36.72435138  48.13868195  36.45096299  43.56260626  31.84565938
  35.94231076  33.06495799  40.38486705  36.55023408  38.17174341
  39.49917567  35.4513032   40.18605942  38.67277375  33.36688356
  36.22588515  40.42174937  27.88226715  42.38684953  35.87099258
  33.87181079  18.24300133  34.70127705  45.11647362  35.56561506]"
"[ 17.83935101  20.60939861  17.22403362  18.47563839  16.40706262
  13.59499813  11.64759901  22.52888333  11.87061495  -5.68647551
   9.91450819  16.88173969  -7.60804484  13.52177439   3.7126004
  16.21739013  13.33092598  18.69734022  14.7272185    9.17379082
  20.26473358  11.78855902  14.78886032  16.88173969  -7.60804484
  13.52177439   3.7126004   16.21739013  13.33092598  18.69734022
  14.7272185    9.17379082   9.38663229   6.75575096  14.17809656
   6.59390512  12.75937574  10.25520528  11.289797    14.71982292
  14.65148164  11.43505167  12.73891797  10.25520528  11.289797
  14.71982292  14.65148164  11.43505167  12.73891797  17.05844201
  19.94469849  15.73648213  14.78886032  16.88173969  11.43505167
  12.73891797  17.05844201  19.94469849  15.73648213  14.78886032
  16.88173969  -7.60804484  13.52177439   3.7126004   17.17231676
  24.20369085  17.55104693  13.60072626  14.86133928  19.73529412
  13.6021871   13.69799116  15.08909422   9.45013846  12.56644972
   9.38663229   6.75575096  14.17809656   6.59390512  12.75937574
  10.25520528  11.289797    14.71982292  14.65148164  11.43505167
  12.73891797  17.05844201  13.33092598  18.69734022  14.7272185
   9.17379082  20.26473358  11.78855902  14.42302466  11.09667623
  26.22376935  16.80798534  14.9484486   12.83433887  17.83935101]","[ 17.93961774  15.22438069  16.30319761  18.3904847   18.00678164
  20.11394177  17.5623045   17.63800301  21.55788427  14.05187808
  19.13948762  16.83645978   8.09903716  16.30979339  22.04300745
  17.33877777  16.06359422  15.39560322  14.88575314  14.06036852
  24.05158184  11.6211915   21.60972463  14.88768752  16.3696046
  16.83645978   8.09903716  16.30979339  22.04300745  17.33877777
  16.06359422  15.39560322  14.88575314  17.26461493  19.15309457
  18.13115677  17.89118616  17.93675502  13.47901635  17.39928899
  14.94339173  17.65606692  18.37855086  13.58240292  18.13115677
  17.89118616  17.93675502  13.47901635  17.39928899  14.94339173
  17.65606692  18.37855086  13.58240292  14.36228721  12.22982578
  12.22982578  16.87430397  12.99672391  20.80687128  21.27419028
  19.63217323  12.09941328  15.79797161  18.15677913  21.60972463
  14.88768752  18.15677913  21.60972463  14.88768752  16.3696046
  16.83645978   8.09903716  16.30979339  22.04300745  17.33877777
  16.06359422  15.39560322  18.33832732  13.08343091  17.27852145
  21.81000486  19.64865085  19.14241256  20.19086235  16.16801309
  17.26461493  19.15309457  18.13115677  15.07322805  17.42936783
  21.74936507  14.94360522   6.83082386   7.86766595  14.21740266
  15.44752917  16.04864914  13.55206617  19.93424845  20.63725353]","[ 35.48805381  47.83933452  40.745512    45.87417643  36.33324621
  39.16393386  46.40085859  40.95346262  42.9162201   42.2699661
  41.6394061   38.99751942  44.1286452   38.76358425  46.28068627
  43.36242071  40.13905401  42.46102397  38.05573131  51.4030646
  39.65447644  40.00563075  47.579451    43.07362191  42.58935637
  42.11553701  48.11355015  44.08028392  43.93483595  43.94219478
  37.31415168  40.68381865  41.82265701  40.27483806  38.83366087
  41.8437459   44.52172317  44.8867975   44.32639831  43.38570798
  37.86268622  38.47870022  38.54364599  40.79256     42.73765583
  41.00014465  41.80684434  44.94737773  40.59452369  40.78450163
  37.69997811  40.8905528   44.66664691  38.56891479  44.85516686
  38.81975739  39.87146337  34.21494795  42.96811471  53.52652206
  35.57228493  38.90222605  44.51837482  39.76402928  47.75152244
  42.53403137  41.62302465  42.14804486  45.11633117  41.44563753
  43.51399768  43.75685706  47.2520141   41.28058098  43.3030722
  43.26315116  41.38218693  42.10655986  40.6223102   40.79256     42.73765583
  41.00014465  41.80684434  44.94737773  40.59452369  40.78450163
  37.69997811  44.8867975   44.32639831  43.38570798  37.86268622
  38.47870022  38.54364599  40.22473297  39.72581829  36.54602635
  39.26477084  41.72885051  43.26536617  44.84266422]","[ 26.27531468  23.74192629  27.90529468  28.58706608  24.6376773
  26.36375291  22.88972789  24.3120902   26.64110218  27.97876891
  24.58638986  20.02287265  25.14071298  23.324699    24.21760138
  30.33394878  27.08153214  29.71832947  28.63668157  27.52206869
  23.84078299  27.54873692  26.04243761  23.54071227  22.88423805
  25.14421875  23.0718456   30.19025996  26.47635325  24.75582093
  27.67418092  23.12281334  24.4917937   28.42686813  25.47200699
  25.60263699  26.58667185  27.99111286  22.34113135  26.21259199
  24.10199469  26.6568127   24.61317269  25.91289924  21.522449
  26.75166683  23.39820886  23.09071176  25.30267013  30.79770293
  27.76924885  27.56813636  30.21247116  23.4236775   25.64598843
  23.80638385  26.68596751  20.03481912  25.84614938  26.86017788
  25.56116149  28.58293158  25.26532121  19.92129768  22.30423487
  20.03481912  25.84614938  26.86017788  25.56116149  28.58293158
  25.26532121  19.92129768  22.30423487  25.30410696  28.48467127
  22.84156894  28.58293158  25.26532121  19.92129768  22.30423487
  25.30410696  28.48467127  22.84156894  26.33514634  26.27531468
  23.74192629  27.90529468  29.10200842  20.53386134  24.2776465
  27.75578417  24.01791721  25.5690054   33.46689252  27.62721569
  28.25150489  26.87916043  26.30294371  25.48005804  21.35841296]","[ 10.38760854  33.87771351  28.65550224  31.18700552  28.79298997
  27.64239512  23.53748912  28.805267    19.78754808  18.5389987
  31.91830274  30.63176932  17.71938732  28.15170701  14.7423771
  30.0945368   18.2955851   19.83255727  20.66383573  20.83675211
  24.22063653  17.74766502  19.78754808  18.5389987   31.91830274
  26.49534833  21.94317627  27.85466878  18.19217725  16.29729124
  30.93562212  22.46119716  21.2219381   26.08187887  28.16410387
  26.3527097   20.70232115  32.79103974  25.25764288  31.73392776
  21.55376417  26.8815414   20.3115987   22.24379077  28.58350482
  17.78602555  22.11656539  21.18819625  18.29259044  26.87525208
  19.35729935  26.75032752  24.02270113  10.86081212  26.15456242
  24.02270113  10.86081212  26.15456242  22.39792282  30.35339641
  25.17345721  20.6584254   23.24728911  27.5395137   18.51002944
  22.28257705  23.70322208  28.26108128  26.3246949   33.74719086
  24.51905836  23.67365496  27.1739045   23.46426939  24.48650638
  23.98377588  31.03666765  31.73392776  21.55376417  26.8815414
  20.3115987   22.24379077  24.17831041  23.7994787   21.10002266
  18.3039153   17.41615317  13.04053896  25.14666311  23.88344241
  26.87757897  20.37377002  28.58350482  17.78602555  22.11656539
  21.18819625  18.29259044  26.87525208  19.35729935  26.82319445]","[ 34.39932802  31.14471457  33.90162455  36.50627602  31.57238537
  28.35827721  39.0734685   35.7182254   31.07501276  31.12924499
  27.32661237  32.66092808  29.35360724  43.65519391  33.77109308
  34.02685799  36.24181903  30.5838263   34.95027661  30.57437527
  31.31983374  32.0698283   44.26604756  29.20476514  31.08882792
  38.83458753  27.30564027  39.75918764  38.81029246  46.82279059
  28.12843601  43.00989199  36.17454467  34.39932802  31.14471457
  33.90162455  36.50627602  31.57238537  28.35827721  39.0734685
  35.7182254   31.07501276  31.12924499  29.62230612  34.0181756
  38.68405779  27.57668611  42.39279106  30.1879263   34.38743114
  24.83023382  34.09310366  37.48294398  36.17380438  37.68863304
  35.70751819  31.84001995  33.67206056  32.35915043  42.3552934
  39.04431474  35.91454396  30.33030919  35.95870848  35.78064251
  37.77005643  36.72393429  34.8157839   42.31377352  33.32836654
  28.22673278  42.8961366   36.67628647  26.74607142  34.86446905
  30.62559874  31.47725832  37.14224217  37.44121626  28.14074516
  32.34518246  34.36786532  28.48694434  34.69244991  35.9640605
  32.62170489  33.3995036   39.0734685   35.7182254   31.07501276
  31.12924499  27.32661237  30.39900565  37.77005643  36.72393429
  34.8157839   42.31377352  33.32836654  39.79919252  32.137021  ]","[ 40.31151451  40.91299574  33.20524733  35.84385303  35.30976906
  38.78159683  32.03991115  32.46469619  34.26798484  33.36067263
  31.61381138  28.66552481  40.44101817  29.8087178   34.18987557
  36.38082943  33.73342731  37.37161107  37.403406    34.86368414
  38.95066707  35.06932333  34.82537062  33.82998189  31.43808992
  33.53632885  33.47387438  36.98995361  34.16409752  41.19265745
  31.04269569  32.96736853  33.71903513  36.84105281  38.32474238
  30.34897136  30.36786231  33.71298098  40.51356764  36.07417192
  29.0996658   35.53141603  31.64888757  35.69005866  33.12999759
  34.46125872  33.76995396  32.97984401  32.88088475  35.06846569
  35.49821971  40.77864371  29.34257129  38.76713603  39.86315136
  34.09645966  30.47914755  33.88725333  41.41747707  34.69481308
  34.39956003  40.2591829   34.20978588  29.49481568  40.96938922
  32.90791858  33.78531176  34.18473564  34.71251247  34.83699782
  28.24478132  26.75566354  30.94102186  35.69012847  26.91336674
  33.09577749  29.68423882  38.36583786  33.05484568  32.13456438
  32.77064457  35.09317413  32.77714139  34.86870167  31.45261987
  40.31151451  40.91299574  31.22858096  33.22650642  31.4318453
  29.08206988  33.6066676   32.66360813  31.56095684  30.18855561
  26.3251453   32.20375492  24.12521573  34.75459058  27.47868462]","[ 42.79675758  40.03718596  44.09007897  42.63387922  42.96761597
  41.71399301  43.45062635  37.06217747  41.8353585   34.67796994
  37.64940985  39.56263736  42.65865713  41.98896718  36.33539585
  37.52113154  41.2154537   41.27689493  41.30427501  32.37992847
  45.48017796  40.78797631  34.34013346  42.55775893  43.02292286
  40.64813451  34.8554293   37.88950177  38.94628194  42.97739459
  35.626882    38.79868692  33.50396958  45.68218284  37.56631081
  39.08831227  42.36229229  41.1056967   39.26838258  40.38713696
  43.7974577   39.75725007  38.19264128  38.06045869  41.72847137
  42.96390596  40.71873883  35.35001311  39.46117087  30.22145873
  43.73489225  43.82679076  38.4606918   40.25670724  45.78919726
  37.48201987  40.61213349  44.68133054  49.1868196   46.5739092
  37.76689052  33.34756124  41.54686921  28.81897555  45.84007557
  36.15496543  35.35001311  39.46117087  30.22145873  43.73489225
  43.82679076  38.4606918   40.25670724  45.78919726  31.48300358
  40.14561757  32.2893395   36.86952577  44.52163849  33.8692152
  45.68218284  37.56631081  39.08831227  42.36229229  41.1056967
  39.26838258  40.38713696  43.7974577   38.0527088   39.35115344
  38.15778677  37.06560676  39.72788848  30.00190416  43.61118336
  35.58188833  37.73232146  43.60592023  37.2032113   42.97778192]","[ 49.24854448  44.32151551  41.84699957  42.8565384   45.03410505
  35.73063196  42.12138122  44.67526911  36.01675669  42.12190618
  45.60463975  47.0815153   49.66612739  49.02080544  38.12683182
  40.6350867   36.75867748  36.68193885  48.28693824  43.36425259
  36.34550434  41.47274179  38.4214082   37.35574415  36.51498132
  37.32781876  45.67515067  38.65920252  45.82311688  47.50975152
  45.67640824  38.30772137  44.38940071  44.03672847  35.24117189
  40.86632271  34.78616086  46.28512179  44.84225426  44.1360249
  48.65647391  43.04322006  43.80053179  42.51274913  44.08320834
  27.03414941  37.92017469  47.762141    47.20944702  44.6994897
  41.09162322  41.63142611  42.90568301  45.79040917  41.11702395
  34.78616086  46.28512179  44.84225426  44.1360249   48.65647391
  43.04322006  43.80053179  42.51274913  26.22541589  45.13427998
  33.69944389  37.71916437  37.46593354  41.8482504   52.67801213
  41.1610129   39.87908019  30.99957957  47.29309096  38.90934824
  44.33585093  44.38940071  42.04179439  42.14655425  43.27789863
  44.55727809  36.16258619  40.64830082  35.0169534   44.99152215
  45.5427296   47.52051893  44.55727809  36.16258619  40.64830082
  35.0169534   44.99152215  45.5427296   47.52051893  42.5214698
  41.75151006  42.03106563  37.32797632  41.31916372  38.72736156]","[ 39.11156482  32.9127017   29.68213688  39.60708322  32.08353271
  34.83768906  43.83296497  35.82172411  33.77332395  27.99296054
  42.00572178  45.19897163  35.26824301  37.22503822  40.8049114
  46.8792598   40.4910776   24.05668222  37.97091639  37.94311155
  35.49025542  34.85344084  37.25958243  31.91371773  24.45137512
  22.95621133  31.94658028  39.11156482  32.9127017   29.68213688
  39.60708322  32.08353271  34.83768906  33.077593    48.2082948
  34.1164529   40.97785728  39.61022121  36.85881018  38.74652232
  26.56175106  29.71573866  38.00577306  33.44157108  38.26062182
  34.15932144  42.77076455  40.68962746  38.967641    27.75424662
  37.21204123  41.07527824  38.15330834  37.72604296  40.393766
  37.13574461  28.5628062   28.63442156  36.87360806  34.11618298
  32.62804834  34.19485759  33.48230047  33.91161174  24.73240088
  36.01978279  27.95208928  36.28391942  34.93686499  40.47163666
  34.24879801  34.49721895  42.99923691  41.3627492   41.58920563
  28.41073619  43.60573522  30.87163669  33.33268158  25.47921703
  26.65830674  42.58399232  30.4916499   35.00613917  40.08196291
  40.89011981  32.13584662  39.61022121  36.85881018  38.74652232
  26.56175106  29.71573866  38.00577306  33.44157108  39.13837549
  27.39233986  37.96775402  40.74833466  37.04209583  36.64875862]"
"[ 16.56591639  23.70452656  14.74866282  25.78062155  18.28398149
  19.7197041   14.00905635  16.9952908   18.58302227  23.66507701
  18.32372924  26.95374462  16.63066442  16.86721016  12.41873946
  13.41036837  13.18411561  14.49717335  17.79225441  20.60246986
  11.691182    16.56591639  26.95374462  16.63066442  16.86721016
  12.41873946  13.41036837  13.18411561  14.49717335  17.79225441
  20.60246986  11.691182    16.56591639  20.60246986  11.691182
  16.56591639  23.70452656  14.74866282  25.78062155  18.28398149
  19.7197041   14.00905635  16.9952908   18.58302227   8.6249041
  10.35282152  11.98721278  15.28571116  22.58588722  26.95374462
  16.63066442  16.86721016  12.41873946  13.41036837  13.18411561
  19.7197041   14.00905635  16.9952908   18.58302227  23.66507701
  18.32372924  13.54081622  13.23389369  23.24426181  14.04574691
  17.75863062  10.44763415  15.83530155  16.35177219  14.13078873
  15.50211038  13.89954176  17.57945469  20.66699861  16.98220958
  21.3540432   14.17840828  10.35282152  11.98721278  15.28571116
  22.58588722  26.95374462  16.63066442  16.86721016  12.41873946
  13.41036837  13.18411561  14.49717335  13.47019498  26.28976067
  17.94327376  13.01054106  17.29003529  15.6669502   14.72943197
  26.17149088  12.0784154   11.77420365  13.47019498  26.28976067]","[ 15.15408165  18.76487553  19.05123026  14.82184747  21.60579955
  17.58701238  16.69766066  11.19019617  19.7010996   16.48545609
  14.96636216  16.9690025   18.89126363  19.28055022  20.55362787
  19.33481805  10.11648357  19.18277025  13.83790435  18.84665238
  19.91477025  24.41699523  20.25402601  14.19884561  17.87703676
  15.87802012  19.13140903  17.54903339  18.51244904  21.75825833
  19.99857509  11.71748942  19.9058077   24.93372401  10.87710768
  20.52998869  20.23845163  13.04139968  12.11467274  15.6962628
  27.90860539  19.34071785  23.39947482  18.84665238  16.1576576
  16.68741015  17.98228283  12.20408577  18.7135237   20.05067519
  19.2410904   17.77083871  14.32384535  11.71748942  19.9058077
  27.90860539  19.34071785  23.39947482  19.91477025  24.41699523
  20.25402601  14.19884561  17.87703676  15.87802012  19.13140903
  17.54903339  19.18277025  13.83790435  18.84665238  16.1576576
  16.68741015  17.98228283  12.20408577  18.7135237   20.05067519
  19.2410904   17.77083871  15.6962628   27.90860539  19.34071785
  23.39947482  19.91477025  24.41699523  20.25402601  14.19884561
  17.87703676  15.87802012  19.13140903  12.61432076  20.83498474
  19.26854646  12.76558741  19.0959412   21.48886347  18.47274145
  19.43262279  19.36206185  15.77019626  16.35322168  18.19388028]","[ 47.30677999  42.0057956   37.92906401  36.58964136  40.71279619
  40.1743706   35.94005837  51.24801737  48.5763632   43.08592554
  43.47641061  38.12320339  42.29602505  39.93676836  43.18795155
  35.8625423   42.96081846  46.00051735  45.07594948  49.27528494
  46.50669993  41.91528079  36.63008858  44.18919235  43.04548164
  46.09816711  38.96596096  42.24442152  39.35396215  39.12591564
  40.40758823  40.05839055  41.28392495  40.99389344  45.31389544
  38.62612464  44.72380433  41.0663538   41.23766359  41.16784013
  42.23724263  41.79146301  41.38842141  41.91056645  38.62612464
  44.72380433  41.0663538   41.23766359  41.16784013  42.23724263
  41.79146301  41.38842141  41.91056645  42.18610383  40.5260329
  36.09814839  42.376535    42.43793261  46.26806359  33.74599121
  45.23375293  47.95057224  37.90342742  40.29336941  36.16562957
  40.35916252  46.19864312  41.9258439   44.79382622  36.63008858
  44.18919235  43.04548164  46.09816711  38.96596096  42.24442152
  39.35396215  41.44033687  37.92134241  46.30706458  41.34455347
  34.95696837  38.12320339  42.29602505  39.93676836  43.18795155
  35.8625423   42.96081846  38.42724607  45.09454287  46.31025801
  45.69043838  43.57008155  34.20865816  39.48889553  40.75366573
  45.73979797  38.63867788  41.09520253  45.54122468  42.43581606]","[ 25.15331441  29.46239472  27.34122985  25.10409313  27.59224485
  21.207819    26.26146481  32.34664769  28.544134    28.25482507
  24.66061248  23.16356944  29.15636283  25.95765262  27.80796677
  27.4063339   29.03828802  28.70861078  22.42668557  27.35078938
  21.05463393  21.78058895  26.69306821  20.79346413  26.80442916
  26.50542465  27.62625673  25.21391509  25.0256945   22.88022708
  24.26892949  23.75431418  23.45707459  27.5718055   27.98020394
  25.67387583  22.67936022  25.16110023  21.86926627  24.73280355
  28.08613299  25.31733926  25.04123923  24.66549277  26.89912277
  22.71006356  29.16285787  23.98847837  23.03291849  28.1244182
  24.44554786  24.35429524  22.95836519  22.73733418  24.44160527
  27.52690855  24.16540329  24.57136827  25.93473072  25.11762901
  29.9522035   26.03635291  24.77658566  29.11021596  25.18676871
  22.95836519  22.73733418  24.98210032  26.8961687   27.02763359
  28.18813201  25.43249869  24.1386466   28.37768676  27.900764
  23.61499102  25.85820743  24.42455497  25.16959168  23.68143558
  21.79769718  29.00714411  26.73683493  27.43681446  30.03806486
  27.18375571  26.64866465  24.1386466   28.37768676  27.900764
  23.61499102  26.9542095   23.32967356  26.98285457  29.98093113
  22.01748727  23.9082821   24.64829316  23.03291849  28.1244182 ]","[ 30.14662567  14.00951312  28.12934414  23.96523483  23.24101288
  19.90927425  26.02390791  26.59523631  24.41650339  19.10959361
  20.45967383  20.02983947  17.37264215  23.07555423  24.44081316
  21.36092428  20.10465657  25.68233082  26.31991159  22.46194806
  16.92402921  26.26177103  22.93272615  11.54042013  25.02266556
  22.72928167  25.58128438  36.86522079  23.83991576  19.60472395
  23.59449034  19.73017981  25.14015568  19.84626001  23.84499933
  32.35975966  18.77855273  16.89053172  24.20121495  16.52154936
  18.74327939  27.57807428  17.42194714  26.27266535  25.04082174
  18.26762718  25.05625219  24.17932757  18.80243911  11.24650512
  14.78628838  19.96225643  18.31821709  18.25634888  23.40553055
  13.26048586  27.56566515  15.67347405  19.81883326  12.39848697
  26.1775793   20.0308188   30.14662567  14.00951312  28.12934414
  23.96523483  23.83991576  19.60472395  23.59449034  19.73017981
  25.14015568  21.14466284  22.03532719  26.35511016  21.16283118
  24.77099918  22.21250976  24.69763626  23.94285885  25.04105825
  21.81347588  21.13891642  26.042495    33.35569287  16.64714657
  15.76366334  19.02879217  18.77855273  16.89053172  24.20121495
  16.52154936  18.74327939  27.57807428  17.42194714  26.27266535
  20.50109645  20.02983947  17.37264215  24.8181498   18.18558117]","[ 35.53834116  39.91003083  33.97979908  46.14694588  31.29679151
  39.93681589  29.9027168   35.53380525  37.36981949  33.64242277
  28.91245053  38.35234506  27.73082167  42.51662114  29.827066
  40.57668751  33.17693021  31.17651874  32.85943957  31.41993701
  31.91610781  31.93874291  30.99874342  41.50056704  38.89230714
  33.07318503  44.54283573  39.74819002  38.87597603  28.89051371
  38.56099528  34.11228561  40.4717253   39.02965227  39.91167459
  37.84328544  35.32416703  33.14347607  39.95373766  36.07248121
  43.43503852  36.05595099  26.48802484  29.49120129  37.44072266
  36.33195635  35.76795595  42.38666056  39.39098677  34.28723989
  39.02965227  39.91167459  37.84328544  35.32416703  33.14347607
  36.30761786  37.16454585  38.92134419  42.96454313  36.08683274
  39.54586084  36.23887122  37.44072266  36.33195635  35.76795595
  42.38666056  37.16454585  38.92134419  42.96454313  36.08683274
  39.54586084  36.23887122  37.44072266  36.33195635  35.76795595
  42.38666056  39.39098677  40.95148538  37.71710973  30.45006692
  39.52075779  29.32536695  36.50838325  38.2295752   35.47471626
  30.95048237  34.35470781  27.07155218  42.66918485  35.90605468
  36.07054628  44.50936045  32.28279835  39.92643776  27.67883168
  34.15870181  33.56392704  35.34677117  43.78617598  37.0843331 ]","[ 31.42349014  39.41089016  31.18645773  35.83820702  32.31649845
  37.39755665  35.59774158  33.15286034  38.18763584  32.52177485
  28.37003579  36.24271073  31.78440578  32.7125782   41.10408447
  33.76800435  30.7277943   30.02645189  31.47871035  33.02857633
  35.88046144  40.01689635  32.35952659  36.11605191  34.61710917
  28.9480866   32.88596474  33.73106211  33.74848773  33.71066638
  31.90323577  30.82952313  35.84772515  40.43463202  31.80934655
  38.24880987  35.33339523  32.33271466  30.22752806  31.8547055
  36.52133992  31.39363098  34.87755121  30.60021776  33.73314947
  36.68836196  33.56986474  37.02115239  37.88141507  28.48514556
  36.70236378  38.95108184  43.12369826  31.40718651  29.77074114
  32.7125782   41.10408447  33.76800435  30.7277943   30.02645189
  31.47871035  33.02857633  35.88046144  40.01689635  39.72074041
  37.35151738  32.52177485  28.37003579  26.84202545  28.78541962
  41.32792669  27.37314552  36.53101068  39.20221529  29.38441137
  33.79636792  32.35952659  33.86584576  37.17597573  34.77872981
  41.30215601  34.36415578  38.78346804  32.01679252  37.48877653
  35.18101974  37.24846248  35.91384687  36.34472477  35.43072189
  34.83812217  38.98925925  34.67970687  35.74625173  34.47734388
  33.29756771  36.02916595  36.32743552  34.60141122  36.29866985]","[ 43.32409248  28.87822201  37.56082059  41.12407408  38.57257567
  38.8160111   41.21205659  41.15187493  33.894386    44.59524208
  38.30376089  42.24408567  37.88744136  33.49941871  35.28224576
  38.14801096  40.69582247  42.87413024  35.91831471  36.97196018
  38.3626814   36.68391194  44.59712838  40.2713057   45.22157061
  40.19989959  37.33099054  34.30734928  40.55090752  41.76877612
  34.93845377  35.49846153  40.40746444  36.67479388  44.00756702
  38.71795942  43.64430638  42.12985743  40.05767256  35.28728679
  40.83977214  37.070021    45.79971006  31.28118117  39.97394462
  40.65259597  40.23631596  37.54109376  39.04798387  39.97809645
  35.12017665  38.72972457  46.06368749  36.47002507  36.30086509
  36.54549809  36.92418219  42.53166702  36.67479388  44.00756702
  38.71795942  43.64430638  42.12985743  40.05767256  35.28728679
  40.83977214  37.070021    42.24751745  45.29586803  35.24149741
  39.11943351  36.54549809  36.92418219  42.53166702  36.67479388
  44.00756702  38.71795942  43.64430638  42.72073319  44.64156064
  42.96505765  34.51596681  36.48642536  39.17082573  40.64484027
  34.55140684  40.76369464  38.15825733  41.52342459  42.45789474
  34.33004596  41.60246356  33.40099179  42.63268096  39.720514
  36.66702873  39.71519954  45.22307025  41.42682486  33.95628965]","[ 43.85629835  48.28946437  44.15763443  39.6583153   40.31834813
  26.11190474  41.77104835  31.52856585  43.72441113  41.83489941
  39.64112778  42.94919808  38.00022202  37.68106363  44.73704363
  43.11645122  36.68999132  39.88510621  41.13016825  39.84926119
  42.20003699  43.03216345  36.34639475  36.92092707  45.89249323
  44.12200917  35.02351332  34.00446118  36.65380147  40.48140056
  39.22539403  50.26205091  31.82922287  36.16666454  46.20127111
  39.49533511  38.69075378  45.38095532  34.36909264  36.90926224
  48.52815148  36.51604554  44.53480358  37.74084234  37.30841793
  33.56844938  41.80291014  42.12049319  47.96473628  44.95932599
  35.73180284  39.89515454  47.01534777  46.10968933  44.08049335
  34.98184121  43.36762736  44.01636023  40.01582344  37.74084234
  37.30841793  33.56844938  41.80291014  42.12049319  47.96473628
  39.92317046  33.63760757  41.83859848  41.08231912  40.34090549
  38.13450677  37.76522542  35.38902239  39.87667676  42.33254374
  38.7162448   33.43572371  36.26394083  39.06823597  41.8625714
  43.08537044  39.61282718  37.57394003  41.75603841  42.43493704
  39.49854254  33.27162141  46.37300979  40.41670722  44.45332368
  49.91148441  41.73844484  45.41949249  42.64370041  42.78434358
  46.83540595  38.52017904  46.13714321  45.02462951  41.6836902 ]","[ 34.74029772  37.48239702  28.20946211  29.39096829  31.82938644
  36.54762442  36.19308157  31.90979601  43.34813247  35.66934926
  41.58985283  36.23310606  40.97017179  34.83998835  38.41325215
  40.37516571  31.84432402  45.34426491  36.35614325  39.32028746
  37.16723417  46.60643417  39.26792837  39.04380276  25.10789051
  37.65766373  39.02363268  34.59682659  30.54685357  41.89559838
  34.85102177  30.23218481  28.26401534  35.11229845  26.76478348
  26.22061875  32.23938073  28.66408015  28.62961007  42.48569572
  30.64323411  30.1916527   27.03388359  32.34507148  40.84869676
  30.41361431  32.61254098  23.1985656   27.84634879  27.63515846
  33.80507323  33.38048541  34.24849503  33.73320612  37.87927919
  30.24733682  37.32802795  30.96696306  30.63422907  38.83532042
  31.61037145  35.03913795  36.60985268  45.95594771  30.98828998
  40.71245532  30.64323411  30.1916527   27.03388359  32.34507148
  40.84869676  28.62086842  35.81551667  30.19842131  29.58484511
  39.62422649  41.10023222  33.43477794  39.80848212  36.62692527
  26.71062727  32.56943257  27.27553556  33.58421004  40.80228774
  35.99392192  30.8542277   42.62448637  31.42225806  31.12540532
  36.53183941  29.61483253  30.41361431  32.61254098  23.1985656
  27.84634879  27.63515846  33.80507323  39.54878985  30.95451922]"
"[ 13.07092035  14.65332388  21.40103795   9.76615665  22.87921173
  15.31845751  15.55529976  27.15516296  16.3727159   18.2257308
  24.34135268  17.2183993   18.19784595  17.55992956  36.45265961
  17.07237774  12.29244025  16.05757859  16.4866074   22.7499842
  22.29005356  16.12632534  17.07237774  12.29244025  16.05757859
  16.4866074   22.7499842   22.29005356  16.12632534  16.8604953
  16.92563724  19.07560532  16.95097063  19.01624181  13.4940078
  18.33822761  12.6717741   18.1759158   18.21376122  16.0024623
  12.79127689  17.32854242  18.84264528  17.07237774  12.29244025
  16.05757859  16.4866074   22.7499842   22.29005356  16.12632534
  16.8604953   16.92563724  19.07560532  12.32098922  12.37376114
  17.2183993   18.19784595  17.55992956  36.45265961  17.07237774
  12.29244025  16.05757859  16.4866074   22.7499842   22.29005356
  19.07560532  12.32098922  15.02557954  12.95950566  11.26193835
  19.8205318   16.95097063  19.01624181  13.4940078   18.33822761
  12.6717741   16.92563724  19.07560532  12.32098922  15.02557954
  12.95950566  11.26193835  19.8205318   16.95097063  19.01624181
  13.4940078   18.33822761  15.14463537  18.71669078  14.23437037
  15.96261352  18.67637848  19.48015257  20.88816486  13.81233532
  15.25655225  14.24119442  11.69742219  18.17491528  15.14463537]","[ 14.10575341  20.64679367  24.87216214  19.12704038  11.6087573
  16.8402129   13.34308175  16.50890449  17.58203862  17.92622589
  18.98117199  19.08954725  22.42291959  17.1302914   21.09011504
  21.82114816   9.0590876   18.2457477   11.17038823  14.15757594
  26.15153962  14.10575341  11.92900555  18.44463548  14.45248338
  18.56862429  21.71824714  17.33270315  21.69298303  18.29795737
   7.16647025  22.45443395  14.84547233  17.60310615  21.71824714
  17.33270315  21.69298303  18.29795737   7.16647025  22.45443395
  14.84547233  17.60310615  15.90942348  17.41247647  20.76634427
  15.71536811  18.52299169   8.88377087  15.28886929  28.33458183
  20.4268043   14.51102508  12.82279252  22.97162151  15.63692379
  18.98117199  19.2706388   22.01506915  15.96909149  23.55602828
  23.20662428  19.01668882  16.86278846  11.92900555  18.44463548
  14.45248338  14.15757594  26.15153962  14.10575341  20.64679367
  24.87216214  19.12704038  11.6087573   16.8402129   13.34308175
  16.50890449  17.58203862  17.77667748  14.91586724  12.48811394
  23.24952997  22.12540524  16.05851694  19.86628901  14.91570043
  16.11258765  15.8533444   15.7092226   11.92900555  18.44463548
  14.45248338  18.56862429  21.71824714  17.33270315  21.69298303
  18.29795737   7.16647025  22.45443395  14.84547233   9.50408262]","[ 41.56195102  46.17450618  41.3707445   42.03471961  41.95623523
  49.79033642  51.4643041   49.79775022  44.83115569  47.05721265
  43.12664938  39.47793593  46.57896594  48.00776699  43.91216227
  42.34658853  40.22970988  45.40916038  46.0378514   47.80194564
  47.61225809  41.77691859  42.94544461  40.8231104   49.88407484
  44.1208008   43.64481269  39.86259804  43.76175629  43.8456088
  44.42005677  41.00056375  41.84156182  45.46913687  43.14662926
  45.43517108  43.62613292  38.906749    47.14341926  44.10526901
  50.17953294  42.72766389  38.2594943   48.07404367  45.61201731
  43.76632299  45.26934544  44.2129071   44.77326972  33.68781247
  41.64385522  45.96519711  47.89083302  42.23051905  40.64184815
  33.68781247  41.64385522  45.96519711  47.89083302  42.23051905
  40.64184815  42.511119    42.4306425   43.13263917  46.28534292
  43.73088519  44.86764332  37.95085283  43.09670007  48.33433125
  42.33175724  43.76084997  50.04577253  47.76437972  42.76523508
  43.37992781  43.3574422   45.0127076   49.62983583  43.94823921
  37.02730075  48.38593763  36.45827279  42.62882484  44.58042927
  36.61304457  33.46667793  46.40412448  44.54104104  40.01274331
  44.84582433  41.95256325  43.73088519  44.86764332  37.95085283
  43.09670007  48.33433125  42.33175724  43.92119644  43.97717609]","[ 22.87580223  22.04500834  25.13703641  21.53598529  25.65991247
  28.56611347  25.13772554  23.79984927  28.43971457  27.32216382
  16.61227664  28.387244    25.21966907  23.66033966  23.36321012
  23.36869363  21.7285355   28.41828872  27.5026299   25.27102012
  29.49867701  25.81262139  27.49580609  25.58642778  23.62146504
  20.36346838  29.52211038  22.47978604  22.96086989  24.38319337
  21.51440082  26.6878475   16.61227664  24.80145424  24.21542589
  27.96160608  23.39649364  28.387244    25.21966907  23.66033966
  23.36321012  23.36869363  21.7285355   26.79944661  26.77159342
  25.05934494  21.43661687  23.61027217  22.82179544  27.11369047
  24.15168154  26.57060262  25.57212265  23.41413916  25.83820467
  23.14852374  23.76134812  25.37137811  22.81963087  22.60632205
  23.03887592  25.43346602  25.80539659  26.17936772  25.73617435
  26.59685982  25.47591607  27.02955608  22.51621542  26.40987109
  25.42541602  27.60817481  27.99417546  24.11976336  24.51786855
  32.13215463  25.65526367  26.28311663  27.04810786  27.9252346
  22.70216818  25.60664713  20.92702116  19.28056453  25.57333627
  26.90285052  25.95049169  25.13772554  23.79984927  28.43971457
  27.32216382  16.61227664  24.80145424  24.21542589  27.96160608
  23.39649364  28.387244    25.21966907  24.9561985   25.06587233]","[ 22.28352327  26.87591732  24.40559766  26.4860937   23.48853437
  24.14755783  21.78936667  22.56392721  25.2123094   20.31268669
  21.00866686  18.04507916  26.13702796  22.11801628  22.3729283
  24.41877183  20.45761516  13.69839626  15.31534154  18.00496146
  24.85167809  18.0459291   24.79964278  26.24389831  24.10348041
  26.08490866  20.68994697  24.01904396  26.23138202  22.28352327
  26.87591732  24.40559766  28.85083161  20.27565085  26.73862002
  14.07412253  22.84789096  16.68753218  19.81207923  19.00603146
  28.66240727  19.22496108  21.47346508  19.81625554  23.95332593
  26.19280495  34.96826491  27.17938961  18.23813359  22.22961681
  18.99515421  23.05239864  22.32797278  26.56442241  17.9855809
  18.0459291   24.79964278  26.24389831  24.10348041  26.08490866
  20.68994697  24.01904396  26.23138202  22.28352327  20.13848999
  20.70750642  31.62043418  22.98418032  18.6953047   26.719627
  22.29434695  21.47522289  25.81778504  18.32442744  19.74848143
  22.49195259  15.31534154  18.00496146  24.85167809  21.74316616
  20.78327169  25.34255291  25.63072132  28.33544867  16.09263918
  24.28111633  22.9292523   21.61495494  26.24372555  24.66621374
  24.81314576  19.13380068  18.76469602  13.76610794  23.82832017
  32.45787073  27.90626812  26.78592722  19.13380068  18.76469602]","[ 39.88069472  31.52842284  43.26557765  47.88887992  37.46707446
  31.16066948  41.014266    42.52290484  38.80506106  31.41041233
  41.71392992  37.34317484  35.92003553  40.03093729  32.2038917
  39.65219646  33.45936311  36.62754704  34.81405533  36.28816887
  41.0437061   38.11485454  30.50844226  34.63254878  40.3013829
  39.43550411  40.76085533  40.68376633  34.35304521  45.11336354
  32.96101401  33.6047299   38.88685578  40.68376633  34.35304521
  45.11336354  32.96101401  33.6047299   38.88685578  39.88069472
  31.52842284  43.26557765  47.88887992  37.46707446  36.95105943
  47.46605112  43.0888033   23.36456727  33.03272822  40.76380557
  40.02654883  40.75849793  37.33124372  29.83947035  45.42054312
  39.43550411  40.76085533  40.68376633  34.35304521  45.11336354
  32.96101401  33.6047299   38.88685578  39.88069472  31.52842284
  43.26557765  42.90145766  36.29260907  41.62467165  42.44824778
  40.94639845  34.26003476  32.30559694  45.32052824  34.35720471
  43.73855218  35.08986099  37.13623646  40.5966299   27.21916591
  40.16766188  40.79825342  42.20080093  37.84215594  44.73056937
  41.34430436  34.95303141  37.95590495  37.87461459  44.82885529
  34.5994793   30.67834453  32.37409993  32.24253388  33.05902843
  42.08160006  40.52446176  41.13139323  41.91398857  36.54755451]","[ 34.60983378  23.62865683  29.440222    31.15199023  34.33806688
  37.72705546  36.76747087  42.11893645  35.98833964  30.85047678
  25.30849958  39.47730699  36.07725075  31.7463527   33.00798409
  39.84604625  33.58935727  37.21068348  44.38514489  30.00006752
  32.21149254  31.05652272  31.85999621  33.73729605  36.09319563
  30.81804579  35.20751588  29.79085957  41.69734968  39.63668227
  34.19338374  39.21290664  38.37685711  25.04037972  36.04571533
  27.05028904  32.79729273  38.52654032  35.81407419  25.27156838
  36.09467452  29.05401284  38.44022798  39.23654124  31.19943719
  26.48641329  36.81989623  38.61073931  27.3267947   40.11593065
  33.7304507   36.49957827  38.19652295  27.45914023  32.16678514
  31.70366032  32.93497636  37.58850921  25.71867668  36.77272425
  38.26023302  38.18374817  36.97930707  35.13752465  39.61791284
  31.94682119  27.45914023  32.16678514  36.76471115  36.02069279
  33.39154148  30.5618417   31.11282303  33.41011501  31.79807009
  34.60983378  38.12240238  28.90213778  31.27103364  32.72178829
  33.16179927  34.83681114  38.36016463  40.27619626  39.96501846
  34.70279306  33.04331812  31.27103364  32.72178829  33.16179927
  34.83681114  38.36016463  40.27619626  39.96501846  34.70279306
  33.04331812  24.42564874  33.4364245   31.49968606  31.57747705]","[ 35.95772748  43.60912803  36.68471683  37.89503434  40.01330693
  39.97494105  39.78508743  38.88358916  43.98321706  37.97981099
  34.3953645   43.16254481  39.55364911  39.62166199  38.87683396
  28.31408337  39.38069423  41.15532686  38.15858142  40.79022792
  41.51141551  33.31294438  46.39784747  39.66306918  43.95388184
  37.80472974  39.4239963   40.02167991  39.30149792  41.68893734
  38.02477872  34.92284049  42.08747464  40.46850386  43.93810242
  44.16898745  45.19209767  38.06781666  36.10458068  38.55984678
  31.69278987  42.46611726  38.53701184  40.09697731  38.98525852
  39.02629192  36.84936745  38.15283377  39.7035041   44.52834553
  40.47271738  36.98954863  37.12981953  42.93174743  31.69437443
  37.57480326  40.43458271  39.19369536  46.39784747  39.66306918
  43.95388184  37.80472974  39.4239963   40.02167991  39.30149792
  41.68893734  37.89503434  40.01330693  39.97494105  39.78508743
  38.88358916  43.98321706  37.97981099  34.3953645   39.52745479
  37.61584077  38.91791447  35.54148934  38.02954765  31.15863888
  50.59569481  35.95772748  43.60912803  36.68471683  37.89503434
  40.01330693  39.97494105  42.55489703  36.1737977   40.25942982
  41.7233701   38.46157592  36.48983391  39.42770011  40.14554923
  40.83729872  46.24361516  43.41625207  39.14559416  42.13202811]","[ 34.62150608  42.95849315  37.22599207  36.97225621  38.04420319
  35.79616112  49.65845333  35.16776219  43.89933928  29.74718336
  44.55434204  41.43867473  36.98623869  35.69883069  41.46966046
  42.29044271  37.20834008  37.88016235  44.41252321  37.52441782
  46.28437308  43.17135846  36.57030513  47.57041332  43.74255697
  45.00199197  42.3633457   31.99138266  36.43439885  43.30852592
  44.41340348  42.1392085   40.56377358  42.84261595  42.86352644
  41.46402278  36.75968409  39.83304502  35.76081256  41.98229481
  43.44781345  46.99581537  44.05107131  33.76416206  40.3277629
  40.82497532  37.39380134  38.01600082  35.40420114  39.94160583
  41.43867473  36.98623869  35.69883069  41.46966046  42.29044271
  44.56952463  42.85610871  38.08809233  34.62150608  42.95849315
  37.22599207  36.97225621  38.04420319  35.79616112  49.65845333
  35.16776219  43.89933928  46.67199312  47.95460224  40.30038174
  41.00459612  45.07033838  35.49504214  49.92690114  41.38487117
  41.50519362  42.45771191  37.38096593  38.15902708  46.71617537
  36.04119384  45.18981091  37.49628463  43.22267733  46.61328475
  39.91367201  46.15274021  43.35967962  44.34043194  38.31879773
  43.12016986  44.30747432  34.24810288  42.38415686  42.82339997
  39.11756182  36.79070868  40.84220179  40.3277629   43.68804593]","[ 35.47953789  39.89399815  34.60041799  36.44727346  43.52112961
  37.56860002  35.9669519   38.84101709  39.71741623  30.5247773
  36.94047082  34.45497031  33.27655933  43.6032161   34.59655638
  42.39426763  42.26538892  40.59189276  40.29548026  39.8247673
  39.03486939  33.43353877  35.29367678  38.58434657  26.93385331
  44.42656693  33.12651551  36.65837567  34.45497031  33.27655933
  43.6032161   34.59655638  42.39426763  46.88685026  30.03330548
  44.3089671   40.19800899  34.91056933  37.32269858  40.08613736
  30.20070515  40.30753269  43.61903057  40.77954864  38.72756526
  25.4995142   37.11501284  34.32340224  27.88409515  36.69525818
  38.33224458  37.01111193  41.96004765  39.62790966  39.01418163
  28.64516062  36.40653177  31.4987829   37.60227413  29.51052615
  41.4125747   36.03793929  37.02427374  43.44939956  35.13101692
  33.60466841  29.7061981   38.81773947  41.5295705   42.85929035
  37.22789276  36.44951405  31.68311915  24.34081464  31.17446835
  34.35541195  42.85929035  37.22789276  36.44951405  31.68311915
  24.34081464  31.17446835  34.35541195  30.76047335  38.26856182
  37.72207942  30.95745237  28.96839722  35.41094253  48.69114717
  40.48821615  48.35665667  43.30688827  33.94825188  36.44750383
  38.94137076  34.56637162  28.71690953  32.29164196  36.88532437]"
"[ 13.08118877  17.53034927  17.22238868  20.94084042  25.57566207
  12.01356955  -0.06737622  14.85130469  14.3989771   21.64281512
  19.09808667   7.12932115  22.38039959  16.6989456   14.24172141
  12.97757697  19.40976699  36.29701699  25.26106714  28.57979031
  18.36055418  23.00637637  20.07688115  25.26106714  28.57979031
  18.36055418  23.00637637  20.07688115  16.5595957   15.75975647
  22.72533864  16.10461788  22.50082597  13.85524381  16.6989456
  14.24172141  12.97757697  19.40976699  36.29701699  25.26106714
  28.57979031  18.36055418  23.00637637  20.07688115  16.5595957
  15.11720023  32.37976065  17.65594714  30.07622424  13.87283604
  13.57975767  16.57533353  26.3038506   23.17872591  16.60686363
  13.40794859  15.81776864  20.55854129  13.34430421  17.93565754
  18.46487028  20.32956348  10.75296102  22.67523452   9.49184637
  21.81089645  15.11720023  32.37976065  17.65594714  30.07622424
  13.87283604  13.57975767  16.57533353  26.3038506   23.17872591
  16.60686363  17.93565754  18.46487028  20.32956348  10.75296102
  22.67523452   9.49184637  17.72532709   6.62724323  22.38039959
  16.6989456   14.24172141  20.55854129  13.34430421  17.93565754
  18.46487028  20.32956348  10.75296102  22.67523452   9.49184637
  17.72532709   6.62724323  22.38039959  20.28977277  14.21775062]","[ 20.79730727  16.17302553  15.98354414  16.65742759  17.61269089
  21.02629854  18.70804004  16.59854979  17.52915987  13.28870986
  10.73532802  25.66176652  15.02613979   7.16354322  23.50784034
  16.22537702  22.57612259  18.73218713  18.79918489  14.00208663
  13.69963173  17.51306059  18.31549917  14.5925168   18.37059039
  16.62740975  18.30769929  22.04466659  22.68456109  21.66554862
  19.80649126  13.28870986  21.66554862  19.80649126  13.28870986
  10.73532802  25.66176652  15.02613979   7.16354322  23.50784034
  16.22537702  22.57612259  18.73218713  15.75739607  20.2601351
  20.75285685  20.62844787  16.73480431  17.27932963  15.72171193
  19.06765056  11.67070864  20.98785817  19.97154273  23.51055825
  14.00208663  13.69963173  20.83886219  16.0072535   20.4017209
  22.84969764  19.07879045  20.57196129  14.66757979  19.78512688
  14.4231231   19.78512688  14.4231231   18.49327063  15.75739607
  20.2601351   20.75285685  20.62844787  16.73480431  17.27932963
  15.72171193  19.06765056  11.67070864  16.52403545  23.46255077
  23.33961232  14.71373335  14.50885749  22.67648248  18.20023455
  24.73180833  18.37568172  21.80535521  22.62839006  15.25836223
  14.47937462  17.61031358  16.31856407  22.69704327  18.98467088
  17.10680672  23.62122952  12.02680904  14.66757979  19.78512688]","[ 38.9290128   43.74331876  43.03658222  43.19673228  35.98507258
  41.75082301  41.94169799  43.67843514  45.41334316  43.40243088
  43.47454269  47.29472896  40.07338206  45.32231481  40.42165913
  41.74588132  35.86495953  37.52559148  42.20195337  49.2298602
  39.39265288  44.27622708  46.1610322   45.09779471  43.80777078
  42.13802331  44.74116555  43.29400429  41.19856519  44.45702873
  40.34555818  45.06142783  40.94173007  42.07807087  44.87050596
  46.75455839  45.74967772  43.47454269  47.29472896  40.07338206
  45.32231481  40.42165913  41.74588132  35.86495953  37.52559148
  44.97722471  44.10487489  43.19890652  40.38786173  43.16238854
  43.17730826  38.80198313  41.18016821  42.18431115  46.79458698
  37.29022649  44.08971362  42.67909379  41.2093437   44.84470878
  43.74246615  42.90621201  43.53748578  45.54998963  37.6080231
  43.30968115  50.50970883  41.68260256  37.4992647   30.00534142
  42.89106605  39.69204326  39.83246858  38.74984366  44.26665366
  46.27006845  43.09172465  45.00801789  44.27513451  42.01974576
  48.42547911  42.38942157  41.57838326  41.31004689  40.30987732
  44.91740641  40.52412166  42.41249202  42.01974576  48.42547911
  42.38942157  41.57838326  41.31004689  40.30987732  44.91740641
  40.52412166  42.41249202  46.74242648  43.27891647  45.87236518]","[ 28.63525714  21.88428096  29.49958545  28.26273324  23.20678751
  26.44109273  24.13762047  24.82017939  30.10563846  23.91006698
  29.37638828  25.79949813  23.84315493  23.43024983  30.8184045
  25.93175651  26.40158162  27.97831665  20.8085353   26.59543404
  25.49900897  26.6585414   29.57703017  28.51809348  26.38806965
  24.46886736  23.27334387  28.77176122  27.36659263  27.78385772
  22.70216431  29.62691737  26.53365567  26.33668022  26.20498066
  27.80328236  24.05256585  27.72275224  29.33462798  29.37638828
  25.79949813  23.84315493  23.43024983  25.64825868  29.0146501
  23.41338741  26.53365567  26.33668022  26.20498066  27.80328236
  24.05256585  27.72275224  29.33462798  30.44387842  27.90056473
  28.02520016  26.04871288  23.87360191  26.97106348  27.85727667
  25.67494786  22.97035848  28.82248582  26.80278075  28.56329377
  21.13825744  27.79183282  24.40443389  28.65036659  23.24194715
  26.70676824  27.83270496  29.61058565  25.28269625  24.670856
  26.37872172  28.24737425  26.4199444   27.12900937  26.83996138
  25.64825868  29.0146501   23.41338741  26.53365567  26.33668022
  26.20498066  22.69353606  29.29248638  29.13050095  26.49489841
  29.3059302   25.05893865  26.46659579  28.23804874  24.57279337
  27.50592248  26.27701207  29.53911746  24.01320512  23.44551984]","[ 25.30126415  26.01791536  25.75331671  21.91276     22.93991677
  23.03835711  21.450315    20.72732278  21.4627273   28.48210639
  22.71898788  23.46831799  30.13786716  27.50160248  20.43034695
  25.94831693  19.85081308  25.07890199  23.55783513  30.07360483
  22.60695958  26.43236478  17.39471814  23.60496664  20.61477495
  24.30574236  20.68720458  26.53855274  28.53446037  13.83872351
  28.06932161  21.8930442   25.85288813  29.0322418   21.09189159
  20.13388914  21.71713053  25.04993062  21.89791904  24.12584866
  20.74810594  21.89074271  20.28509592  22.71898788  24.53493058
  16.4945796   18.3821559   20.98059581  26.70199449  22.80587568
  24.43530161  18.6943127   17.41093859  24.44758761  23.03835711
  21.450315    20.72732278  21.4627273   28.48210639  17.97729207
  19.18660905  20.93292586  22.64801961  20.37419337  25.54616687
  26.85211761  27.47222418  18.69893322  22.37016704  22.67388988
  23.00040832  28.46348103  21.38940494  15.73813521  15.71163852
  19.84879766  15.9479875   24.86794029  22.58090621  21.38540219
  23.21409643  22.74177207  24.30071398  26.19631552  21.22133097
  17.9295593   31.42727838  20.13388914  21.71713053  25.04993062
  21.89791904  24.12584866  20.74810594  21.89074271  20.28509592
  22.71898788  23.46831799  30.13786716  17.41093859  24.44758761]","[ 42.64533874  38.13427681  41.88942768  44.26804331  35.97661865
  39.57685841  33.71951304  33.74757644  35.25628104  34.19533165
  37.58236143  31.22039784  39.39663186  32.49752015  39.20677468
  35.90746045  31.61812764  39.56592453  39.5700933   43.350406
  38.16749542  31.22039784  39.39663186  32.49752015  39.20677468
  35.90746045  31.61812764  39.56592453  39.5700933   43.350406
  38.16749542  40.54522374  26.83519505  32.4573424   39.69173175
  34.37185579  44.00285546  26.6045593   33.67811768  33.65437405
  36.82102252  29.09308968  38.44811046  40.03343395  30.89462637
  35.16090296  45.58789172  33.51430924  41.96497567  30.01357995
  28.10232958  40.60919674  34.47072547  42.68772793  35.90746045
  31.61812764  39.56592453  39.5700933   43.350406    38.16749542
  40.54522374  35.40195268  29.44899564  38.2716796   35.74730166
  40.54522374  35.40195268  29.44899564  38.2716796   35.74730166
  45.08837116  33.89433562  39.86240807  35.85244319  45.42653576
  33.50971594  31.56335541  27.55626369  42.35671491  32.67426336
  41.89161351  34.29488283  34.28665745  29.22643941  36.11193839
  33.6558256   43.28282631  34.09123954  47.61320428  41.10906196
  36.54187446  36.09050311  44.55756445  35.66362486  39.891458
  28.72317446  31.77030448  38.47242336  41.19238598  37.16661396]","[ 31.50964121  31.22998052  33.27881568  30.84583898  31.83355542
  34.87231239  25.49950946  38.40608766  29.83871341  36.0330771
  38.58313334  40.2149679   38.08805606  40.80876105  42.51396444
  40.00900301  28.85340768  32.83112866  36.87908683  30.62259621
  39.17935492  40.31310809  31.36217981  33.98368673  31.21793654
  31.95403988  36.02916852  32.42669388  33.07765523  38.34178189
  33.74032292  34.15675069  33.67324982  37.21632959  40.00012709
  38.13782227  30.69212345  36.50984994  31.3568522   39.75946945
  39.83025556  41.01950442  35.50182551  43.18879036  34.8774947
  28.93433013  35.86692696  35.01064382  34.43092103  26.37153206
  31.23033344  39.43174685  26.94845069  41.03180287  27.32652517
  29.83871341  36.0330771   38.58313334  39.28459509  37.67003016
  37.63127132  34.13325843  25.21316798  31.44302718  40.73448955
  21.00611119  34.49973115  28.42257323  40.6015322   35.79444733
  33.47948739  38.38894553  32.37593969  32.34439528  30.99625734
  38.65143069  39.73030328  36.1827779   28.90309403  34.58489932
  36.60569683  36.25575047  35.25963669  35.08417983  37.62267329
  22.73533374  36.7138493   35.19773993  36.49042021  34.21926736
  21.00611119  34.49973115  28.42257323  40.6015322   35.79444733
  33.47948739  38.38894553  32.37593969  41.24986997  35.66126216]","[ 44.81012661  43.09336365  40.98010573  35.62489065  42.472753
  39.55784766  41.81980264  38.9655217   38.1427257   39.27509667
  34.04674392  46.85691578  39.21518992  35.63523933  37.53775893
  36.51540778  46.34441876  37.8056246   47.30838406  42.85088699
  37.4853887   37.40899065  34.90566852  41.30256062  39.87021854
  42.47192131  33.44125121  41.40034132  34.06295992  42.67759149
  33.24420321  39.63497126  40.39790245  34.04674392  36.40805707
  46.21699657  43.33140382  38.64359812  37.71495803  36.35838252
  41.51455223  32.37958724  42.50835271  39.6177414   38.01678717
  41.78233783  43.91472157  41.10976137  43.06023742  38.9149185
  37.57089162  38.27983025  36.31626549  40.50680731  41.24342968
  38.87533418  40.47221117  29.53912551  44.87189785  35.20226083
  40.04967402  40.6253546   43.66902589  39.97467599  42.70526743
  41.80758582  44.34991055  34.47654729  41.1240672   42.79765472
  35.97810913  35.27125737  42.59555925  43.31916131  39.70181811
  41.53572758  38.1427257   39.27509667  34.04674392  36.40805707
  46.21699657  43.33140382  38.64359812  37.71495803  36.35838252
  41.51455223  32.37958724  35.67076328  39.12415158  35.97516358
  38.29127428  36.00899134  44.09248953  39.66307946  44.79034266
  41.13908732  38.83184301  44.20431691  41.1240672   42.79765472]","[ 39.20232597  39.18427813  36.67826268  37.55504919  42.87087372
  38.46850174  42.67307573  38.94213247  46.00599272  34.81983619
  38.3435265   36.22379356  42.93535416  42.77857845  38.38157589
  39.04571765  39.28229108  40.09941236  39.94687109  45.41300462
  46.35631264  36.47154946  36.49914285  33.77464708  37.18079512
  39.21668369  38.51249274  32.36817752  40.1011851   41.21929097
  39.45344147  35.04763108  42.22907363  44.14958509  42.94499676
  39.49554039  42.87557226  41.288713    37.84296291  34.52892203
  40.66445551  35.33929826  37.12253348  37.01787885  42.22907363
  36.26625095  44.54111899  40.26245049  43.33855251  41.67793119
  44.14958509  42.94499676  39.49554039  42.87557226  41.288713
  39.33927287  41.79981282  39.88996445  39.81848685  40.5037208
  44.22206744  39.41153731  41.56358716  36.26853538  39.78799903
  38.028794    43.3164405   40.58780558  39.22401348  41.49202262
  43.81440804  42.60742686  43.90717992  42.50367874  43.64578655
  39.88996445  39.81848685  40.5037208   44.22206744  39.41153731
  41.56358716  36.26853538  39.78799903  30.56108713  45.08492574
  35.72704951  43.63076632  32.42050739  39.70901781  34.84125673
  40.72069612  40.1900996   34.25067543  41.23244822  39.72950583
  40.36522974  36.92188827  45.28876893  36.47661826  40.76915664]","[ 42.65268164  46.86762686  41.09039271  43.29541601  43.71016068
  48.20622619  46.77539493  39.54434923  40.71051548  40.93616326
  42.02843102  35.13998411  47.77297023  46.68979574  35.80223874
  46.36943887  41.56542636  44.87793744  43.54902037  43.1976098
  44.70342847  41.25843899  45.14882078  48.04444937  45.67617992
  43.02364513  44.76055796  37.70618286  46.2311872   50.41995261
  47.01693028  38.66991107  39.75210108  38.77032075  40.94053741
  33.43228424  39.27313133  48.69426676  47.27237637  35.13998411
  47.77297023  46.68979574  35.80223874  46.36943887  51.00071594
  36.01422094  46.62212433  46.51951869  44.81858288  37.06769684
  40.9840282   30.11748768  40.59769076  41.8373505   42.48033216
  36.4689533   46.43904746  38.924405    49.39788511  47.47231522
  48.94758771  41.17541324  51.79813507  46.91316146  44.39221038
  43.35994729  35.61899327  43.64453825  33.13112724  46.82052125
  36.4689533   46.43904746  38.924405    49.39788511  47.47231522
  48.94758771  41.17541324  36.74578719  47.60506365  40.507696
  42.86586635  43.85484491  49.99744387  48.06085988  45.72527257
  43.30642274  51.32328208  41.18854097  42.37505475  45.69018758
  49.12768258  36.05565388  45.95533775  36.60044516  35.48669196
  42.23764228  44.06086596  45.40717592  35.21979165  39.68838147]"
"[ 14.99394833   8.96972959  17.53184562  17.56242783  14.16797533
  13.94689335  29.93008644  27.04118837  14.72620123  17.18798616
  18.81241871  15.13375961  17.5222362   15.75407713  27.91157527
  16.75633457  13.94581091  26.70579987  14.60069483  16.54685874
  17.8943386   13.94689335  29.93008644  27.04118837  14.72620123
  17.18798616  18.7067815   21.6992925   20.83000039  16.31296118
  12.68155565  14.61980561  14.61980561  14.36432419  17.7016735
  16.90891326  15.40433415  16.12356525  20.58682844  16.4494368
  21.52226963  13.60194841  20.58682844  16.4494368   21.52226963
  13.60194841  16.43588357  15.57784263  16.04652259   7.67767583
  16.84976056  18.25568033  36.40739486  17.53184562  17.56242783
  14.16797533  13.94689335  29.93008644  27.04118837  14.72620123
  17.18798616  18.7067815   21.6992925   20.83000039  27.04118837
  14.72620123  17.18798616  18.7067815   21.6992925   20.83000039
  16.31296118  12.68155565  14.61980561  14.36432419  17.7016735
  16.90891326  18.81241871  15.13375961  17.5222362   15.75407713
  27.91157527  16.75633457  13.94581091  26.70579987  14.60069483
  16.54685874  17.8943386   16.26201449  16.32233059  17.5021087
  20.23720393  19.76845007  15.60126749  18.55104149  15.76039195
  22.15830674  13.86922843  13.35586924  14.36432419  17.7016735 ]","[ 14.77090415  21.61134319  19.51632774  18.12578539  24.10578774
  21.169896    14.75791126  16.32859833  17.33529961  18.3617523
  24.30196717  16.12932683  25.5033706   20.40457604  22.37713364
  18.42093178  15.92443891  18.74419369  12.39011252  26.04193582
  21.35625461  18.1465145   19.81066495  20.06989286  14.36444376
  15.94963274  22.81066212  22.56159196  15.16286265  24.01905538
  18.54054798  22.04681235  17.16230268  18.29781984  19.32141465
  21.01449687  14.03948961  17.9469553   20.33934243  13.04048174
  15.0310877   22.62114623  12.87136542  21.09746339  22.04681235
  17.16230268  22.44494344  17.62042163  17.6071267   17.12662928
  23.55885415  15.0378674   21.27338375  13.88157845  22.62114623
  12.87136542  21.09746339  19.81066495  20.06989286  14.36444376
  15.94963274  22.81066212  22.56159196  15.16286265  24.01905538
  21.27338375  13.88157845  16.85057007  17.0841375   19.99395984
  24.30196717  16.12932683  25.5033706   20.40457604  22.37713364
  18.42093178  15.92443891  16.85057007  17.0841375   19.99395984
  24.30196717  16.12932683  25.5033706   20.40457604  22.37713364
  18.42093178  15.92443891  18.74419369  21.37549117  23.68405521
  14.9779358   19.77090777  19.37219376  13.89349824  19.17393294
  18.29437307  18.19630482  21.22565313  23.96547204  13.14640869]","[ 39.77751696  38.4506778   39.39919489  32.45288229  37.24736789
  41.53127688  39.2232669   46.74944037  39.2319247   39.33995305
  37.26700222  44.32839018  36.21015372  37.72033381  44.38077175
  34.25960536  42.08428437  39.2397828   38.92671499  41.50664374
  41.33454431  43.72714921  36.77959716  40.22409993  34.73615111
  42.32813442  45.04175178  39.87092727  42.47017128  43.47134907
  38.39995885  32.25164308  32.4161063   39.61098805  36.82522773
  36.97248936  35.97485309  41.01189994  38.50564043  38.91131304
  44.60409056  39.67828815  43.84038645  38.87178728  39.87352023
  37.56043024  36.1090899   40.07370428  45.38676933  36.74033606
  44.32839018  36.21015372  37.72033381  44.38077175  34.25960536
  36.76013986  40.41600795  39.50967564  37.79480765  41.47623735
  37.73696413  33.64377901  40.23166146  47.47957184  37.80700393
  41.27969189  31.44916501  47.51640279  36.77959716  40.22409993
  34.73615111  42.32813442  45.04175178  39.87092727  42.47017128
  43.47134907  38.39995885  40.86428562  39.61392512  44.40270861
  38.58879092  37.86306061  38.54295969  45.72838499  37.90587541
  45.38794247  41.09780176  36.81271915  41.98163601  46.09969368
  42.7571161   40.57275643  38.42786318  43.43382436  39.53184344
  36.15194224  34.95170528  48.74803583  35.41068629  40.74610988]","[ 25.62321493  28.84829741  23.95230651  28.18836727  24.78249186
  32.70268431  26.30397387  26.46819679  26.38792874  25.38627592
  27.4729607   26.13443296  29.20876958  29.84436646  24.3432335
  28.9614779   23.5498782   19.88636176  29.85228333  28.04152668
  28.19218684  31.75822443  25.10014768  30.67383202  29.38820758
  26.66038465  26.13626166  27.13854653  29.25420814  26.65802402
  30.46469078  29.02612341  29.85228333  28.04152668  28.19218684
  26.91363101  28.62732358  25.6190576   24.91843952  28.95717649
  30.0524988   24.8805712   28.37411461  24.99495085  25.90587835
  26.04660054  24.02286411  24.82970044  28.98000077  32.32284411
  27.35611938  27.64793595  27.67272401  26.83352218  32.1802117
  27.53765548  27.60225811  21.5346076   25.46639086  28.40001307
  26.74539601  27.4729607   26.13443296  29.20876958  29.84436646
  30.41871819  24.08102874  28.30209336  29.46747446  30.36993934
  29.45566676  25.86696444  28.28716266  25.78711625  23.48298941
  29.57951489  25.46639086  28.40001307  26.74539601  27.4729607
  26.13443296  29.20876958  29.84436646  24.3432335   28.9614779
  23.5498782   19.88636176  30.32451768  25.86041319  29.86393788
  27.92259636  24.20864874  29.9895931   26.14596406  27.38940265
  26.02381369  25.88948107  30.72485986  27.43747996  30.27487002]","[ 27.6322761   16.92769537  29.28270366  14.40300534  28.38462056
  24.96623525  29.90366061  31.91388107  31.19113284  21.05535394
  20.94539622  31.8026525   21.86937569  25.36599735  19.05300688
  23.27780206  28.78376557  28.9806626   28.24730787  25.239787
  25.07174523  27.2088765   27.90747815  23.84776199  25.89907849
  26.88470128  25.74603595  35.13335418  18.45253893  26.94076084
  35.60365592  20.75996408  27.6322761   16.92769537  20.95924312
  25.98848786  42.3572671   24.13240835  37.84310427  29.0830543
  24.76534204  33.48026317   8.40938571  26.97633214  34.84967242
  23.21387193  32.36818047  31.8026525   21.86937569  25.36599735
  19.05300688  23.27780206  28.78376557  28.9806626   28.24730787
  25.239787    12.34335224  27.38993217  35.96911688  24.29615082
  20.58451303  18.31558704  33.10739569  14.80100015  33.4088206
  28.34087159  32.43965823  28.9806626   28.24730787  25.239787
  25.07174523  27.2088765   27.90747815  28.80167185  30.89641829
  25.17622404  28.83812465  29.09968073  25.57107602  17.58492027
  31.60634845  17.19611831  28.44212999  21.61769086  25.72330338
  20.86698212  36.12855939  29.74530269  32.38619936  26.83483965
  23.75005214  20.32624061  28.70591107  27.58677514  23.38327612
  27.4216984   32.2826399   26.44622624  18.37513853  26.89337795]","[ 34.86989463  36.03896192  39.69286092  36.99733998  31.56661395
  35.44030256  42.93061647  41.63691316  37.48939862  41.9092506
  35.9189869   38.24110958  43.81522792  39.76114946  41.42778282
  37.9664383   32.81022676  38.60244626  43.90727609  43.95994123
  31.97482843  38.89179106  43.26412574  39.58497981  38.76951234
  35.99080522  36.92275215  48.12307308  38.18010417  39.04446512
  37.70778443  45.58258263  37.20319198  40.78713883  32.70510383
  39.41590324  38.31806014  43.3820448   35.66279561  35.08633009
  37.72240828  42.43247635  31.01678467  43.10276687  33.44154081
  34.00388228  41.5876911   39.53058007  41.88169508  42.19599615
  38.54231873  40.22603348  35.33310013  29.12089271  45.39695536
  32.1048074   40.96806135  30.05431531  35.24505814  31.72866773
  36.58205423  39.4755469   44.57383686  34.30231347  34.70573772
  40.98628967  42.17913382  50.12335771  42.84835563  41.36621249
  44.22523079  36.22277575  33.23508898  37.10394691  32.72966292
  37.68103319  42.39348538  35.99080522  36.92275215  48.12307308
  38.18010417  39.04446512  37.70778443  45.58258263  37.20319198
  40.04212903  32.1048074   44.43742829  40.70336778  30.43155141
  33.64565491  40.78447685  43.82036281  34.86275525  39.69346132
  27.49300674  33.68687452  40.72396839  38.18010417  39.04446512]","[ 39.45247621  38.7666702   41.38926376  33.8298943   34.27127717
  36.88037559  33.16696155  34.56270531  32.32599695  33.52399398
  28.08177406  35.22030506  35.60732776  21.89665734  45.69660587
  24.37729247  40.77239649  36.40580473  35.09666361  34.86692623
  34.06312864  31.66819515  32.13915796  29.29784459  34.36147806
  39.45247621  38.7666702   41.38926376  33.8298943   34.27127717
  36.88037559  33.16696155  34.56270531  28.18885573  38.22290832
  32.46925083  35.75817566  45.26484051  39.81869253  43.23663424
  35.2920697   41.8163971   29.29689006  27.83445952  32.25715522
  31.84553495  30.67549906  30.68988301  30.73346192  40.68758074
  36.48535623  34.18038417  40.43400948  36.53299164  31.51668699
  29.35567892  36.92889078  33.28504579  31.57775944  40.46983286
  41.06340821  37.82588889  40.75598638  32.84300107  30.09865265
  33.58853037  34.99802982  29.98958173  33.72798041  34.00514722
  26.52196574  41.33240356  29.24976524  35.82496153  33.24194824
  41.46512796  39.37778913  42.62756294  37.46452232  44.62968212
  35.39756441  28.28110105  37.49353421  28.46988681  35.44923898
  31.78531345  42.56196963  36.65908614  36.19694239  37.84745329
  36.31450511  35.51363127  40.2823452   41.46914412  30.89696841
  39.02190592  41.85447928  40.19046425  25.12074612  43.12229771]","[ 38.86608148  39.07341463  43.33094978  34.17685561  40.4492418
  44.19126598  38.19768251  39.27495922  43.53822435  39.87059293
  46.12060885  42.53435055  44.78901138  38.75525972  42.23375396
  39.9520993   40.61907448  38.34738368  44.93429377  43.71047856
  42.69088898  43.83788236  41.47002074  35.67282782  40.78351474
  44.48842746  41.62290243  41.10234077  38.38223996  43.48031289
  37.67958399  41.58503564  43.6665146   40.91323966  42.08832809
  36.62761843  41.8482441   34.3091113   42.71896197  35.07017761
  36.38961337  41.66443358  40.22485026  36.62761843  41.8482441
  34.3091113   42.71896197  35.07017761  36.38961337  41.66443358
  40.22485026  42.86116374  40.80349669  42.11407813  42.95296617
  43.19245443  40.66499111  44.04639655  39.95546566  47.89555634
  39.31680092  41.57343263  40.8319838   41.45719467  39.55061329
  38.38808039  40.62463448  42.82625991  43.02580481  42.04892472
  45.77504583  34.08419958  41.97050614  40.38943596  37.86756582
  36.70182019  46.54572466  41.20088223  46.71270918  38.26632946
  38.22094622  39.2834538   35.08454685  44.53631011  41.63942307
  35.46377137  43.1581107   45.15883342  41.47002074  35.67282782
  40.78351474  44.48842746  41.62290243  41.10234077  38.38223996
  43.48031289  37.67958399  41.58503564  40.93286152  43.37266537]","[ 37.81065795  36.0239158   36.58651397  32.62901343  36.33077818
  47.24973185  45.49696357  43.62528956  34.94230229  34.78576043
  32.91366782  34.6583903   35.75209441  34.0680843   36.50108583
  35.8363678   34.76924279  36.58874223  38.01432587  36.40477442
  45.77401415  42.10889474  31.47179975  34.3110434   40.266996
  35.16573874  25.75329253  36.05703755  43.23111588  33.55354406
  36.2903199   35.96836213  32.24287593  40.71136389  44.77894316
  31.02760135  38.56869095  26.95320459  37.93021831  40.92010712
  41.59202223  39.17722981  35.68855634  32.69698663  39.86106614
  38.38329961  35.55405082  37.46865735  35.28102655  33.50404896
  43.37476682  40.78144311  44.99930518  40.20382882  38.64328208
  48.23843959  42.96602699  36.0736684   41.16221638  43.03664777
  37.6566599   35.62708642  41.78727701  40.52993867  41.37038199
  40.95912197  37.07903439  41.59202223  39.17722981  35.68855634
  32.69698663  39.86106614  35.0458125   35.97335969  31.08353796
  37.27799839  32.54658609  46.02228056  33.22739341  36.04693914
  37.81065795  36.0239158   36.58651397  32.62901343  36.33077818
  47.24973185  45.49696357  43.62528956  34.87838916  28.67270129
  41.28216427  35.72126575  41.08871539  38.01863613  36.54037271
  33.19598639  39.88352552  33.27603857  30.89662894  40.79070183]","[ 30.62626462  44.14360906  40.10415838  49.56339065  52.15993398
  48.14750475  45.08659224  40.72578956  47.59315929  36.89747733
  41.03383658  38.24412585  46.14085655  48.83119781  47.49303715
  44.62496556  44.92284127  38.78215186  42.3631383   45.92679097
  41.07168674  41.88613564  49.74416026  35.33911301  45.47912694
  43.31191073  49.44007127  50.6064436   45.73592028  43.22156076
  54.89241895  46.70870322  42.27699935  42.6994136   45.23988454
  42.75814924  45.35874495  47.80914273  37.56477653  43.2599584
  38.78292861  43.95059003  45.38326834  41.82220657  51.72738785
  42.80165641  40.60164031  48.34926441  51.15760574  39.7401219
  50.64569247  41.31458461  53.42376494  46.51298174  41.53910737
  45.60124754  44.03430622  39.41309796  43.04092331  48.58109996
  44.32084308  42.35381796  39.48049425  44.56599869  42.48205906
  48.93075888  40.86378798  41.95405116  48.5852173   30.62626462
  44.14360906  40.10415838  49.56339065  52.15993398  48.14750475
  45.08659224  40.45979554  47.66503409  49.70052678  45.49903517
  34.81282556  37.58103268  46.51550142  44.21635481  52.96779387
  51.1668773   47.63431595  44.19044127  42.868532    52.55093143
  39.95255013  43.78478621  47.19362237  49.82319035  41.67382504
  42.33182063  32.24025312  41.31537816  49.82319035  41.67382504]"
"[ 16.76724621  28.36759856  13.4762625   17.16230355  22.13633965
  16.8074132   23.10687639  14.90044655  19.81786706  23.99951189
  18.49353412  17.85515694  20.06063308  14.04148245  17.15240415
  14.48189676  16.19960817  12.88901425  17.50576954  21.58398199
  17.83021061  14.00268746  22.278636    11.9990887   24.46939445
  34.16009429  20.3160672   16.76724621  28.36759856  13.4762625
  17.16230355  22.13633965  16.8074132   14.90044655  19.81786706
  23.99951189  18.49353412  28.03711083  20.28830342  23.70709586
  15.55124375  13.96646101  14.98597738  19.49056789  12.34237933
  17.72550072  24.2830451   21.71467713  22.50997113  14.45395834
  20.05780944  22.71768925  15.94992942  13.84682756  23.99951189
  18.49353412  28.03711083  20.28830342  23.70709586  15.55124375
  13.96646101  14.98597738  19.49056789  19.97375306  19.4389197
  12.20715658  17.85515694  20.06063308  14.04148245  17.15240415
  14.48189676  16.19960817  12.88901425  17.50576954  21.58398199
  17.83021061  14.00268746  15.55124375  13.96646101  14.98597738
  19.49056789  19.97375306  19.4389197   12.20715658  13.69704259
  14.17291467  20.86078202  20.84096931  34.16009429  20.3160672
  16.76724621  28.36759856  13.4762625   17.16230355  22.13633965
  16.8074132   23.10687639  14.90044655  19.81786706  15.89526358]","[ 14.47519503  22.85193522  23.86318327  22.83313448  18.45897199
  21.85184601  18.42948914  24.89314653  23.47626498  21.47678236
  15.65076671  20.38461292  21.82522953  23.51431848  17.29015678
  20.79080886  15.26885459  15.49950573  22.07831634  23.04866015
  26.53253935  12.20973025  17.40049666  21.11522118  22.63443657
  23.5898195   14.06636683  24.51755028  10.37322451  22.08856746
  19.68223002  22.99046497  19.54873332  18.77616619  13.91274621
  25.8109619   14.47519503  22.85193522  23.86318327  22.83313448
  18.45897199  21.85184601  18.42948914  18.87324659  21.14828534
  18.74439066  20.38461292  21.82522953  23.51431848  17.29015678
  20.79080886  15.26885459  15.49950573  22.07831634  23.04866015
  26.53253935  12.20973025  22.63072203  22.88592288  19.08150969
  16.79875153  21.43740589  18.76651682  15.80691408  21.17264316
  13.80127907  12.52437189  20.75079269  21.69559004  15.4111356
  19.4611516   21.425577    23.8655437   18.87324659  21.14828534
  18.74439066  17.51512462  23.94575422  19.00577027  23.17448018
  18.79866406  21.87316861  25.41338742  19.71112472  16.47650452
  20.59911266  18.44754987  22.32225448  24.39790545  18.4574313
  25.19009873  19.84268042  18.40892098  22.12753596  24.48089087
  18.67835245  15.38455899  20.48112807  21.17264316  19.54873332]","[ 41.44443196  41.5207131   41.22914596  46.75627471  37.63590005
  45.88618856  38.52724868  43.2565216   45.95069336  39.76778417
  41.73285638  40.96142061  42.41025087  35.84951019  41.18304731
  45.71248674  43.04935929  38.60674645  43.24509324  43.33890215
  42.03908177  33.7102905   40.90343247  39.24461126  44.59885351
  40.87615243  44.46479372  39.6062723   37.18457034  44.55369323
  39.94887646  41.84709274  43.76502354  43.49335686  38.08344681
  46.94196066  36.32442344  41.78128957  39.86812     47.04379382
  40.39506983  42.6419923   43.88070298  41.45678771  48.11916576
  40.73691049  42.85021089  36.99026943  35.26464007  43.73108955
  39.24732164  38.06568637  44.76147644  46.68333168  51.61248306
  39.39364091  39.21550828  39.82131667  38.67005195  44.40873975
  35.64526851  43.64258855  40.62712035  42.73066438  42.25316363
  46.30464195  47.28811442  35.25364803  43.76502354  43.49335686
  38.08344681  46.94196066  36.32442344  41.78128957  39.86812     47.04379382
  43.99907515  36.93077493  38.34275101  46.03798131  42.50966434
  35.18667026  35.43010139  47.42114438  40.18644559  44.17995981
  38.74055441  38.52724868  43.2565216   45.95069336  39.76778417
  41.73285638  45.30004266  40.73939019  39.71909048  41.44587357
  50.05546585  41.50516709  43.04935929  38.60674645]","[ 31.33316449  27.34036091  27.76437326  25.29481934  26.74395159
  28.71712639  29.1175337   27.163196    23.85819592  29.41258849
  32.53561615  27.53558745  31.58533821  27.93573454  26.3747781
  27.2367071   27.32628743  28.92097141  27.6621752   25.55306412
  27.24061058  32.04686862  28.35921764  23.12718756  26.27375014
  25.31054663  27.79404941  28.28444365  28.6421505   29.85120748
  30.48497215  28.12413405  31.33316449  27.34036091  27.76437326
  25.29481934  26.74395159  28.71712639  29.1175337   27.163196
  23.85819592  29.41258849  32.53561615  30.7234935   28.53246672
  23.55257778  25.161091    30.76680777  27.95550724  25.79155359
  28.61626412  27.31758698  27.82935277  29.18763634  28.23629677
  27.93912152  24.66905045  27.85035465  25.95766974  23.37380258
  24.3615943   27.18272277  28.92703868  28.15325381  27.53558745
  24.95467969  29.89847338  26.22980452  29.47793041  31.33316449
  27.34036091  27.76437326  25.29481934  26.74395159  28.71712639
  29.1175337   29.91452039  29.77177534  29.50548849  26.98250147
  26.5592239   23.19260291  28.99940158  23.79759392  32.06805676
  25.25896171  30.26176149  28.52508948  27.02983302  30.81661282
  29.9963033   24.82360215  30.51178586  23.27269877  26.04607535
  26.58147873  24.31607679  25.64567188  24.80260217  27.28551062]","[ 20.43268442  21.05902407  28.48080374  31.5898649   30.27637615
  37.9673324   27.19047723  29.04568968  24.44720372  30.32778587
  23.55628642  21.62357983  24.58396535  17.20528379  24.35408071
  32.64635348  30.61555971   9.11222769  28.354612    34.88659229
  26.84959722  23.15994753  28.5628321   25.62641926  28.8666193
  21.88914384  21.68490734  33.30007223  26.74143462  18.4376706
  29.93039756  29.58999644  32.49461026  30.1955768   23.39606649
  22.42154355  30.82282547  28.64593433  28.98675973  22.08803595
  33.86264143  28.1221427   21.18306159  28.5628321   25.62641926
  30.54425637  31.47786459  23.37121933  32.34256056  21.21628     27.84021623
  28.44876095  23.93762445  22.93126216  26.80964367  30.85203185
  29.80827392  19.73160929  25.3833546   23.08886842  18.91348279
  23.46326254  32.33501154  24.36792409  25.01637809  30.54425637
  31.47786459  28.98675973  22.08803595  33.86264143  28.1221427
  21.18306159  28.5628321   25.62641926  28.8666193   21.88914384
  21.68490734  33.30007223  35.16241031  25.79839597  30.63266499
  26.50630859  31.92708942  32.59240696  32.91148076  30.12476959
  15.06260302  36.4431977   30.12476959  15.06260302  36.4431977
  17.97501803  22.51451629  23.9453518   24.36202136  22.87374746
  30.47660196  13.98402428  19.0916098   20.845715  ]","[ 31.92052496  37.21018804  46.6626547   37.30564309  41.23860335
  34.14676316  38.22214149  38.90527964  37.56931927  35.26137401
  36.24072285  38.60956156  37.10729696  43.29770886  34.31432634
  41.77569732  42.10038199  41.14686634  25.9548613   43.31708957
  40.85872906  42.39256121  34.99570245  31.44317319  33.89129908
  33.03582585  37.25965849  40.16688338  40.91448322  34.3116916
  43.17139438  36.7262788   32.235726    36.16117751  38.4591427
  31.36015578  43.24804935  43.46476188  38.87135549  37.16684922
  40.00761266  33.67673842  39.1017827   41.55341236  43.99136413
  41.93042124  36.16117751  38.4591427   31.36015578  43.24804935
  43.46476188  38.87135549  37.16684922  40.00761266  33.67673842
  38.29419534  39.33028537  36.67491653  43.62733302  34.82028294
  41.29513753  45.08616182  35.83404891  38.95087143  35.14117296
  39.28546572  43.46476188  38.87135549  37.16684922  40.00761266
  33.67673842  39.1017827   41.55341236  28.65492264  38.21047593
  43.24660879  36.90324159  38.04989604  38.0404819   31.01175199
  41.05097046  42.28783802  37.05406173  39.87463835  41.36372928
  37.12501981  41.56053607  42.72442316  41.55341236  28.65492264
  38.21047593  43.24660879  36.90324159  43.80727404  34.48607015
  44.91929049  39.78510235  45.24254874  45.74635147  34.37084675]","[ 23.93313757  28.88422325  33.31957242  32.16016706  40.42776118
  35.64217247  43.19158802  29.73819256  29.37352839  36.7763167
  42.31624714  32.15965908  34.90927511  29.87772474  28.34909272
  41.57874346  30.43650381  36.83504967  37.03293287  41.3516129
  41.58882494  38.55508197  42.08359871  27.71252719  43.04674458
  36.64603024  33.80051021  31.33870119  30.94100459  38.39286117
  29.74567837  39.69904392  39.76547714  33.59971034  31.50269755
  26.16649693  40.43725073  32.32887333  37.06716778  31.2105919
  38.38607745  31.3642404   30.9537803   44.75758125  35.76403839
  37.55403528  27.26930066  39.47139588  36.69644011  34.76249581
  36.52993829  42.08359871  27.71252719  43.04674458  36.64603024
  36.67892857  29.57771143  38.78488728  41.59061638  40.0364314
  38.40927687  33.90315324  33.83714196  35.06184083  35.14440993
  32.61175018  31.93755879  37.59285977  36.68775464  31.07277118
  31.68451751  35.46354837  36.70901385  38.6013827   40.6529063
  35.52905241  40.43725073  32.32887333  37.06716778  31.2105919
  38.38607745  31.3642404   30.9537803   44.75758125  26.06884174
  27.53644002  28.65325158  36.9654992   34.42006877  35.63671783
  37.18926027  42.99579639  33.26859977  31.86273066  36.09183794
  33.11833421  39.93056436  34.00339396  37.58239074  33.78923258]","[ 38.9304842   42.89673217  42.77877916  42.87761305  43.51271315
  38.63700004  43.77738631  34.45298484  34.7075207   46.15844248
  36.89495925  48.4893059   42.41007263  39.66512275  40.48608401
  41.28641847  42.38213894  42.35316143  48.70859561  39.69097536
  40.68068245  35.96826805  41.11524845  39.19741077  43.58806796
  41.68243798  41.98314981  39.00319403  46.75572267  44.45144189
  40.56180303  38.49972885  39.21678531  40.720076    35.79931423
  38.05794821  36.60231491  48.4893059   42.41007263  39.66512275
  40.48608401  41.28641847  42.38213894  42.35316143  39.19741077
  43.58806796  41.68243798  41.98314981  39.00319403  46.75572267
  44.45144189  40.56180303  38.49972885  39.21678531  40.8887153   39.00532
  35.36481905  34.75092024  44.18676619  46.93476509  43.31175616
  44.87664669  41.83191697  47.08664691  36.81331196  36.47573282
  39.14336105  41.56016707  40.78287094  35.73713416  40.43001243
  32.67293339  35.4757332   42.58684693  43.90964417  40.847455
  40.09003622  42.39440344  39.66775692  46.41747308  42.87138395
  39.34785187  41.56101697  33.93301394  44.61954905  38.75911816
  44.73565983  40.10470945  45.5232123   35.92318089  45.18091143
  42.96411788  37.36121203  42.14604684  40.3748073   38.2986572
  42.65943435  41.11524845  40.05459147  40.57559774]","[ 38.35508252  43.25916758  37.98984915  36.07062332  38.99767682
  37.99455643  32.24775101  36.5701509   34.28798252  41.95825365
  37.09445953  28.98371854  34.67489322  31.90682368  41.88363752
  27.77420563  35.20105785  40.48711735  37.62443244  38.98694192
  39.02347965  31.26777006  40.48711735  37.62443244  38.98694192
  39.02347965  31.26777006  32.97567576  36.02496864  36.21956125
  37.69053075  34.13982571  38.31511424  45.78221004  37.07084802
  41.62782396  40.40620491  39.3893303   38.99609074  39.23042726
  46.43149412  31.52183258  34.22738643  31.97970689  27.61228096
  38.61278025  35.35033651  41.50078196  38.6219638   39.48186664
  33.44637286  33.05533344  34.0053231   32.4926261   28.98371854
  37.29747689  40.41254439  35.8674458   43.69901811  42.03234832
  31.93696209  40.58397206  41.43148458  35.3134446   34.17715056
  33.18032796  38.54892951  38.06568832  39.78510221  41.47133414
  31.7658601   34.35434359  39.88899838  39.5316503   40.57566133
  35.95967027  43.65051665  38.46301761  41.07432205  41.00466401
  29.95709597  49.34732168  33.30031501  39.17267415  36.3577107
  43.01344014  32.41456663  33.47426781  40.16930694  37.52493429
  38.46301761  41.07432205  41.00466401  29.95709597  49.34732168
  33.30031501  39.17267415  36.3577107   32.82093733  39.54207991]","[ 53.61951205  46.16647639  38.88909388  44.37176961  46.57318493
  49.21369784  46.94915752  47.21268669  35.26225447  39.4230599
  45.57577919  41.76786739  40.57018396  40.93954264  44.76785787
  43.85680862  39.9082912   46.59951319  47.77289438  41.71971235
  46.19911925  51.17213045  39.90601446  35.72202978  38.8770047
  37.43987523  37.57373707  44.32105462  39.00485402  47.1969015
  47.00816613  44.25824897  41.26050665  46.74489536  40.84293071
  41.70492754  42.95755347  38.13906545  38.32589255  40.91676211
  46.69849461  40.66870838  44.38737735  45.05404469  43.77207083
  43.25658194  44.79674922  46.85610399  39.22844745  41.03496071
  36.77734329  40.01801398  45.76917535  37.85584335  37.82279412
  38.13906545  38.32589255  40.91676211  46.69849461  40.66870838
  44.38737735  45.05404469  44.58243588  43.97507695  38.94231922
  40.14163048  43.0708664   33.7215631   43.47873991  37.54563678
  44.28181127  44.7718414   39.69829643  41.58636489  45.62409522
  31.88096578  41.51209956  41.92196124  49.95895356  48.0856109
  51.20017451  44.17567745  43.6854625   46.73679393  40.81185424
  44.9686212   43.26135848  44.7718414   39.69829643  41.58636489
  45.62409522  31.88096578  37.09671897  37.63066846  44.98496568
  43.33611456  49.97904834  41.51209956  37.46782596  43.99272516]"
"[ 16.07108078  13.75764327  14.98625036  29.22949796  19.01818527
  15.75339314  15.36608915  24.89471312  21.16538916  18.56771249
  12.84158988  15.75339314  15.36608915  24.89471312  21.16538916
  18.56771249  12.84158988  15.08313128  15.63924731  19.51414828
  19.45868696  18.18760829  16.77785745  16.07956193  16.73751643
  16.16146214  23.98526704  12.61806183  21.64144583  14.19749008
  16.68805435  15.78272389  16.5186626   12.84158988  15.08313128
  15.63924731  19.51414828  19.45868696  18.18760829  13.85345732
  13.83519289  15.11778342  10.34164082  22.61976192  13.83519289
  15.11778342  10.34164082  22.61976192  14.58358504  11.35188804
  21.00440605  15.82324869  13.3046377   19.97200054  15.82324869
  13.3046377   19.97200054   8.86916504  10.37868642  14.37886203
  17.90363796  20.33296432  16.68462209  20.20625952  15.2315722
  21.16538916  18.56771249  12.84158988  15.08313128  15.63924731
  19.51414828  19.45868696  18.18760829  13.85345732  13.83519289
  16.77785745  16.07956193  16.73751643  16.16146214  23.98526704
  12.61806183  21.64144583  14.19749008  16.68805435  15.78272389
  16.5186626   10.34164082  22.61976192  14.58358504  11.35188804
  21.00440605  15.82324869  13.3046377   19.97200054   8.86916504
  10.37868642  14.37886203  16.8799807   24.48100721  26.75212751]","[ 14.37550556  25.45415843  24.24992032  20.77493569  14.07264772
  22.42972441  21.32785389  16.20871305  19.03394285  20.35757673
  20.7083495   21.07937065  21.51505829  29.21371373  15.05101728
  16.80301625  19.77682898  13.79955768  21.67458249  21.40803601
  13.69120595  19.54225555  20.9383148   16.94986414  19.1497603
  20.51157865  18.12342032  20.30913366  23.75373741  26.18239582
  14.37550556  25.45415843  24.24992032  16.80301625  19.77682898
  13.79955768  21.67458249  21.40803601  13.69120595  19.54225555
  26.12813417  20.87163662  23.77549292  20.79047736  22.33039865
  21.07937065  21.51505829  29.21371373  15.05101728  16.80301625
  19.77682898  13.79955768  21.67458249  21.40803601  13.69120595
  20.77493569  14.07264772  22.42972441  21.32785389  16.20871305
  19.03394285  20.35757673  20.7083495   15.52061927  26.64828287
  18.37838932  15.52061927  26.64828287  18.37838932  21.66103282
  21.31959859  21.20367257  18.10859479  22.93750438  17.59430619
  22.25035066  22.33039865  21.07937065  15.90802466  17.31344254
  24.33613214  18.59388421  18.31948144  23.7072275   17.31939526
  18.48201905  21.93815347  22.03655101  20.37285736  21.59177269
  23.27664236  19.04985323  19.72263846  19.41262185  21.6957008
  20.55736317  23.15688018  23.37568742  20.87658636  20.70292096]","[ 43.86027591  46.50694266  42.81471766  42.80332915  49.63889867
  44.66366005  37.01080314  42.64050509  44.28308607  45.65151258
  38.05428758  46.12338824  42.3692585   48.41496356  43.5952519
  47.52935352  42.16799693  44.08314022  48.59789963  39.95557755
  44.00763524  47.91286324  36.88511336  44.65669618  43.70029499
  42.55999019  47.68527992  42.34272818  37.48785858  44.20371912
  37.37949609  42.6675166   37.50313935  33.97115891  42.80332915
  49.63889867  44.66366005  37.01080314  42.64050509  44.28308607
  45.65151258  38.05428758  46.12338824  44.72422936  44.1815646
  47.59852319  41.68010836  43.63449546  50.23459408  37.0583903
  45.0524892   36.38644735  48.57943626  43.97683115  44.04195572
  43.47686194  48.42250854  46.81434285  51.5270615   41.82593844
  39.37259921  42.73136366  46.20379391  44.63214842  50.164896
  44.51357623  41.94504092  42.13452686  46.16306061  39.59047246  42.32463
  41.02690393  43.11037667  46.2572634   46.78685447  43.25501635
  41.86679222  45.22906163  42.74270583  49.60706828  44.61007615
  48.42250854  46.81434285  51.5270615   41.82593844  39.37259921
  42.73136366  46.20379391  42.74913915  45.05833738  46.9781889
  42.36700462  39.39183753  46.20058609  44.22555225  46.51124776
  41.72479246  46.41523166  43.18911057  45.3141653 ]","[ 31.36160208  28.04469681  28.74562202  29.83548936  27.73523229
  32.41923057  28.08275268  27.21096986  32.33181774  30.86621062
  28.97352881  28.01684917  28.15807416  29.07472205  34.40199371
  33.0460203   27.94396147  29.42566552  29.78250903  30.99171599
  30.37707406  31.1658737   28.46333033  31.49145535  26.90190287
  27.22322326  30.51624028  31.37143465  27.98068016  28.86837767
  27.14327391  26.86433001  24.7708474   26.71000805  25.73022856
  31.41754986  28.85811009  29.46677633  29.94759477  26.0074747
  28.80233736  28.53816387  28.46333033  31.49145535  34.1142588
  33.8539969   31.75439107  32.75644175  27.44407402  32.6663014
  31.13760503  28.83064419  29.81124205  28.5098078   33.33601991
  28.04469681  28.74562202  29.83548936  27.73523229  32.41923057
  28.08275268  27.21096986  32.33181774  30.86621062  28.97352881
  30.0329204   31.82656328  32.76122516  32.18517394  31.36160208
  28.04469681  28.74562202  29.83548936  27.73523229  32.41923057
  28.08275268  27.21096986  32.5863063   32.56711564  31.30601288
  31.26633473  24.96715778  27.23434872  33.65767905  30.87342751
  31.4728153   30.00172664  25.68673197  28.49744345  32.29449661
  25.49530547  31.63041464  32.59514337  24.32264029  32.22015743
  25.62689583  30.64856504  30.94869661  29.3487705   26.64694917]","[ 30.49343756  21.50578368  27.90486854  31.21444425  28.58245012
  27.45971796  31.5853294   41.3371977   33.4292335   29.25938918
  17.91239559  36.50936657  34.94160175  29.74492576  22.0585244
  31.01984778  32.10739292  30.84798118  22.74371916  12.98052341
  22.63348651  19.08353299  35.18360114  32.20244292  35.70900739
  29.27031707  31.13977502  27.0348745   33.56891234  25.79799146
  18.96617644  27.7137465   29.60053181  26.77021983  27.96519438
  27.40025426  28.46460109  25.86925498  38.17256454  30.49343756
  21.50578368  27.90486854  31.21444425  26.95014546  34.07304827
  24.49163791  22.20752547  26.13697001  32.15639412  16.44730095
  26.14590772  23.40701148  35.55695499  33.03990746  16.44730095
  26.14590772  23.40701148  35.55695499  33.03990746  10.8395863
  25.23891435  27.05123866  33.0078653   25.69905862  28.63349731
   9.80834948  16.25367361  33.46822355  25.14008368  26.79335665
  28.31011869  26.43855682  32.10085677  26.97944827  20.47471104
  39.23771575  23.96757437  26.4158497   29.96743807  19.13584062
  29.65338125  29.12511101  11.7801154   30.17013671  27.53205721
  35.18360114  32.20244292  30.79086745  27.80866723  35.01802921
  25.51172815  26.95014546  34.07304827  24.49163791  22.20752547
  26.13697001  32.15639412  16.44730095  25.34278695  26.54863699]","[ 40.83368733  49.08001167  41.88137274  44.8750932   31.4124927
  44.12005381  49.10438735  35.16149729  33.52739881  43.42688188
  43.14224844  40.95781602  33.33022203  44.14022557  38.96224366
  33.03769258  42.41399574  39.18402062  37.04794988  44.06406928
  36.95992121  41.162537    33.50311761  44.14219492  45.03447563
  41.06907985  32.89007988  40.87335205  33.53701464  40.07092708
  40.62273987  39.27525313  36.84771864  32.85938964  41.39576794
  36.98560768  39.26216196  36.42683642  38.21973522  39.06043041
  45.36402958  43.17189727  48.10121147  45.13911968  41.94659866
  39.14286715  37.61439519  44.00899739  42.04273984  32.13405186
  44.85668626  43.57652016  38.39050448  39.38664338  35.91784427
  40.87335205  33.53701464  40.07092708  40.62273987  39.27525313
  36.84771864  43.13906334  51.16592248  37.64867729  37.0159355
  44.14219492  45.03447563  41.06907985  32.89007988  40.87335205
  33.53701464  40.07092708  40.62273987  39.27525313  36.84771864
  43.13906334  45.74166381  34.77860374  43.75338714  47.59280198
  37.92128927  43.10109841  37.14140771  38.20937145  43.57937612
  37.01631402  38.64460282  42.51666386  39.75622994  41.3773042
  43.66386608  43.20324858  42.81546293  38.83812368  36.36330698
  39.32404759  30.68840688  44.99116712  36.84771864  43.13906334]","[ 39.13038918  32.87144657  32.8254313   33.5204725   42.60562361
  37.91457718  39.46650281  33.57464539  35.7772287   35.2063467
  33.91625482  44.50571127  34.36002825  38.31333099  29.17879446
  40.68810965  37.07862186  36.44865169  36.59838873  43.45509862
  26.61474686  42.74983713  37.03057632  33.93246504  40.03280112
  39.78383098  43.40581465  35.62759931  29.93448026  39.8861598
  41.49720683  32.93389408  37.90902224  38.24530596  26.93404119
  39.47099106  35.54002884  25.15093829  38.53803075  37.84148277
  36.27289327  34.70849935  42.8966853   38.46580861  37.04659536
  37.15298961  38.11789583  34.94559087  37.11038713  29.02845915
  38.18444238  43.80170772  37.81371503  39.85809065  43.80170772
  37.81371503  39.85809065  37.43431977  33.92489367  31.20699946
  35.74812043  30.25715342  33.6064025   40.44696866  34.86741129
  28.61175594  34.61378327  31.97415912  32.24936512  40.49560148
  32.68253926  39.1798832   35.79937017  38.91024198  34.9442831
  30.43932866  40.06763199  33.35927879  29.33047441  39.30724785
  37.59840608  39.37733097  35.56904589  34.222534    33.53157087
  36.43921938  35.78359756  34.49467251  32.56680374  40.01984243
  33.82754128  32.24356923  38.25708596  32.50979262  38.02829805
  36.83933817  35.35458355  30.10104701  30.86006907  34.00997047]","[ 42.7927358   46.85909132  45.60739112  38.31384305  36.68508919
  45.10958417  45.81152924  42.18878076  47.54279034  47.50335334
  54.27222086  36.86850104  38.84380928  38.8614679   41.34030209
  42.67488246  41.25842047  43.37945083  41.09428055  43.38737445
  42.49376338  38.23352051  39.22935684  41.18387937  45.67492679
  43.81788957  37.64827346  45.02977699  43.63093014  50.84203304
  38.76562292  45.79810279  43.74674544  48.83138047  36.75770838
  43.02130286  45.09144312  45.57350884  41.50703358  41.50856511
  40.57360167  38.71284725  44.08236557  53.06982724  43.12711974
  43.60444076  46.98581158  34.17364932  42.84738836  42.80124464
  40.42934102  38.85728434  41.57989475  48.39982336  41.96290464
  46.54375227  41.69210863  40.21085344  41.69848449  35.96690164
  47.96391931  39.70225291  39.95542792  38.76409756  44.06531493
  41.45335849  43.64397955  43.2773038   43.06107321  41.72549965
  42.98924301  46.72275368  40.67147119  41.06948995  40.61055471
  36.86850104  38.84380928  38.8614679   41.34030209  42.67488246
  41.25842047  43.37945083  41.09428055  43.38737445  42.49376338
  38.23352051  39.43722209  46.90860692  40.84733313  46.48663398
  44.07381884  41.99757605  43.07849008  48.66347805  42.12142453
  41.8478353   46.27533428  37.50349084  45.57350884  41.50703358]","[ 32.19689231  48.29252257  37.09869346  38.854867    34.77396157
  41.57056209  35.04299388  39.93896879  34.97516317  36.31322973
  38.82874056  40.05035273  36.43282613  31.8732395   33.2831499
  40.50799061  38.41800562  38.62378675  38.17263658  41.77770188
  32.19689231  48.29252257  34.97516317  36.31322973  38.82874056
  38.6429394   38.58158857  40.13050887  38.52517515  36.91753379
  37.20502527  36.96558644  36.72913287  34.01996886  39.0824221
  36.04588248  40.82545547  33.24326272  41.24615048  41.31611305
  35.82720287  36.30690242  39.47000631  27.4694914   43.42161466
  29.4079613   33.89176779  36.15398863  39.48651815  40.14779775
  40.15647555  36.69994972  38.62663728  34.58794431  34.68067512
  39.30806842  38.4686052   38.20935011  39.17034418  29.25099746
  34.31614125  39.82945077  36.68583035  37.17793191  33.44305213
  43.49968392  32.10279037  36.81026592  35.03932789  34.45664586
  46.32507755  42.15974255  34.76694292  25.73841324  42.81414381
  37.37436895  39.0824221   36.04588248  40.82545547  33.24326272
  41.24615048  41.31611305  35.82720287  36.30690242  39.47000631
  27.4694914   34.21131023  37.39242276  34.50320005  41.42558107
  36.30581912  35.79023848  35.97574446  34.15209071  40.6772884
  32.97027831  43.6465958   37.66444484  37.43535569  35.72083971]","[ 41.92252006  40.62767502  29.74853507  46.31219426  34.94477861
  33.35940727  45.71803056  36.42874298  35.39618142  43.9502669
  30.15159625  35.30769812  40.05924005  41.92252006  40.62767502
  29.74853507  46.31219426  34.94477861  33.35940727  45.71803056
  36.42874298  38.38250757  30.38639268  37.77605383  42.7182683
  40.00405768  41.31412392  43.35865206  27.39630216  41.566914    29.8672541
  43.18013802  39.94584442  39.49441045  34.63017352  41.84656314
  43.05847797  33.0185108   36.27408361  40.36816859  36.30072248
  47.59003274  39.22162901  40.74391879  38.16745163  36.47459922
  42.55993814  43.94422515  21.88502714  39.69032333  32.77985349
  41.79066876  38.32138833  40.1100956   37.78239107  40.40056725
  36.62471131  40.24034925  43.83370213  35.30832725  38.80802337
  28.35536624  43.46411713  45.27509881  37.68394018  37.71322358
  38.78324285  44.38921616  36.64213614  46.64149173  35.38838975
  32.58794253  35.68154728  37.88718861  44.17207199  39.02550247
  38.38884784  44.32138752  35.59033111  41.91873128  46.04404426
  35.17169302  33.37087084  36.44249024  42.10913268  27.05920571
  45.83622752  43.18318746  44.3658899   40.87572726  41.92811135
  32.46022118  42.56100709  38.05214797  40.97796654  38.28813857
  36.81659909  32.63781983  41.31412392  43.35865206]"
"[ 19.82252114  18.55282915  15.92953424  13.19453593  23.99663021
  12.19019976  20.89544027  25.0507652   12.48161825  22.23863066
  18.09321389  12.79935718  15.97344412  18.55734778  14.43810191
  20.39655316  13.75004972  16.33988399  22.2576846   19.40176628
  22.51777154  20.41114679  25.02100243  22.27776647  20.88021707
  15.32015727  21.44011219  25.14179129  22.55128825  18.22439601
  15.37361824  21.16497163  18.53801293  15.97344412  18.55734778
  14.43810191  20.39655316  13.75004972  16.33988399  22.2576846
  19.40176628  22.51777154  20.41114679  18.11723117  16.13847099
  20.14567741  20.08627845  22.20350598  23.69996912  25.02100243
  22.27776647  20.88021707  15.32015727  21.44011219  25.14179129
  12.19019976  20.89544027  25.0507652   12.48161825  22.23863066
  18.09321389  21.62751219  19.78732823  26.1689184   19.68408522
  21.06891008  11.26403237  18.7263658   19.34955276  19.82252114
  18.55282915  15.92953424  13.19453593  23.99663021  12.19019976
  20.89544027  13.19453593  23.99663021  12.19019976  20.89544027
  25.0507652   12.48161825  22.23863066  18.09321389  21.62751219
  19.78732823  26.1689184   21.62751219  19.78732823  26.1689184
  19.68408522  16.13847099  20.14567741  20.08627845  22.20350598
  23.69996912  25.02100243  22.27776647  21.90284558  21.2745244 ]","[ 21.50240607  19.99908163  23.62121624  20.23315502  21.12855257
  16.1153683   21.04749633  23.91353948  21.9558287   20.49300077
  23.07477586  22.95054623  25.62631637  10.16006503  17.61364506
  22.08554772  17.59482855  23.61986567  24.16150245  23.82644705
  27.75143804  21.3142054   21.50240607  19.99908163  23.62121624
  20.23315502  21.12855257  16.1153683   21.04749633  23.91353948
  21.9558287   20.49300077  23.07477586  16.13709568  20.81813127
  17.51863939  22.25662579  19.97127357  17.43789742  18.74972676
  16.39022441  17.21307773  23.9223293   18.98449841  22.4603751
  26.43699783  21.08093595  16.77821788  18.16041411  23.0905327
  26.9746325   20.42196405  22.95054623  25.62631637  10.16006503
  19.92025898  24.9994822   17.55243847  18.25375964  24.07670287
  20.58854383  22.01747413  22.43302138  15.65086407  24.41330902
  17.61364506  22.08554772  17.59482855  23.61986567  24.16150245
  23.82644705  27.75143804  21.3142054   20.05138243  21.64729168
  18.56735507  21.64729168  18.56735507  16.84722451  18.32313177
  17.67649879  16.62892     25.65563056  17.75016202  15.34614877
  21.50240607  19.99908163  16.1153683   21.04749633  23.91353948
  21.9558287   20.49300077  23.07477586  18.57097324  21.75972729
  21.85528483  11.38745494  23.54445184  18.21297318  26.40423054]","[ 43.05519113  42.88331426  31.65921871  48.49577125  44.00921728
  47.40269614  43.18655278  50.07363712  50.23219575  37.20509324
  42.35098615  45.26709614  47.43515771  46.3435658   40.91326739
  44.55022827  47.3369761   46.66859568  41.89152519  46.29152727
  43.67467743  37.59928423  48.45790106  42.07081666  43.82103625
  47.45390122  43.55177071  45.40775453  42.59654297  48.25890572
  42.51521771  47.76081855  43.14963322  44.76953422  43.33208135
  47.34866484  41.24532979  43.31263764  45.35850004  45.05381065
  48.39330139  45.64293522  48.88710536  43.27625863  43.36714188
  39.73632209  40.01232229  46.44584391  40.75267671  48.87714227
  42.22913591  47.3446057   42.80063295  46.14481272  43.370522    38.8932043
  46.97287543  43.14963322  44.76953422  43.33208135  47.34866484
  41.24532979  43.31263764  45.35850004  45.05381065  45.99187158
  46.48028521  47.88897337  43.79059695  44.39283952  44.64184878
  44.49231057  43.5714954   45.47281975  49.5068348   47.10634296
  46.14981975  38.11722654  45.99187158  46.48028521  47.88897337
  43.79059695  44.39283952  44.64184878  44.49231057  43.5714954
  45.47281975  38.51528639  48.70612066  43.75887121  43.73701744
  43.3798496   44.3854312   44.82471675  45.26709614  47.43515771
  46.3435658   40.91326739  42.7620822   48.78926769]","[ 30.13083959  36.94077089  29.35827374  31.24455934  28.22401585
  30.27741632  32.04183045  31.41661063  31.8315512   28.95664641
  29.9106177   31.75810624  27.35904135  33.83549434  31.46756339
  30.07072735  26.10789531  34.80428873  28.38099986  36.65807899
  33.10922542  29.887668    29.82455892  31.29085209  34.56161229
  32.81258706  33.06932013  31.60287794  31.20358356  33.0742333
  28.49579004  33.86340127  29.83692709  31.64323882  29.89136874
  26.38223918  30.08833742  27.06779814  31.03138629  31.07809208
  29.48317952  35.67711629  33.91852442  30.89472058  35.24883216
  34.43022978  33.22466854  30.33432214  30.99566287  30.12801908
  31.53991089  33.01197067  26.14041591  27.27890193  29.35033508
  28.09052851  26.74924879  31.51318286  36.86370987  31.83456918
  31.84425549  33.9414803   33.59075697  34.50026787  36.65807899
  33.10922542  29.887668    33.13821404  30.31040848  30.24750112
  24.2752211   30.2734809   30.29617449  29.42557031  33.48693342
  36.3767188   33.20007325  31.6064897   31.54331625  29.17525142
  27.27890193  29.35033508  28.09052851  26.74924879  31.51318286
  36.86370987  29.35033508  28.09052851  26.74924879  31.51318286
  36.86370987  31.83456918  31.84425549  33.9414803   33.59075697
  34.50026787  30.96777312  26.66752908  26.66752908  29.6293785 ]","[ 33.12153031  26.57369112  31.58494495  32.53180677  31.0348321
  28.68491557  27.0588677   33.27748763  22.56662493  19.00893848
  34.13191561  27.71921708  25.06725007  32.77768311  22.93562742
  25.62571203  26.04004592  31.64731167  29.33051436  20.5966135
  28.93567661  31.41436196  26.46706875  25.32155616  25.92583658
  30.17042013  36.57855145  36.60489858  34.48591974  37.31081021
  29.70270862  35.5790863   30.16776606  32.92415201  29.1334899
  26.40469703  28.49138892  30.22346925  33.9478971   30.83945511
  31.25000171  20.19911874  26.92990524  31.77412021  34.12797425
  33.68275299  28.17749868  30.05485144  26.18157587  24.35773097
  20.57037375  32.92415201  29.1334899   26.40469703  28.49138892
  30.60533519  30.63435048  31.54315893  37.53018929  15.50056005
  35.65802971  20.29264471  23.97824415  31.6830791   31.5359837
  12.9756896   32.2774733   31.46670277  26.46706875  25.32155616
  25.92583658  30.17042013  36.57855145  36.60489858  34.48591974
  37.31081021  37.31081021  29.70270862  35.5790863   30.16776606
  27.0236046   20.54303411  34.91385539  27.66090113  24.78689288
  35.80253396  21.87098043  31.90363651  29.56836875  23.38388706
  21.45303364  32.62103693  31.88133118  26.05019491  15.83117137
  33.12153031  26.57369112  31.58494495  18.90598827  28.26593563]","[ 43.93870412  47.14308045  36.89154163  40.93636426  46.07056403
  38.89242154  43.18773069  38.11210772  41.48979704  40.3989135
  41.09608265  41.20444208  44.00012236  47.76207054  44.56105547
  46.06838351  43.93870412  47.14308045  36.89154163  40.93636426
  46.07056403  38.89242154  35.29329107  42.37804381  39.09109071
  41.20444208  44.00012236  47.76207054  44.56105547  46.06838351
  43.93870412  47.14308045  36.89154163  48.88321583  41.97815694
  50.74463939  43.62447025  44.57488373  33.65923774  46.79265068
  49.27891281  36.6643424   34.31750996  44.78397508  40.67334946
  43.77729813  39.4841787   41.62935497  33.03169293  41.92699389
  42.89978162  46.61768903  41.69477421  35.2360396   43.03515654
  37.12576906  45.42029036  47.18857373  37.86924806  37.51317989
  39.6655848   43.41179247  44.56634078  46.03966847  44.6039835
  35.85204843  44.50876864  36.5684275   36.92598756  46.6375188
  38.0916871   53.76029335  38.57815253  42.36509757  40.4721319
  36.10545788  47.08985222  43.00731422  44.6142548   39.8297589
  36.59591938  47.32884024  47.13834606  40.6219881   27.58723395
  43.54739091  35.49289121  42.67816934  35.29329107  42.37804381
  39.09109071  41.20444208  44.00012236  47.76207054  44.56105547
  46.06838351  43.93870412  47.14308045  32.46559087  43.19240781]","[ 39.20825345  31.45767603  40.9728592   40.15914743  32.9820787
  39.55896692  47.43000582  37.55561214  38.9531262   38.07142478
  39.05812613  45.26336069  41.89072702  40.89745766  40.81317625
  33.30771451  31.17345101  38.27461306  33.46646232  38.38220056
  39.81184464  35.02270884  29.35256621  39.79267949  31.61353092
  36.03360228  33.35709392  34.64120559  40.50034929  38.11242144
  33.43791933  40.72227481  39.61372279  43.84380857  37.00252663
  36.41462663  36.46967311  42.50134945  40.02942538  37.47705214
  40.56559572  36.08560552  35.60946509  31.76663824  42.49344593
  36.25056183  36.11368148  35.80697504  39.25844682  37.62192233
  33.86556729  44.02028791  29.35256621  39.79267949  31.61353092
  38.04467718  38.20799299  34.66652906  43.04150566  35.75911344
  41.67285328  42.5252989   38.2758646   37.05636669  39.81589528
  48.48928835  33.87687076  42.29835167  38.46995834  38.48594855
  41.37350132  40.34293675  37.21325444  35.11187412  40.3612856
  42.15643587  36.90729542  41.9581685   41.64578573  30.48768686
  37.48375755  30.32301987  37.68582885  37.10492762  36.19284436
  21.3696914   40.15936026  28.40914335  37.11030462  36.03749479
  33.90052647  37.87359268  42.15516155  38.64486106  37.03692963
  43.22156676  45.11173437  49.33407319  34.66652906  43.04150566]","[ 43.50979397  34.92311012  36.20020337  46.27826708  33.59833685
  39.21736601  37.6011373   45.37759162  36.86445186  40.05638383
  34.08564948  32.42556382  43.50979397  34.92311012  36.20020337
  46.27826708  33.59833685  39.21736601  37.6011373   45.37759162
  36.86445186  40.05638383  34.29507388  37.69390415  39.37142431
  40.46343164  40.6047691   40.20213715  36.39854331  37.15361924
  32.23734047  40.38843481  40.90356453  38.47503794  41.05694606
  32.43223453  34.5260556   43.00772921  45.31605035  43.76662976
  41.43081413  41.75317547  33.48891428  38.07748703  38.47503794
  41.05694606  32.43223453  34.5260556   43.00772921  45.31605035
  43.76662976  41.43081413  41.75317547  33.48891428  38.07748703
  41.52225085  38.38680088  40.13102187  43.05222828  41.80369912
  34.27214819  43.56405851  40.04910961  37.42173706  37.71067612
  41.98385731  36.6651195   41.17134704  33.45435469  43.25236678
  38.416976    46.87164817  39.4903465   37.18713628  41.64984339
  43.18914495  43.97696664  43.84644253  40.68125056  41.41412198
  38.65083174  36.14947808  44.73675144  35.61779033  41.0196888
  37.10049756  43.69536737  39.45217186  39.29920394  38.09802241
  44.71536463  41.77517722  40.50268117  35.62253532  41.11602932
  41.0122046   45.40098741  41.26159137  32.37456018  47.60755042]","[ 41.05249446  39.61086714  36.88652535  41.01111365  41.86144958
  35.9785464   35.38356234  33.03030029  40.77228871  41.47009263
  43.11035552  43.68790268  37.47489245  43.54020934  35.53537475
  43.55611968  38.30963725  43.54059746  42.0783282   37.65037114
  33.83724808  29.90667379  38.00247544  46.09450781  34.20824121
  47.1916345   29.71280692  34.48819522  35.8760347   38.41651035
  34.53045109  33.35554751  36.84735323  36.73996104  37.18302498
  37.48194408  34.8096253   32.23858961  34.45996233  39.99299207
  41.49455649  42.01833005  36.5824853   41.51278791  40.38470331
  30.90118497  37.57720429  37.59628503  40.36024998  38.4725089
  39.25748554  34.24525439  34.95231425  36.35005957  34.85327628
  34.99531862  42.61866408  39.16924859  44.1480008   36.04698332
  41.10309159  43.22910222  39.67365353  41.51278791  40.38470331
  39.25748554  34.24525439  34.95231425  36.35005957  33.57202272
  43.90622759  31.56884169  39.92336506  38.87484975  41.78769798
  39.83945551  41.98343239  38.87510906  41.99736602  36.45831497
  39.94555721  35.52894555  33.61409231  39.03971607  39.59643267
  37.82542268  33.75060856  42.59713345  38.2222907   39.86156487
  43.83919941  40.21040013  40.63298534  39.84234487  39.0305584
  40.86095955  36.35231965  41.92171732  36.8226886   43.68790268]","[ 41.27134983  43.19508988  41.12008794  30.68019416  33.59051568
  35.35130145  44.85623819  40.63827481  28.36487743  38.84426621
  36.29827003  37.44127968  28.62211585  29.5376727   37.2262603
  36.91543409  43.64316476  37.35712767  38.61999395  37.49227501
  38.11607992  32.81615753  40.58302955  37.40424793  34.56813143
  41.70293594  36.95995229  31.71599182  41.27134983  43.19508988
  41.12008794  30.68019416  33.59051568  36.42778441  30.37803364
  35.40631986  43.91819042  46.64997002  39.76377054  30.8439394
  35.11824339  42.86780669  35.58200952  30.49020844  37.23241419
  40.26863483  35.07791339  34.98038388  27.25619164  27.74107259
  33.46526613  31.61902664  26.64891408  34.83595289  24.07276303
  38.17175468  34.13698702  30.67485701  35.20531895  33.62652624
  42.94028514  35.51868     32.55181131  44.65068623  27.80081532
  42.26778851  27.05937255  30.7801671   27.66115348  33.05893309
  34.83756299  41.37604755  41.73389051  29.67466565  32.3408854
  38.28582353  36.757608    38.83946588  40.62848032  35.85947716
  29.66902031  37.79050008  46.06027716  30.38230348  40.52253723
  39.6066838   35.38317938  38.47125653  38.28977244  37.23241419
  40.26863483  35.07791339  34.98038388  27.25619164  27.74107259
  33.46526613  31.61902664  26.64891408  38.48124857  37.26266283]"
"[ 19.60776917  16.54781655  15.38832374  22.70274561  20.48819818
  15.92870417  18.26345922  16.19517752  20.38022581  11.95018914
  26.83706834  17.9639589   17.92809506  15.7229922   21.57025788
  24.17228572  23.50405215  17.46446908  15.3465766   10.49297415
  17.6836014   17.5647614   28.4443455   20.38022581  11.95018914
  26.83706834  23.3339841   22.08382183  18.62615479  24.75091851
  15.32852435  17.13290569  19.73747451  21.30244334  15.33147239
  10.24654699  19.91955284  25.82174183  -2.57454794  18.45248821
  23.39512801  21.72795846  17.76472238  13.20834151  24.48234924
  15.92870417  18.26345922  16.19517752  20.38022581  11.95018914
  26.83706834  23.3339841   22.08382183  18.62615479  24.75091851
  17.13290569  19.73747451  21.30244334  21.92634868  19.99261559
  21.59703978  20.11163664  17.61511305  12.22648534  15.33147239
  10.24654699  16.6395061   15.71578297  12.40231142  14.53316532
  25.82024455  21.40974369  25.92624048  26.51037509  18.08387267
  18.02208211  17.85615395  11.95018914  26.83706834  23.3339841
  22.08382183  18.62615479  24.75091851  15.32852435  17.13290569
  19.73747451  21.30244334  21.92634868  19.99261559  21.59703978
  20.11163664  17.61511305  12.22648534  15.33147239  10.24654699
  19.91955284  25.82174183  -2.57454794  18.45248821  15.36659962]","[ 19.4447016   22.77429428  21.95448702  29.29132183  20.92761042
  17.10732555  22.19253804  31.26947934  16.21418554  21.24075322
  15.31936996  21.58171144  13.40369277  18.74019446  19.05596037
  20.1707648   15.72572568  17.42544258  23.82372501  19.4447016
  22.77429428  21.95448702  22.19253804  31.26947934  16.21418554
  21.24075322  15.31936996  17.94117962  16.1693489   17.96626165
  20.81220225  20.13196942  20.2232807   18.5363262   14.92125733
  19.02333452  18.10769865  23.17302209  11.64632997  20.8563473
  15.46835663  23.06352261  22.04301847  25.17997071  18.33158345
  22.38962668  20.81523802  21.65477968  20.64219881  15.00702227
  27.65058138  27.58675821  21.16798496  21.58171144  13.40369277
  18.74019446  21.90839329  20.62856537  21.49863084  23.86395609
  26.95976939  15.74887802  21.95990666  18.6327542   23.79154139
  20.04749196  15.24615077  15.43216052  21.58288399  15.94923033
  25.29330668  18.28500061  23.09388013  12.70810232  23.4448208
  26.78108417  22.08645138  18.33158345  22.77429428  21.95448702
  29.29132183  20.92761042  17.10732555  22.19253804  31.26947934
  16.21418554  21.24075322  15.31936996  17.94117962  23.4448208
  26.78108417  22.08645138  18.33158345  22.38962668  20.81523802
  21.65477968  20.64219881  15.00702227  27.65058138  27.58675821]","[ 37.14875901  48.1227391   44.84513075  46.28496157  44.39576381
  35.81313318  44.50662726  47.08636728  43.50268086  42.61466896
  45.72917689  43.24878556  49.79352069  38.45319793  39.77897089
  44.133842    45.80114589  43.62233945  46.09443448  45.14825628
  44.84535755  46.52765831  49.32898621  42.04536092  41.73596622
  45.48892942  39.29125092  37.14875901  48.1227391   44.84513075
  46.28496157  44.39576381  42.63347154  48.87507838  45.72917689
  43.24878556  49.79352069  38.45319793  39.77897089  44.133842
  45.80114589  43.62233945  46.09443448  38.41947337  47.84446306
  34.76202642  29.67082332  46.90702962  46.33186012  45.37464343
  45.93479457  47.3468672   44.10712696  42.85425571  46.37369096
  48.48829072  36.84241605  48.64742507  41.61617744  44.31314575
  47.86136051  35.60589408  48.74357394  47.58628091  47.51957579
  44.89287617  41.8952508   41.5053138   42.99531188  43.75474859
  41.28877261  41.86303218  43.36932025  49.29383361  43.50726537
  42.81779501  49.01513235  48.69502726  39.44214976  43.28366743
  38.5831661   46.39336931  45.65790009  47.24219111  46.10504879
  44.47404599  45.50278458  51.36077058  48.10815625  43.99599091
  44.31865087  38.41947337  47.84446306  34.76202642  29.67082332
  46.90702962  46.33186012  45.37464343  45.93479457  40.24976065]","[ 30.21251319  24.07561529  30.14893364  28.29591746  31.67326761
  32.772652    30.14076273  31.27958466  33.25229052  31.79515112
  30.55022094  27.71302201  30.54438574  33.24864792  31.32680579
  29.30833898  27.21013282  34.23289573  30.03422024  36.49757594
  29.09992224  29.14495939  31.70773289  27.84574915  31.07831626
  27.75833649  33.40100449  25.21901091  30.34205152  31.05699969
  28.08896202  28.9833297   32.13235621  27.33288955  24.96116153
  28.26957033  29.72086111  29.75905663  25.59394638  33.72697249
  29.19536571  31.70773289  27.84574915  31.07831626  29.0499579
  32.07993229  32.1207301   35.35359055  33.05804068  23.70806433
  29.55044279  30.97410243  30.55867046  29.26411832  33.44695641
  30.14076273  31.27958466  33.25229052  31.79515112  30.55022094
  29.88744577  29.1575757   31.30757983  22.71156286  32.51653502
  26.22141091  27.77115864  30.70110096  29.77626779  28.18602174
  31.11110522  27.73687796  32.1485134   28.69492919  29.35189105
  31.47560074  28.70950304  24.43368762  34.48797241  29.01487719
  24.94459108  28.80305089  32.6001106   32.07177148  26.1406665
  31.48385477  27.11317752  32.15547154  26.47373338  27.76888766
  32.6806824   31.89913381  32.4710171   28.07445856  22.63078333
  32.54952825  35.68366632  29.09366841  31.27958466  33.25229052]","[ 22.83472918  35.9684103   30.22836229  36.40940215  22.12602822
  38.61990457  24.4135007   31.75456941  23.84584687  32.33159609
  32.90651842  30.67767605   7.5827255   15.99722663  31.22574728
  31.72136326  19.5171872   23.93367153  30.80246498  23.36127423
  36.28750078  30.04222212  26.34755029  24.34296168  17.2808556
  29.19978282  26.91689531  29.48772963  27.93681549  28.00706205
  27.44299424  26.62394011  23.82608195  30.80246498  23.36127423
  36.28750078  30.04222212  21.35929131  33.60616609  29.28545081
  25.17405798  28.93983331  34.41884872  38.20278901  31.22602429
  29.01824575  27.75600483  38.30906313  21.50988038  35.09560301
  19.55820077  36.71258348  26.5109644   25.89949643  27.24317002
  23.84584687  32.33159609  32.90651842  15.96083452  25.2231889
  36.62323007  25.24527901  31.69113952  31.79837321  27.54029888
  27.44299424  26.62394011  23.82608195  25.76087369  28.51268118
  28.64736228  22.91768639  29.69740124  25.92498384  31.22628511
  35.57189259  22.79776621  30.65429738  30.7494743   26.34755029
  24.34296168  17.2808556   29.19978282  26.91689531  29.48772963
  27.93681549  28.00706205  34.6520166   34.20915738  35.36524182
  18.63579746   4.44980676  21.31595351  25.91443393  25.30511575
  26.39480821  31.47170186  36.84246425  24.68125484  25.67542784]","[ 43.028422    42.87579844  43.11557554  38.46184056  51.20113496
  40.98440391  40.32438297  39.61087373  41.0468814   42.60397681
  48.74547456  38.55963326  49.68806823  43.57320113  47.01092742
  39.5181009   40.13476017  45.47542775  51.81532651  41.13950633
  35.45226592  46.41124153  34.56069847  44.73717081  40.43632086
  43.91388912  34.62291629  43.41751407  39.0095312   36.1529635
  39.34993521  44.34943604  40.80349563  45.11373588  46.73221247
  41.14452387  43.41945669  50.1891905   39.88464329  47.38573315
  44.76237099  30.59940227  40.85989278  40.24684139  44.66616261
  37.7470092   46.2015466   42.14116757  46.49510528  37.48179022
  46.82869634  47.73467929  44.55526049  34.87398978  37.16688493
  38.26674393  45.83562827  42.90351136  43.96200276  43.34288662
  47.00959034  43.47661468  49.2395223   48.85589643  43.62050814
  44.87839375  39.34993521  44.34943604  40.80349563  47.16373936
  43.61304947  45.75931894  34.72435347  47.39162704  43.31091045
  41.53896309  46.98513041  43.91388912  34.62291629  43.41751407
  39.0095312   36.1529635   39.34993521  44.34943604  40.80349563
  47.16373936  43.61304947  45.75931894  47.52313152  51.57662691
  42.83291528  45.27684234  42.59389295  40.58450546  41.28059922
  42.16742871  34.43136247  50.4977779   47.07725892  34.56069847]","[ 33.63796474  44.28464395  40.25035226  38.28613991  40.03920904
  31.95661159  35.02795556  43.05361255  31.28467376  35.1741749
  45.90914505  35.55419072  35.06860959  39.28817499  44.52479798
  35.5125868   41.99961636  39.63068381  38.0107982   42.79944951
  40.1145236   42.16530634  37.31765691  33.76013431  37.96988462
  35.14896731  41.62008041  42.51607031  48.06716353  31.32753919
  36.97126709  36.21147971  39.58469883  41.80202097  31.98797439
  33.06909947  35.5423891   39.16701534  38.51682921  41.56268725
  39.51921039  34.4531432   37.92713085  36.33753089  35.95146382
  34.16723826  35.12243433  41.80202097  31.98797439  33.06909947
  35.5423891   39.16701534  38.51682921  41.56268725  39.51921039
  42.45272339  32.25105367  40.28854992  31.75982225  41.82209977
  37.94880395  40.02790616  33.86482756  33.4571448   37.9897039
  34.80674897  34.10254878  29.45685043  39.47820096  35.93995981
  28.97335097  36.34107103  34.24946125  38.47612701  37.31765691
  33.76013431  37.96988462  40.86175568  36.00838445  36.04086227
  43.25324654  37.55594522  33.85651308  35.47338802  45.14353684
  33.84899493  35.25164242  37.73964194  35.76044727  35.47772228
  42.80646603  35.0670155   39.46120643  40.49359602  41.16615013
  36.70665128  37.1817039   44.38353334  38.64714414  33.64798537]","[ 41.24043277  37.30059257  34.56132869  36.85124337  37.61928752
  44.67575217  44.23949561  28.80642216  48.21915583  31.36047054
  41.53067236  39.93664662  41.54211192  39.49328857  36.59250493
  41.5756838   40.90826304  33.43429243  40.81546478  43.30825048
  37.7995689   42.11153019  42.21675362  37.8896627   36.90993602
  40.73306924  35.6998798   42.49290034  37.25552565  39.79995299
  41.0806618   42.35542252  37.75706467  41.68233871  47.54024363
  47.9835776   42.29208583  41.39984052  33.32412286  38.33133345
  41.00205604  44.5572516   40.91922707  43.28948091  41.24043277
  37.30059257  34.56132869  36.85124337  37.61928752  44.67575217
  44.23949561  28.80642216  48.21915583  31.36047054  41.53067236
  47.35117844  45.90388213  41.43430592  39.9440105   38.95669497
  39.9425575   40.08042487  35.72016668  38.53485969  38.12558822
  38.77808441  38.62753412  44.1837343   36.90569234  40.08521986
  41.46519189  36.46458778  39.94147638  40.68203889  42.17441519
  38.79595704  38.4505146   42.10644246  37.31810149  32.26929699
  32.13150277  37.69780418  39.46169481  35.69025925  37.4507194
  44.98586557  38.4702639   33.44317425  38.43096376  42.81195784
  38.86294381  39.648803    39.38450012  37.2451395   42.18197868
  38.87762628  42.81487271  34.16853481  41.54211192  39.49328857]","[ 33.24970407  39.258121    36.57845592  41.97052363  34.14716577
  40.21568374  41.81682824  34.81725915  39.78864192  39.37357599
  28.44944198  35.18514577  41.2181475   37.86811668  42.05601619
  36.72377546  36.02509893  27.35080647  35.77338063  44.51354749
  35.11474831  40.60771081  39.36323176  31.85808153  33.67747957
  44.06614276  45.06917565  34.76133596  35.92197262  35.16473479
  37.05048525  41.72768861  32.2497327   41.40421374  37.58016108
  40.61193832  38.52489514  39.57087995  31.21634461  37.39593005
  33.32538646  36.56394837  40.99924175  37.508297    34.30778189
  35.68649513  35.17560476  44.4578444   37.35769658  29.25066634
  34.28130151  28.22753714  32.4926287   44.99614757  39.8999405
  41.07395892  38.08889415  36.89452379  42.47671692  37.98642869
  35.18289086  34.90976443  27.05303601  34.77667545  39.71391383
  35.03897449  36.90784325  34.49237587  34.98594105  28.56553505
  30.52141554  40.71132115  30.97404108  38.87859941  39.8999405
  41.07395892  40.94481538  38.22984565  32.36724057  33.15401123
  38.4440477   40.71138956  40.85844331  34.8516103   33.92214405
  30.43401925  38.92253173  34.90976443  27.05303601  34.77667545
  39.71391383  34.34365381  40.12880633  35.98390365  43.90831305
  38.00841529  41.89236463  43.10529331  43.92008144  35.18514577]","[ 40.75777412  43.46885787  44.02572234  29.30043343  31.60607715
  35.20091543  37.81016073  41.85920915  41.75911645  30.03165634
  33.57364663  37.45767192  44.37645939  31.55894977  43.00300323
  32.06612907  27.18219342  33.58099901  34.10949742  34.32551197
  35.58846368  44.2103085   36.01897577  35.91715345  33.89696691
  36.15489266  38.89111696  31.52946346  36.8453631   36.83795083
  38.68536835  39.74031742  31.71942466  39.7089173   40.22517541
  36.99338482  46.20055405  48.36682676  40.79580485  27.75487957
  41.23281034  42.8658754   41.65505814  35.67185346  33.9205291
  42.46452089  26.804821    41.97606978  27.36989842  13.22098146
  45.80038506  38.66517244  43.88720869  41.79218569  37.83330571
  36.88753618  41.23677935  46.22081418  37.32961205  37.36884757
  35.16058593  35.24034976  32.24685541  31.90414831  36.31504097
  35.61024542  41.75911645  30.03165634  33.57364663  33.98722507
  33.06450085  44.10663011  43.37130972  41.56345189  49.15283941
  40.53743615  36.25652771  36.72755936  43.57688271  36.34498154
  38.14994288  39.31281702  39.1910614   42.63664343  25.38402689
  22.06101212  32.12042534  36.25652771  44.87876296  36.13031822
  37.13844321  38.26573268  33.39877473  34.13612462  41.97798344
  35.85860644  37.2131514   36.50846678  36.01897577  35.91715345]"
"[ 13.36171479  19.19956699  24.61930672  26.29078955  17.74407887
  18.50495357  17.16795766  21.84090024  12.21188639  22.01897364
  15.4412507   15.19379867  14.10244541  18.52470385  22.11659787
  19.08171738  20.72151305  23.64938161  13.19873945  17.8961041
  23.94223463  20.05690507  23.15048078  22.78662348  23.94223463
  20.05690507  23.15048078  22.78662348  17.69237043  20.42447483
  14.85897447  14.1402921   18.72754735  24.78731344  18.08214384
  22.11659787  19.08171738  20.72151305  23.64938161  13.19873945
  17.8961041   23.94223463  20.05690507  23.15048078  22.78662348
  14.85897447  14.1402921   18.72754735  24.78731344  18.08214384
  14.3101588   21.7108555   17.89247538  18.61885026  15.92394938
  26.71408985  19.19956699  24.61930672  26.29078955  17.74407887
  18.50495357  17.16795766  21.84090024  12.21188639  22.01897364
  15.4412507   23.94223463  20.05690507  23.15048078  22.78662348
  17.69237043  20.42447483  14.85897447  14.1402921   18.72754735
  24.78731344  18.08214384  18.08214384  14.3101588   21.7108555
  17.89247538  18.61885026  15.92394938  26.71408985  26.89147846
  19.49231653  13.96360511  23.20588655  26.89147846  19.49231653
  13.96360511  23.20588655  14.73337472  16.76001628  17.24651596
  19.57141134  20.83500321  17.24062055  15.54013725  22.21766339]","[ 21.35928972  22.13873292  25.41074914  21.29052381  17.41256493
  16.05581829  19.58111553  20.56056186  28.42699687  24.0090191
  20.19598523  20.91286497  21.25414412  21.22107986  17.69071299
  18.14330396  25.22299776  20.18443699  20.99607802  12.76766031
  14.4156822   20.45015828  24.0685921   19.87066808  22.6733677
  25.6913712   20.04150789  19.33159538  26.60064661  24.87040212
  22.33411546  19.27976617  20.17362724  20.84379008  19.39469192
  26.77776617  17.77324768  20.714562    23.33133585  17.10457883
  23.8084843   22.5308184   24.3361007   21.51673657  24.0685921
  23.87157509  25.92097072  15.70096438  17.92773798  24.67658444
  21.80515785  21.35928972  22.13873292  25.41074914  21.29052381
  24.0090191   20.19598523  22.31808785  21.73995695  25.05969705
  19.87066808  22.6733677   25.6913712   20.04150789  19.33159538
  26.60064661  24.87040212  20.19598523  22.31808785  21.73995695
  25.05969705  19.87066808  22.6733677   25.6913712   20.04150789
  19.33159538  26.60064661  24.87040212  24.97796327  22.20363855
  21.5539146   17.29426151  22.78258644  20.7549913   19.0219437
  18.02452211  18.04783016  22.19284223  25.22299776  20.18443699
  20.99607802  12.76766031  14.4156822   20.45015828  24.0685921
  23.87157509  25.92097072  15.70096438  17.92773798  23.53113609]","[ 40.74613604  46.18047429  39.67477266  41.60527644  47.4431086
  38.86905442  45.45583166  46.46936206  33.24406619  38.96094919
  44.62053263  41.29527235  42.71700014  39.30170453  47.68191341
  40.54751066  42.99325786  37.6579097   40.74949571  44.87797316
  45.65651633  42.86737678  46.39642709  43.91214815  37.88172436
  46.6870158   44.74510357  44.59579868  41.25757083  46.88680866
  40.43253094  41.41178761  36.60621406  42.32064012  49.69114919
  50.71916678  43.22063993  46.89362136  40.86546259  51.02877016
  43.20222336  39.90598204  33.669458    42.38461247  40.42572368
  43.64436606  46.51280123  40.4513821   45.14453597  45.70970793
  40.92973823  41.65779623  46.39876217  41.35985541  46.70243534
  38.94329725  41.42229219  40.42572368  43.64436606  46.51280123
  40.4513821   45.14453597  45.70970793  40.92973823  41.65779623
  46.39876217  40.02450696  49.10096059  47.47997526  51.30816607
  43.92506551  43.85827683  44.85486633  45.51677049  47.14960981
  51.17331528  46.21602686  42.66371203  42.70433596  40.74613604
  46.18047429  39.67477266  41.60527644  47.4431086   38.86905442
  45.45583166  46.46936206  33.24406619  45.69280698  47.73677946
  39.31165391  44.59965416  39.44796148  43.69921832  46.88866199
  40.31907105  40.88353685  41.46828328  43.26450724  43.81161628]","[ 32.0531792   26.86385991  30.79363189  28.72518825  29.64399205
  29.16790216  32.67812271  31.97107465  32.62036305  26.71094312
  31.78145138  29.35028093  32.36581563  30.95804877  26.08879331
  25.92634554  27.92644827  29.908032    26.59533107  35.29115805
  31.28274623  33.08073926  29.74545659  30.07609062  33.34565779
  26.17189698  29.22349754  27.91857224  33.31065794  31.57907055
  34.95654592  29.15535586  28.11316224  33.64034699  26.49696585
  31.83152455  31.57673811  26.74998384  35.30644979  34.06424391
  28.75286462  29.75577624  32.30304625  28.20216125  34.22409994
  30.52244965  23.53916084  32.36230417  26.13319689  29.49036151
  27.5384122   30.07609062  33.34565779  26.17189698  29.22349754
  27.91857224  33.34565779  26.17189698  29.22349754  27.91857224
  33.31065794  31.57907055  34.95654592  29.15535586  28.11316224
  33.64034699  27.98550941  27.39554736  32.34031888  29.45244245
  28.34200468  32.76285566  30.24058689  27.93019516  36.37317935
  31.42817418  27.2191646   26.67650179  26.24731628  33.60130451
  27.81104432  25.0715556   28.6475561   32.02395598  31.42464423
  28.44877045  32.38114805  32.25758783  26.94642842  28.54858441
  31.94230742  29.95805817  31.58238886  31.48447674  29.84970661
  28.57259964  32.42541417  29.57402651  26.48531283  29.30705422]","[ 28.97489951  24.19754197  19.76913227  24.26110382  23.97565202
  34.39001582  23.77198078  29.63296177  22.76438728  33.00555462
  20.54986589  23.45917783  30.84802258  26.99546771  30.40940085
  34.67898743  17.77247205  30.69424469  38.17741654  33.16201417
  24.23067497  32.15648225  29.59018721  30.62757717  20.6114481
  24.13607751  28.19726417  30.53053684  24.62521116  33.4916873
  25.91280819  25.6996811   12.45159024  23.32273855  29.10065112
  30.53072816  34.30346383  32.24421164  22.10737148  25.97833294
  27.88434505  23.17266933  30.63317602  21.8453856   30.51706521
  23.97928819  32.45326232  28.97750679  33.3980268   14.65199206
  27.2396185   27.77711936  24.64358882  29.3767293   29.03175322
  25.14216732  23.54460338  16.64890087  34.1777274   30.85186668
  21.34818129  33.10876871  28.69346322  29.59018721  30.62757717
  20.6114481   14.65199206  27.2396185   27.77711936  24.64358882
  29.3767293   29.03175322  28.97489951  24.19754197  19.76913227
  24.26110382  23.97565202  42.0064912   37.24311214  30.014262
  34.82989828  32.73888902  33.22458996  32.5403334   35.78145195
  25.35076469  22.53393403  27.47359604  29.24650042  32.44563345
  33.97083861  35.31965151  30.92111732  38.46845501  31.8928561
  23.45917783  30.84802258  26.99546771  30.40940085  36.19042429]","[ 47.27816899  44.99770778  32.8230871   39.91112094  49.25499994
  39.55436779  42.6208538   38.68759109  48.47642807  36.7985493
  41.24071173  43.91760569  43.04364187  43.05728848  47.27346479
  37.96576025  46.03362347  50.40865197  42.11359824  45.48970763
  41.39543313  46.58266986  43.31083883  38.68673632  47.76673748
  38.05616562  40.52710664  43.42103054  45.81933426  38.62478908
  52.00517693  42.35007373  43.05728848  47.27346479  37.96576025
  46.03362347  50.40865197  42.11359824  45.48970763  41.39543313
  44.01009624  51.06492655  37.49982034  46.03482343  42.71988326
  48.26529637  42.76899954  43.69449446  50.20696436  46.26201513
  47.45968594  45.57958946  38.3628274   47.95176919  45.48970763
  41.39543313  44.01009624  51.06492655  37.49982034  39.82224408
  45.10603786  38.40144488  47.85610916  38.8675558   49.10444855
  42.57998734  44.69521399  41.60107137  42.64155613  39.86167252
  37.03689348  45.77001631  45.89754287  42.54633837  38.27389887
  34.18632711  35.34124368  43.91760569  43.04364187  43.05728848
  47.27346479  37.96576025  46.03362347  50.40865197  42.11359824
  45.48970763  41.39543313  37.54909464  42.17157029  41.03506036
  46.06509025  47.78031676  45.90584799  44.17881015  52.58754712
  40.0575351   49.20212923  39.56350593  45.68389157  44.19801437]","[ 36.35323289  35.77499909  38.90678816  35.29813061  27.75661678
  39.39098214  37.95938622  25.71471899  33.35869783  40.67537174
  36.26636582  36.04314588  40.26004331  39.81748012  35.50531351
  41.12799957  32.37005084  31.42114559  35.28440031  33.3020517
  36.74571194  33.98618266  44.14999274  32.21599108  42.43419962
  37.77393636  41.25441366  37.8144656   38.8226986   38.52139779
  41.37588257  36.64654435  39.81748012  35.50531351  41.12799957
  32.37005084  31.42114559  35.28440031  33.3020517   36.74571194
  33.9261719   32.74842556  32.45697373  43.1654693   39.37352751
  34.30319755  34.73342064  38.8755531   35.88264638  35.87474068
  35.30957961  36.8385939   37.95130943  25.82709668  39.06738143
  38.14717426  26.22359183  35.19403063  35.69205698  37.48424904
  38.51514587  29.75249724  35.72955971  45.00714458  33.57292897
  41.26448478  31.55138293  39.96317706  40.02994091  39.1187181
  33.50288218  37.72630969  44.4167077   32.46407885  34.89490209
  42.18298914  43.96968349  44.96659249  35.11288066  38.90206552
  38.83127516  39.73875505  38.96355917  37.83502445  33.57292897
  41.26448478  31.55138293  37.99098391  39.93454106  37.35990055
  33.74889625  38.64168997  40.97545523  43.1851584   37.21111828
  39.8267351   29.9782444   40.86616294  42.18298914  43.67101179]","[ 44.46190885  48.04036921  41.17591853  47.9398985   42.38761532
  40.78169948  39.22264467  38.6511844   41.67485608  49.63051104
  45.22530083  42.23783501  39.09311056  44.63468494  45.33076496
  36.6681476   39.16960304  44.14863098  41.76786555  36.93497065
  44.55138511  35.68326255  42.07517146  41.20480622  36.15726134
  44.87533272  47.51843758  48.20694657  43.35625305  47.29220122
  35.99092432  39.13865807  42.05266714  42.47860047  42.58900224
  36.74771408  42.44986733  44.8371577   49.50414751  43.37712662
  37.83648292  50.12603388  35.97052892  39.66473364  35.85915197
  42.47860047  42.58900224  36.74771408  42.44986733  44.8371577
  49.50414751  43.37712662  37.83648292  50.12603388  35.97052892
  37.77418903  39.54531684  44.66174236  44.6992577   47.68496151
  35.16837216  47.23250363  38.57415881  41.70764769  39.47107582
  44.46190885  48.04036921  41.17591853  47.9398985   42.38761532
  40.78169948  39.22264467  38.6511844   41.67485608  49.63051104
  45.22530083  42.50150618  45.14661283  47.82624632  44.19610383
  44.16780639  37.85995337  42.59768928  34.37351109  48.05322823
  41.93290455  43.86303068  47.5137879   45.76415922  40.99424747
  45.94024278  47.48951034  42.46227603  50.05943954  42.11643106
  40.88243967  47.1345641   39.09851654  40.24649836  45.2305801 ]","[ 41.47103788  41.02919652  39.7202233   38.23371573  31.50224607
  37.40245394  34.02796042  38.59586114  42.45907152  39.28045501
  26.79525761  34.16995577  34.28014118  39.79459565  27.64428243
  35.75327735  40.83228013  35.34760831  36.38487997  35.84921592
  47.83567087  41.82691924  42.2081805   41.01002014  41.14650522
  43.67540193  39.30998237  35.14564324  33.84530461  39.49962616
  36.0091242   41.52029763  37.77862542  36.50620952  41.82691924
  42.2081805   44.01289333  34.3806617   30.57908287  38.59524521
  40.92731342  45.45700434  38.16311588  35.66999284  42.31270641
  37.74994903  44.1623682   38.59526943  39.38552908  36.11193586
  36.21016753  33.8322861   36.84032624  39.24295415  39.94851884
  36.77209831  34.73825999  36.39626742  28.88491516  32.45204861
  41.3683989   31.78796964  38.87284093  41.64727083  42.14337553
  37.81437963  42.25727589  38.49789446  26.89893979  38.88559875
  29.30556348  39.46809091  42.00687677  43.62065872  32.9494618
  43.06805845  42.02352994  45.45700434  38.16311588  35.66999284
  42.31270641  38.60489824  43.27571762  36.39288879  40.09278097
  31.0263499   35.90103987  44.46055358  35.03004247  38.26808314
  28.97860332  34.10895117  36.56061217  42.32600542  41.60593861
  37.3729482   40.11041198  32.43179227  41.47103788  41.02919652]","[ 40.64742517  37.64895776  43.68347093  38.41178596  47.25035567
  41.04051105  33.96296768  43.32073934  37.14778709  31.8768953
  32.6105006   36.01724672  46.74722523  27.42155694  31.89786494
  29.04750046  31.21405709  43.92980485  36.99663131  38.11140397
  36.83605657  35.75552796  35.16894356  26.37806275  36.99397806
  28.27374335  30.98131665  34.29538651  35.04019185  41.92875269
  38.12086869  39.83077453  41.75359129  36.02509926  40.89098264
  27.59902096  40.00920775  38.28207814  35.33286019  33.54916489
  36.33789268  38.12845899  40.27672114  45.2289135   24.25490384
  41.88269883  42.02374919  30.33530125  40.57954721  36.45934627
  43.01709313  39.54798263  36.79302424  34.37955017  36.57177948
  31.8768953   32.6105006   33.78936355  34.78964365  40.49934236
  41.29380807  35.36110564  37.91326169  38.55566957  30.81984713
  34.14224555  31.48957871  28.71501531  34.3424583   38.04146496
  33.74073379  42.75152075  37.37194194  36.4745382   34.10564832
  34.39499827  35.10623385  35.95021671  43.7470255   33.37485677
  30.17682602  37.80850893  37.29281087  36.09234553  43.07264856
  34.60930478  32.49234605  36.45420882  35.16894356  26.37806275
  36.99397806  28.27374335  30.98131665  34.29538651  35.04019185
  41.92875269  38.12086869  39.83077453  34.14224555  21.95631861]"
"[ 18.05403488  17.69041715  13.21973804  24.4930104   18.1707275
  18.29015106  15.66711523  15.60800192   5.95040279  18.10323164
  19.37479197  17.69041715  13.21973804  24.4930104   18.1707275
  18.29015106  15.66711523  15.60800192   5.95040279  18.10323164
  19.37479197  18.13019985  15.97375391  16.92216749  16.58452966
  10.53978795  22.27430276  18.50993339  16.12141471  19.84305147
  23.56712792  26.37368556  23.9851088   23.65728046  19.44446405
  16.97070694  16.82802122  15.75649673  20.61793736  20.03820256
  24.06615232  16.48942     19.73365334  19.71399038  18.13019985
  20.34327891  16.64385801  17.51656831   9.95682517  16.26181443
  19.32960154  15.97375391  16.92216749  16.58452966  10.53978795
  15.60800192   5.95040279  18.10323164  19.37479197  18.13019985
  20.34327891  16.64385801  17.51656831   9.95682517  16.26181443
  19.32960154  20.93845411  17.13510464  13.44044811  18.15571981
  18.02206996  24.50611476  20.6158882   18.05403488  17.69041715
  13.21973804  24.4930104   15.51410371  18.08733062  18.48369615
  19.97017498  17.38469773  17.97775724   6.89371411  17.34631213
  16.29601596  20.21082762  18.08733062  18.48369615  19.97017498
  17.38469773  17.97775724   6.89371411  17.34631213  16.29601596
  20.21082762  25.89382045  18.95889587  17.13510464  13.44044811]","[ 21.93248623  17.2122371   17.12006915  24.45504587  23.93193612
  19.87172725  21.1018879   22.94436481  24.14328     23.29164075
  18.73406872  19.95992141  18.9167695   25.79273278  24.81731294
  17.60771045  20.40254956  24.43752232  14.22593332  21.5627212
  16.61828874  22.36684549  24.34906555  21.13880238  21.66621462
  25.78246003  23.07614317  22.77505711  19.65424821  18.0348148
  24.18943716  22.13557326  15.58470957  26.41067764  21.54061975
  20.0258624   18.53306415  22.89029509  18.89120793  24.94832945
  20.39915836  16.20429643  17.15512147  23.563727    22.13557326
  15.58470957  15.78161587  20.32267863  23.29164075  18.73406872
  19.95992141  18.9167695   25.79273278  24.81731294  17.60771045
  22.89029509  18.89120793  24.94832945  20.39915836  16.20429643
  17.15512147  23.563727    23.37365737  21.72487082  18.43343634
  20.9246324   23.563727    23.37365737  21.72487082  18.43343634
  20.9246324   17.42202358  16.85082682  22.36684549  24.34906555
  21.13880238  21.66621462  17.23899786  28.37099915  23.5698583
  24.65970074  23.92905151  19.36599854  21.17881336  14.47531454
  28.68474175  16.20274694  16.81433226  16.63980217  23.73309946
  23.17651093  15.68949106  20.46162154  24.07154197  30.4501381
  19.09845024  20.86645422  16.84493514  22.13557326  15.58470957]","[ 45.74089584  40.78055751  38.68647319  45.73969875  46.27908775
  42.45784949  40.64093619  41.14250829  44.87735593  43.82004898
  46.82221848  46.27638922  41.70868391  41.15259139  45.31498503
  49.05545675  41.103426    46.96927938  37.24416676  42.18062843
  44.23874105  41.61073146  40.95722209  50.64705181  47.35246383
  42.91905123  45.35892727  34.41018183  42.27042703  50.28169444
  48.99213071  47.62587258  46.31514616  43.38300641  43.05198982
  40.52089321  44.22043052  43.93005401  44.9782115   45.04527503
  44.5102271   48.34070065  48.87374215  41.82449174  41.62827436
  43.55841693  45.52590513  38.56188714  44.88234826  46.26210832
  44.62813486  46.95541763  42.95036259  43.3663124   47.3536166
  49.40354288  45.86771194  47.33944075  47.52760296  46.31514616
  43.38300641  43.05198982  40.52089321  44.22043052  43.93005401
  45.74089584  40.78055751  38.68647319  45.73969875  46.27908775
  42.45784949  40.64093619  41.14250829  44.87735593  43.82004898
  46.82221848  44.81548984  40.37866935  46.69293848  46.29799038
  45.57828849  37.76901526  47.91803845  42.8293734   41.79134412
  45.15282214  48.9376878   43.42036364  43.78801731  43.39798489
  49.66811802  42.19466114  44.73924025  49.63465369  48.91885662
  46.08925944  40.04087945  36.94819084  46.69293848  46.29799038]","[ 35.04713895  32.14114022  31.35022499  30.74547929  32.39157943
  28.59718727  27.4391744   29.00878251  28.7169054   32.30541932
  26.81650454  29.59487386  29.61150635  31.66552105  31.24852873
  29.21148845  33.17284355  31.53034383  33.35176961  29.42655435
  31.82232369  30.73808188  33.51374444  33.98637901  30.749386
  26.86942609  29.93992566  28.01646934  34.66883986  31.23286195
  34.0159976   26.95274766  33.1663126   33.01341058  28.21384082
  32.72993221  30.87831402  24.02622195  34.16621387  28.75225422
  38.57044743  32.44155087  30.30113865  31.18151361  33.28200999
  32.14951208  30.48091759  21.70547829  31.48445752  31.45001052
  27.21766077  29.93784715  31.36607809  28.0200797   29.09947695
  36.52891227  30.52024842  26.5948875   33.87137881  36.7330974
  30.42608641  29.9370037   28.97485252  28.11247131  32.01608266
  33.97692557  31.19091358  31.87690512  31.84185037  30.4849053
  22.0493518   28.26561429  33.1663126   33.01341058  28.21384082
  32.72993221  32.40489787  33.71532709  29.49690894  31.60360578
  30.73782721  31.87798218  27.79168462  32.26365412  26.81650454
  29.59487386  29.61150635  27.79168462  32.26365412  26.81650454
  29.59487386  29.61150635  31.66552105  31.24852873  29.21148845
  33.17284355  31.53034383  33.35176961  31.82232369  28.92778219]","[ 29.87757597  30.31838494  30.2535885   31.39018948  36.45513211
  38.57167318  29.23197366  36.89122789  32.34346313  26.44178763
  32.91432266  31.88886227  27.24654272  34.69028395  24.92041638
  32.52152182  34.48844253  22.56851422  27.17346475  32.89526953
  23.69449336  24.54934464  21.76817418  29.02057513  35.09896457
  22.7384376   31.94706799  26.49782541  32.9820899   27.97939772
  32.61229478  26.86278408  28.88088962  29.61511167  33.54356297
  34.06310969  25.38003781  27.43193694  37.38988791  24.59376151
  30.817956    35.4232631   35.11409518  29.67196447  28.4978883
  34.6895181   28.38459224  30.44974998  31.72280665  31.42024924
  34.63297574  36.91465732  29.80362969  28.63402479  25.64278739
  34.39349925  24.16541858  29.63527242  30.87373379  30.15744127
  18.90397907  22.06053909  29.9822866   23.18099476  28.30166709
  27.09585436  28.27221023  23.18099476  28.30166709  27.09585436
  28.27221023  32.26108126  33.09116426  24.53613751  30.65646547
  34.75502146  20.15472524  24.59376151  30.817956    35.4232631
  35.11409518  29.67196447  23.55349603  33.12257923  28.87085371
  35.65087996  36.58276407  27.17346475  32.89526953  23.69449336
  24.54934464  29.58438154  37.45844356  31.17534199  20.19116056
  33.60199587  36.95470374  26.17039332  24.1275437   39.49653512]","[ 38.06026867  47.11081744  47.01298591  47.12545029  41.70084971
  37.45624613  44.60481283  42.17613533  43.37696401  43.26561725
  47.34555369  42.09387422  44.2453662   44.72543128  47.61657296
  48.22042269  54.36903959  54.69622701  46.5175712   35.90530209
  47.87116768  29.41577209  47.22896754  32.99119058  44.10696442
  49.36590799  41.63892186  35.9882982   40.45970549  48.5959043
  36.54018947  38.05400038  29.71741966  31.10211539  38.60493705
  45.21564571  36.446271    44.68772796  43.64435842  45.32755967
  40.6389225   39.81646283  47.57808441  40.34206643  43.13665125
  48.76783619  49.36055694  50.35552439  36.12275818  42.05747215
  41.88853764  40.59329804  46.7397728   39.00583245  36.32611349
  49.08111487  41.75190848  48.05636263  40.10700185  42.90702702
  41.89216868  47.46561452  41.3782229   45.51646211  46.35050618
  49.82164524  38.31076903  41.67896645  38.38594456  46.24924662
  42.74090935  47.66517601  36.00091333  41.61428839  40.37229015
  44.40472094  44.8952701   36.446271    44.68772796  43.64435842
  45.32755967  40.6389225   39.81646283  47.57808441  40.34206643
  36.81911162  48.94952591  41.01339233  31.10211539  38.60493705
  45.21564571  36.446271    44.68772796  43.64435842  45.32755967
  40.6389225   39.81646283  47.57808441  47.57808441  40.34206643]","[ 33.40738546  37.08522055  39.34015623  38.11667902  39.51094574
  38.301747    36.24667606  42.85697347  31.50250736  37.46582502
  47.30027653  36.91558002  32.20343412  35.78814323  27.97241152
  46.06218386  39.42342429  35.62997005  35.62013729  37.70804075
  34.8284504   28.17658932  33.81221013  28.83316244  36.87308807
  38.25045611  29.04828432  39.4054619   35.07889501  40.43806582
  38.96225628  33.79658967  30.67695215  44.03309669  39.748621
  34.46115299  36.39232025  37.38305586  33.16229204  39.58034073
  40.47390863  39.01350289  35.64801029  31.62711436  36.02519035
  32.58013303  40.12741154  46.92900065  45.85121818  35.10051567
  35.71185344  38.76570517  39.06445224  39.36345718  37.23234712
  33.96690075  38.34956268  36.6741614   32.97712679  37.84703606
  35.43471942  38.63060557  40.57512249  41.72283267  34.20635356
  38.30492991  33.31880276  36.0506926   33.71217044  38.06217839
  41.20256158  34.85903711  36.16477296  30.91487757  32.69666728
  33.98721684  31.64150622  35.05512457  31.58248804  36.91558002
  32.20343412  35.78814323  27.97241152  46.06218386  39.42342429
  35.62997005  35.62013729  37.70804075  38.30492991  31.77097266
  37.22922617  39.98637265  37.01771293  41.52009757  37.75159007
  32.47570985  37.38681247  36.185187    40.98728096  31.64346705]","[ 46.88203488  43.46959347  45.08299853  45.23209008  41.80142928
  43.60306301  46.29760972  46.09779052  46.70483241  47.13566507
  49.82590429  53.06172543  45.65295294  48.94500177  43.68308963
  46.10517511  54.23383821  52.64908475  49.52595665  48.22599468
  42.40845407  48.01124549  48.08514466  46.21452982  52.12523195
  41.10264832  47.88620478  53.85640521  48.57148475  47.80172596
  45.73638942  46.46315637  48.34305797  45.638971    52.29527713
  44.15243643  49.39408333  37.07978943  45.02130171  30.36205974
  53.26417365  46.67023038  47.72911595  46.77453855  32.44486227
  45.82781454  48.27311867  51.02121671  44.94830837  44.41618938
  42.37527299  36.79763848  36.26075476  47.24297847  43.73763963
  48.66584961  46.95565644  48.9079314   38.71702319  52.77638399
  43.51292704  51.70622162  32.43275971  46.37733619  45.84051415
  45.10499753  44.38020777  50.20768071  47.67164217  47.45643144
  50.826306    45.502012    41.61618935  39.08941409  38.61942563
  51.47388744  32.44486227  45.62319086  53.06172543  45.65295294
  48.94500177  43.68308963  46.10517511  54.23383821  52.64908475
  49.52595665  48.22599468  42.75939628  50.45103672  41.02697127
  52.60106477  42.98171399  44.60016296  44.08960959  41.56288334
  50.0467453   43.23555207  49.78604829  45.82781454  48.27311867]","[ 38.13691834  33.70949385  37.32101943  44.31471911  35.24964491
  40.23427964  43.39952039  38.17238645  36.30744388  39.07151731
  41.76156734  38.41133948  40.04104442  40.39990742  37.93043682
  30.0402408   44.13861629  37.90641952  40.74271152  38.51922737
  38.23188074  40.17858815  41.10022444  36.31635534  37.76282229
  41.04557116  35.58703116  35.99796329  37.82502244  44.08154631
  39.31004883  41.45152125  43.25914852  39.87319478  31.19127559
  43.64167143  44.44716006  36.46089421  36.13977235  33.7670665
  33.68860231  26.03628124  35.81346235  32.3632199   37.83624489
  25.2154758   37.92557092  39.95852023  37.66080951  34.20737074
  33.75888283  46.65501255  44.06983053  40.59427548  38.08357547
  43.00768563  44.33870411  46.48683904  35.23068845  38.54414057
  40.53501872  40.59664778  37.29870747  38.13691834  33.70949385
  37.32101943  34.27383124  40.67635667  45.65166871  39.5822474
  30.51422975  32.34611297  42.70032885  40.89482651  36.00401767
  38.26783783  37.21457519  36.30744388  39.07151731  41.76156734
  42.21665997  40.17436673  30.45640515  44.77008706  33.26514467
  40.92235328  39.24848915  36.51536123  32.4983695   39.72501379
  33.6891227   33.0030319   35.60242464  39.88209674  36.45392604
  37.78789272  47.07336926  37.93892145  39.72501379  33.6891227 ]","[ 32.38917202  40.00663345  33.0798481   34.81499764  49.28594143
  24.61669214  30.84743755  31.97627943  33.03333747  48.16569461
  36.75545457  42.80188847  34.21621714  42.06477499  29.58355749
  32.24274111  34.58803685  42.71421389  39.08140065  37.61650675
  38.64131308  40.92981203  38.18613933  39.33940078  40.20419434
  38.02127685  39.35324272  36.15778076  40.75585559  38.84360881
  32.96138228  32.94671116  32.46766391  41.08937441  38.9612684
  38.60622855  35.95160396  33.35562861  42.31521985  37.57064556
  41.40870423  42.38362234  32.38917202  40.00663345  36.82706622
  35.01122354  41.89194912  38.42531185  26.91922346  38.44032571
  34.80329841  46.73157456  46.87772048  44.88800434  46.07796999
  41.89341935  41.56490374  39.56157643  39.90334723  40.4848837
  37.44386353  36.62217478  39.99473719  34.76955447  37.84521396
  34.26943599  34.59198468  41.53666112  38.78525137  33.26705636
  42.61603616  37.45643932  34.52299044  40.86994672  39.53651126
  42.24002251  38.81632283  36.8946214   36.97804214  39.1773726
  38.59565962  37.94704791  32.59191584  33.56693682  33.64663791
  34.04638753  41.08937441  38.9612684   38.30641727  40.04799202
  39.22211766  45.15728529  40.01827164  36.76845902  35.5351722
  38.00223212  36.43631862  29.43475451  39.55207381  37.74100594]"
"[ 17.14186299  16.3317905   14.88211016  17.49381874  22.30111345
  20.14816041  10.28693404  10.66987871  13.11745106  21.2692901
  19.5972801   18.5172988   22.25799115  17.23082353  20.39534386
  19.5998059   17.05167971  20.29105151  19.80300836  13.84243536
  20.44106309  16.48255723  13.39890796  19.53044312  23.45837731
  13.38928671  16.96500668  19.97340793  18.94943048  21.0621226
  16.95389984  24.53042648  15.08487088  15.67017458  16.75394217
  18.51115713  13.38963268  15.95822355  23.05067096  18.99233941
  20.82928887  16.60169674  20.4214396   17.14186299  16.3317905
  14.88211016  10.28693404  10.66987871  13.11745106  21.2692901
  19.5972801   22.20609652  13.06296338  23.66734869  22.41660563
  23.89262853  26.05688114  13.48106431  24.09047997   9.99258236
  19.53044312  23.45837731  13.38928671  16.96500668  19.97340793
  18.94943048  21.0621226   19.5972801   22.20609652  13.06296338
  23.66734869  22.41660563  23.89262853  26.05688114  18.5172988
  22.25799115  17.23082353  20.39534386  18.51115713  13.38963268
  15.95822355  23.05067096  18.99233941  20.82928887  16.60169674
  20.4214396   17.14186299  16.3317905   20.09298461  17.75768158
  10.98645294  11.29357872  15.81463704  15.27126906  22.79407639
  16.5042582   19.44185808  20.01829006  20.4214396   17.14186299]","[ 24.05665398  22.04376454  15.80586162  17.92091572  26.25171902
  17.14468149  23.27311691  16.50356443  17.09659645  22.60092845
  23.52214522  21.81425216  21.83724637  20.82008366  23.76419422
  19.2759221   22.10650034  19.96668045  23.91458688  25.83090711
  24.06650823  19.84156646  25.83090711  24.06650823  19.84156646
  17.71803082  13.02176377  22.97432859  22.68772064  13.32482851
  23.57168384  19.17198846  27.64092454  23.27311691  16.50356443
  17.09659645  22.60092845  23.52214522  25.52629453  21.1968917
  21.81425216  21.83724637  20.82008366  23.76419422  22.97432859
  22.68772064  13.32482851  23.57168384  19.17198846  27.64092454
  23.23032169  18.45368414  19.65009576  22.09001561  21.78875062
  14.29020099  19.2839409   19.74302695  18.46418178  19.67971149
  23.04759477  14.62059624  18.61383568  22.99452294  19.29099208
  26.89449782  17.29992557  27.12240811  18.93514894  24.05665398
  22.04376454  15.80586162  17.92091572  26.25171902  17.14468149
  23.27311691  23.59739498  16.5880669   11.68005247  21.15805122
  19.75064502  20.81651999  19.02520765  22.58388103  19.58217922
  11.06335077  20.61433334  15.42315218  16.54950755  17.04171655
  17.85942974  17.86934741  19.75339167  19.0059897   20.47077822
  15.03887717  24.37717076  24.00483675  24.06650823  19.84156646]","[ 42.54733073  44.48371096  40.07483188  36.35261274  36.07764551
  39.9786535   46.8526984   37.31643621  44.31469461  43.45144401
  43.36848885  37.033273    39.8402998   44.50768567  45.04670497
  45.13395944  36.68967456  39.57065269  48.54809408  45.47967105
  43.91036914  38.56516898  46.3577624   43.53166096  44.45353185
  39.99967781  42.97951289  46.96567849  39.82864458  46.29625197
  46.88566666  33.94523856  42.58929924  41.28015875  40.85776956
  44.17499782  43.84765242  39.95902208  44.51021205  41.915426
  40.00288833  45.3427208   37.88962556  45.55019188  41.62096483
  43.51781784  46.4781798   44.83411515  44.20772674  49.14380946
  41.74175606  48.26709034  38.76849086  46.39639413  40.57654198
  42.9426772   37.5083228   42.65738891  44.22410001  46.19677404
  47.38490144  42.9858556   40.67371342  40.30665057  43.18129421
  40.75195425  43.17839665  48.7857584   42.54733073  44.48371096
  40.07483188  36.35261274  36.07764551  39.9786535   46.8526984
  37.31643621  44.31469461  47.05054809  46.28228605  42.53566257
  39.59891106  46.93383525  40.2187258   48.52352629  44.94723845
  33.5438847   44.55946285  42.72096394  47.05054809  46.28228605
  42.53566257  39.59891106  46.93383525  40.2187258   48.52352629
  44.94723845  33.5438847   44.55946285  42.72096394  46.96567849]","[ 33.24268206  30.55643016  36.98911236  36.11841206  31.20460677
  32.75658411  36.43520354  28.54479314  37.17434648  35.42798475
  31.52038844  34.60270441  28.86970854  31.02237289  33.8911326
  37.62745763  30.05768989  28.62686234  30.34502547  41.51472704
  30.42261371  34.42799253  27.89279956  35.37687528  31.29363068
  30.86632621  32.22640378  33.87429609  34.62820801  33.77234796
  34.87474088  34.58664439  32.01310375  31.52471559  34.39026014
  34.82451468  32.98099071  31.90530917  25.5882908   33.90513285
  32.57074145  31.50548814  27.26877695  32.18091872  33.97707375
  35.93308634  32.36623127  35.3251019   33.99615758  33.83482564
  30.83417535  30.2516015   29.61449946  26.7619955   34.97215046
  33.9359585   39.00324762  30.45352451  29.64540348  31.89365784
  28.70075743  33.75354754  35.59202533  32.94649391  29.72673424
  30.68203557  36.04814097  33.81874053  30.77753275  31.18805163
  34.22485933  32.34779399  34.38594728  36.10836336  33.27330635
  28.45940847  30.49520835  37.75202951  31.32339452  39.26040033
  33.27240621  34.23739431  31.90789765  36.38577703  33.97707375
  35.93308634  32.36623127  35.3251019   31.29363068  30.86632621
  32.22640378  33.87429609  34.62820801  33.77234796  34.87474088
  34.58664439  32.01310375  35.09249433  33.24268206  30.58603829]","[ 35.33705852  34.86533242  41.34147964  28.39101851  32.61688303
  32.72573421  40.43268451  37.60040936  27.78138991  28.32158216
  31.04092421  30.77918801  30.74910344  34.15414196  27.66178687
  25.16483303  27.09811256  31.18593619  26.69635094  17.7717178
  29.1250311   32.72573421  40.43268451  37.60040936  27.78138991
  28.32158216  33.31263921  32.55163006  27.3026445   26.82462259
  34.15832502  36.82911457  30.0241386   31.55265929  30.09667779
  30.04396935  32.10920823  26.09343005  27.24406627  42.75986087
  21.38034598  32.49530435  33.75293942  26.09343005  27.24406627
  42.75986087  21.38034598  32.49530435  33.75293942  30.73277091
  39.43539215  34.53437367  33.37319039  23.93602107  31.46156074
  19.92432614  25.93907654  25.72045094  25.02843732  34.64786405
  31.06007077  25.51340205  36.1777332   28.36922258  33.44289442
  31.30205541  33.31263921  32.55163006  27.3026445   26.82462259
  34.15832502  36.82911457  34.25961663  33.59384395  31.25207588
  35.45146891  31.35289501  25.24656147  27.87895023  34.14732716
  34.38135381  29.45827895  37.34108033  31.46156074  19.92432614
  25.93907654  25.72045094  33.46686905  29.47054548  28.09798734
  34.4718466   33.59605037  37.7102337   30.59466879  22.4536844
  31.69613943  25.75599277  32.74524917  32.19959653  27.98417433]","[ 45.78218881  46.76513002  39.07655718  43.48183895  47.61353919
  46.88551473  42.10101979  40.9039664   40.1493059   50.15149466
  50.43666342  33.4141694   54.30243935  41.45841365  48.53683032
  42.77128071  44.69853204  50.05662743  49.80348184  44.74107389
  35.656433    41.39026154  49.4020865   41.84012746  47.04075301
  46.76616851  41.98948297  41.92082843  47.20332077  41.01084175
  40.83268188  41.63346475  45.14160645  47.87909166  43.37259053
  33.68752824  47.65729003  42.20583971  50.75612283  36.33481504
  39.27249256  47.19433279  49.26265479  45.86556264  36.66635853
  44.835751    43.69884524  43.39031436  44.42063071  42.79854732
  44.16722092  36.80476251  44.03801561  43.99547468  41.98948297
  41.92082843  47.20332077  41.01084175  40.83268188  41.63346475
  45.14160645  49.48746973  43.45324873  44.50163328  40.04809686
  45.14160645  49.48746973  43.45324873  44.50163328  40.04809686
  45.52134686  38.92976646  41.39565868  43.77161407  39.98128788
  37.52798518  43.2714434   43.79345588  45.49512523  41.47865195
  48.39270582  37.12792034  44.78140241  40.95381034  44.96174458
  44.92437919  34.54865992  41.84012746  47.04075301  46.76616851
  41.98948297  41.92082843  47.20332077  41.01084175  40.83268188
  41.63346475  45.14160645  49.48746973  52.28323398  39.35666668]","[ 39.1972859   33.98373303  36.22477318  32.01585333  34.41881979
  37.2503742   33.74734915  38.89871888  25.33821736  37.31550945
  40.83581272  32.5422512   38.29116678  41.18633309  39.32407425
  44.58581528  40.40150417  40.70562635  32.15244805  41.63079828
  35.4041663   36.06366578  42.90124527  37.4901427   37.66630089
  34.35337943  35.23194014  36.96669946  37.18886951  38.15822813
  37.61696627  43.41661207  33.16331507  36.06366578  42.90124527
  37.4901427   37.66630089  34.35337943  35.23194014  36.96669946
  37.18886951  38.15822813  37.61696627  43.41661207  40.34715597
  41.25067263  38.00978849  28.98820643  39.44268848  36.40950401
  38.92892902  39.37952281  39.99570701  32.46883264  36.0680118
  36.12285699  29.39601602  33.11289844  37.75837351  41.92187709
  36.20956586  37.38449341  40.55188619  35.27802774  38.05909913
  40.91848517  43.15630169  42.71140866  29.80289264  40.93497043
  37.23525993  33.21979924  38.0691707   33.39400748  39.13099972
  33.66439849  41.96314294  38.22548549  39.52018441  39.32541305
  40.31618814  39.84176695  29.59723412  36.64590513  36.12285699
  29.39601602  33.11289844  37.75837351  39.31203159  29.58951324
  37.53020766  36.14536282  34.72757163  32.40872265  34.67570013
  30.19122815  29.91610047  38.08884142  28.71880329  35.37932111]","[ 41.6673936   47.84288562  52.80102591  42.14953214  48.62259961
  46.44096151  43.28468378  50.24362898  39.60293011  43.29302775
  43.85755312  40.10364805  44.42952349  40.4395364   46.01338827
  42.75756846  48.73705291  45.31469828  42.28321211  49.55908238
  43.17857524  50.15185948  40.84088039  47.84180604  46.39602472
  48.64845392  45.08343017  52.98183892  46.95351528  42.78626049
  40.32142426  40.68833527  42.05899696  45.67075729  39.66137341
  42.81503061  48.11869214  51.07016681  35.47579696  43.93950867
  41.83367013  48.42379541  42.57107097  44.71655795  46.4404301
  33.16507612  43.88607396  48.88954331  49.64353734  45.49275224
  48.71758558  46.30808107  43.35751947  47.91691492  33.52625946
  44.06938881  41.49046013  43.9742567   42.23459936  47.92324968
  39.85154035  40.69205258  46.0869522   45.13235274  42.20364142
  43.70948579  49.28088837  45.61047365  44.71655795  46.4404301
  33.16507612  43.88607396  48.88954331  49.64353734  45.49275224
  48.71758558  48.68567429  40.95342361  41.44265816  47.37566246
  47.96263433  45.87507434  47.5061409   39.07714005  36.50600019
  40.10221024  45.36329039  49.37021383  44.9487562   48.04232008
  46.98195808  41.36281601  41.37638827  45.97798485  51.78585122
  45.53452082  48.11679503  47.76961344  45.13235274  42.20364142]","[ 36.00308347  33.90664452  34.39445681  36.70721606  38.48359762
  43.35308806  38.26418587  31.07805968  33.65406531  43.41325476
  33.51745614  34.81256227  32.28793452  34.13848271  37.18593576
  30.4042792   31.75555027  39.46469105  36.70660871  41.67538503
  38.16359794  39.15790374  35.41891233  35.5670392   36.99666932
  38.55591904  38.23044308  34.60893954  37.01330595  25.60835339
  38.38439447  32.369123    36.30135702  37.40456905  38.43235156
  40.75736824  33.84675064  39.16455534  37.53552183  33.19184103
  35.06972074  40.47465626  40.58347712  45.64072224  32.369123
  36.30135702  39.8720755   38.75083411  47.30888971  35.65987358
  35.76251241  44.9579322   31.58984671  36.68618712  44.44924021
  36.35727618  38.32022061  32.08200757  40.91695988  35.90141802
  38.71071479  41.08455748  35.41891233  35.5670392   36.99666932
  38.55591904  39.01837284  29.0434016   48.60157695  35.56548422
  41.48521557  37.57852705  40.59236292  39.45409591  38.87953871
  37.72851165  33.84675064  39.16455534  37.53552183  33.19184103
  35.06972074  40.47465626  40.58347712  45.64072224  38.34795556
  35.6999845   34.09795869  38.72192811  34.95616207  37.5394641
  30.78290157  38.65795239  32.16191063  34.62892639  45.40627708
  40.81263446  41.98763674  41.84631707  40.69511475  45.94716114]","[ 34.15425292  47.61481182  42.20282072  27.18627782  36.70162603
  36.87737321  27.74489156  30.11274976  37.54866617  39.77068885
  40.11696018  40.44224216  46.83920979  28.26145361  39.53044157
  43.96504423  43.63748292  42.05752705  37.51491935  34.41294262
  41.95275857  37.96831362  37.24387292  38.15545634  42.43314816
  39.49855852  43.5274581   31.96224053  41.50929877  40.74527363
  42.80295095  32.40602939  44.27022673  42.59302886  33.32772496
  34.64724171  38.08505535  41.30096602  37.15698428  31.86982449
  40.30226605  32.56876019  38.92599793  36.67660309  45.62134117
  34.29567977  41.17656708  35.01672685  32.25454219  24.65637392
  44.93326743  41.68882832  41.36153943  42.30514748  36.86377856
  39.25570081  39.22595702  38.32110093  35.13026058  35.23600014
  42.84098311  33.54661114  37.81362466  46.67992979  42.26338509
  38.95690301  38.58185941  37.66950582  39.11692806  44.49515311
  39.41975639  35.86582132  31.71507944  35.30704044  34.99892647
  32.12477504  41.38910984  32.45127132  33.94274804  44.77707857
  35.43900224  30.86261578  36.45832958  36.32212144  41.81168916
  43.47645818  44.27022673  39.56918121  35.33182333  34.08960504
  49.55185926  38.47856255  45.08398053  34.61450222  39.02501467
  43.36990265  41.38910984  32.45127132  40.84816705  38.95690301]"
"[ 10.46496548  18.17512929  21.8710571   17.95608141  17.00426347
  18.39579294  20.27116906  21.18763296  14.113121    23.24678851
  11.13427368  21.70452043  16.89733668  18.35277953  20.38727143
  17.21454164  20.1289971   23.40334816  21.4323875   21.59873343
  27.65252825  17.29049959  23.66894984  12.14778628  16.72292581
  21.97693722  17.953247    21.28604101  19.40444248  15.44153039
  17.82727777  18.69247925  20.64870493  21.4323875   21.59873343
  27.65252825  17.29049959  21.33972141  17.6003795   17.82105597
  10.46496548  18.17512929  21.8710571   17.95608141  22.12560581
  21.70452043  16.89733668  18.35277953  20.38727143  17.21454164
  20.1289971   23.40334816  21.4323875   21.59873343  27.65252825
  20.91297887  22.24922143  18.22523779  18.44811381  21.85225881
  23.66894984  12.14778628  16.72292581  21.97693722  17.953247
  21.28604101  17.88304851  22.88898137  24.64511521  22.19328149
  21.16641608  20.09546088  21.46517101  21.4572637   15.47243184
  22.64515773  18.42202442  17.00426347  18.39579294  20.27116906
  21.18763296  14.113121    23.24678851  11.13427368  21.86552188
  17.88304851  22.88898137  17.95615217  16.37216244  19.10571598
  17.71457873   3.35891683  20.66047875  16.6300131   23.61360742
  23.29973467  12.18121298  14.44519978  21.4323875   21.59873343]","[ 20.35250664  16.25893738  16.49530227  14.52209998  24.18517452
  19.99214746  21.98954188  22.91127676  19.68873221  18.80011285
  20.02111168  26.58562387  24.60319971  16.64063876  16.6977394
  13.99902641  26.08315077  17.91841582  15.61332969  29.48918247
  13.78033707  23.55468605  22.0513725   16.88281223  11.90516701
  26.68184134  18.9957505   19.33535472  20.35250664  16.25893738
  16.49530227  14.52209998  24.18517452  11.90516701  26.68184134
  18.9957505   19.33535472  20.35250664  16.25893738  16.49530227
  14.52209998  24.18517452  19.99214746  21.98954188  19.27869172
  23.31806578  26.58562387  24.60319971  16.64063876  16.6977394
  13.99902641  26.08315077  17.91841582  15.61332969  29.48918247
  12.7896028   23.01521877  22.51181799  21.35657157  22.67148537
  24.56319927  18.12477828  12.12898572  19.44264591  21.12260509
  22.48274272  29.48918247  13.78033707  23.55468605  23.90410511
  24.69915676  16.07965513  20.03456893  22.20620816  16.09894034
  23.44769616  14.15866017  20.03456893  22.20620816  16.09894034
  23.44769616  14.15866017  18.19848312  16.0785105   19.94066705
  22.0513725   16.88281223  11.90516701  19.75113789  20.87526058
  20.85035024  17.17876047  22.13010922  18.10179679  21.98536041
  19.99315504  21.13193909  21.75279013  16.86338265  15.74572252]","[ 44.33531713  45.23303172  39.24072575  44.01823166  37.16966649
  42.3405807   38.29428298  38.30046067  45.88976236  44.46113979
  43.6642361   45.68512055  44.21535435  36.27506501  46.47610836
  47.0798326   41.28604097  43.84969166  41.13618297  52.15662558
  39.88635803  47.71730794  45.11476629  41.20566939  39.13822413
  41.67877539  43.86789182  47.57339316  44.69139171  41.11357794
  47.68298564  43.13589315  41.58227011  42.16425024  40.17074858
  44.27668728  42.49737443  39.50020174  41.19383239  46.53593596
  47.26395734  48.18247448  39.92813679  43.44004662  41.67717465
  44.82575837  38.71534843  49.72483923  36.83687458  44.9819086
  43.52501317  42.88916003  40.85104837  44.73696897  40.56440414
  45.68512055  44.21535435  36.27506501  46.47610836  47.0798326
  41.28604097  43.84969166  41.13618297  52.15662558  39.88635803
  47.71730794  47.99563335  47.26783982  44.24789495  44.34349668
  44.84847971  45.11476629  41.20566939  39.13822413  41.67877539
  43.86789182  47.26268617  43.46346004  44.99687397  37.16924186
  43.55356816  42.43360082  42.03928693  42.9605481   41.69997402
  43.4229599   44.95684646  43.25026177  49.22455948  42.16425024
  40.17074858  44.27668728  42.49737443  39.50020174  41.19383239
  46.53593596  47.26395734  48.18247448  36.90001161  49.96556526]","[ 32.59572085  34.81072432  30.94151427  35.31907725  26.57674186
  31.52699807  33.95385302  31.58259389  28.9801659   30.64832222
  33.0584056   32.94539765  34.38829795  31.74057155  30.73035519
  31.58809439  35.75243202  29.76623096  33.35258728  36.97678544
  36.61321413  28.716171    36.16788328  30.5383224   31.59343069
  38.75671277  28.93005192  37.70329122  35.73538775  31.18313712
  35.49157548  32.59572085  28.57439363  35.05748945  34.43337464
  34.80778656  29.63542496  33.49144097  30.78180206  23.75316057
  34.05147141  36.16788328  30.5383224   36.31036546  34.30056033
  33.56512336  37.66264119  26.06234004  27.7244321   25.12334895
  35.9227172   31.57418624  30.55328253  33.64086101  32.46344092
  27.58326271  32.06266341  32.43858773  35.8384402   34.31051852
  28.48888099  37.79013471  32.86236307  34.35303095  38.92125847
  37.79013471  32.86236307  34.35303095  38.92125847  26.90383945
  33.32807507  26.24761316  36.35965252  27.03068725  27.84871032
  29.62235459  32.05650856  30.72309038  34.59543342  35.76595411
  29.78362023  31.70787905  29.25556002  28.6960121   30.45182625
  31.98388568  34.99075773  28.4404768   32.43692947  31.97085949
  35.3636553   29.36574904  33.4891377   34.41793289  32.42990055
  34.80241594  36.58318377  32.88896594  23.75316057  34.05147141]","[ 41.73987992  37.17005413  27.28828798  29.8975638   37.15553392
  39.93173896  36.53073278  37.87196694  33.67300079  31.86501763
  34.35737949  34.72941084  34.23664698  19.28792452  27.47248083
  33.10972556  32.70370593  41.95179032  31.65763096  32.46987815
  29.62655136  42.48183238  30.4609074   29.07340701  30.6354446
  32.26261757  24.94763837  27.52911826  35.5512592   27.40897717
  36.98042733  20.55945152  41.14110401  35.49141001  37.84723967
  24.32311393  30.29519328  30.4609074   29.07340701  30.6354446
  32.26261757  24.94763837  27.52911826  35.5512592   31.74901836
  31.70837073  42.56193325  32.16576125  36.7936731   31.04756546
  30.43558105  27.34894864  30.07011675  37.42768783  28.86797992
  35.86896057  29.32270726  28.15910659  25.01736867  31.91087693
  34.19081667  33.5409875   30.55816865  35.05572324  33.23632319
  29.89179698  31.41628713  33.95948624  24.04041908  35.91058525
  34.23892874  28.93066886  30.62996286  35.22607757  34.84602133
  37.8331878   38.71217128  36.71397638  24.08163138  35.73885481
  37.09224664  38.31610244  39.54489189  35.49141001  37.84723967
  24.32311393  30.29519328  36.53073278  37.87196694  33.67300079
  31.86501763  34.35737949  24.83678073  30.49146418  30.17733908
  12.37252733  27.51562301  31.63197534  35.71130644  35.4963088 ]","[ 42.08559704  46.36067056  37.07555777  39.68584818  55.29504964
  43.44704695  40.99965719  44.43828292  39.5512153   49.21501048
  43.3846959   45.69929062  45.62320014  45.47953815  40.88133863
  49.11586453  39.67479615  45.80710002  38.58565969  47.42545534
  41.21336569  40.57294437  41.21336569  40.57294437  39.98213046
  47.22822974  45.68794334  49.21224569  41.61983177  38.74032206
  52.98729621  40.77408221  45.81229305  45.69929062  45.62320014
  45.47953815  40.88133863  49.11586453  39.67479615  45.80710002
  38.58565969  47.42545534  41.21336569  40.57294437  46.89858678
  43.41877678  41.88880722  49.26587336  49.15524458  44.06915214
  51.60600711  38.87214179  36.95613427  47.9280314   45.62563312
  41.97489247  49.89949096  43.64189329  38.48960829  48.27518217
  40.07008035  45.67723783  48.79720487  44.79512962  46.51301893
  34.85853053  41.12060045  44.50143128  41.51502879  50.20080897
  39.76630245  41.79360734  39.58741918  45.95453639  46.8216017
  51.14656693  50.3227929   43.72244101  42.36640368  44.59893867
  42.08888474  46.25097331  48.59331515  50.88186625  38.93667272
  49.71060128  42.93565739  39.4902435   48.29456638  36.50158817
  41.79642826  43.10480654  44.46077203  48.3035818   43.68451388
  41.74870126  40.80162318  46.0169583   49.11586453  39.67479615]","[ 42.55748614  42.37640086  38.21707031  36.06661013  27.52987739
  33.88926444  30.48832466  37.275724    29.06185313  41.61769733
  38.70223248  41.53397675  46.03306132  36.24058253  37.96097689
  38.11889541  32.04022344  39.47556399  41.64461734  33.5071504
  41.20286831  42.1763483   35.64251911  37.41940595  33.23771522
  31.76287023  37.57065302  34.97190917  45.22089739  35.54754304
  36.92626441  36.46026547  42.18040342  38.3253537   37.0089145
  45.41384693  35.58732704  25.48900745  33.23134447  31.89069365
  40.08932613  44.11976072  38.39487954  30.18561062  42.37640086
  38.21707031  36.06661013  27.52987739  33.88926444  30.48832466
  37.275724    29.06185313  41.61769733  38.70223248  41.6987251
  33.76874072  38.43639318  38.13712563  38.74596874  40.70686645
  31.56940979  34.44655523  39.796947    34.94471654  42.16473379
  40.91584756  35.76979229  36.99358639  40.82050054  38.46120886
  38.33002346  32.04169424  37.17876805  36.22834351  30.02497642
  34.73487927  37.17876805  36.22834351  30.02497642  34.73487927
  31.15814213  32.72218334  32.64125804  34.5465108   33.89626643
  34.48155972  36.36681939  39.16161542  38.223766    35.82490559
  33.86173324  37.76010926  41.11819451  37.65609671  35.97679672
  37.5327015   36.62126327  37.33557862  42.65322094  34.57436009]","[ 45.37388327  51.12692129  44.03682197  47.1572039   47.4774774
  47.73999848  46.48713928  48.2454662   42.60395666  46.32906286
  47.96920723  47.4774774   47.73999848  46.48713928  48.2454662
  42.60395666  46.32906286  47.96920723  44.46087779  52.99024126
  50.66632365  51.81252387  48.27540094  44.89325914  46.40776932
  41.32661664  55.57824086  50.98327554  48.90078373  46.66890265
  44.58802029  46.01898184  48.9825993   46.38852651  50.91634615
  53.73008313  52.39612422  49.91684828  54.33169941  44.89178831
  51.61989902  50.49075141  42.5872158   50.63267844  53.2723706
  54.54708348  53.65037975  48.53398767  54.86071097  40.79266728
  52.6320416   47.69007963  46.63001519  47.67363191  50.24940849
  44.77533671  48.12105009  50.8898515   53.466388    49.35345896
  53.21785122  48.57132152  52.89049385  40.88762804  51.30037609
  48.16142114  40.8345557   46.77064075  48.81303605  52.09228742
  49.38126703  49.92619164  52.20740786  48.91139599  47.72767598
  51.90708979  51.46660262  51.30037609  48.16142114  48.27540094
  44.89325914  46.40776932  41.32661664  55.57824086  50.98327554
  48.90078373  46.66890265  45.36664748  49.47765275  51.57505772
  42.39963977  53.96822805  55.34041823  49.74119812  43.49628686
  46.0213541   44.75535243  53.35756306  43.76742644  53.28293663]","[ 36.12374249  38.80397793  35.94742621  35.80786007  34.89219921
  37.68131727  41.34134491  37.10949875  43.38335477  40.81557737
  41.16815979  33.80407268  32.40198493  38.56153937  36.07031404
  37.63815687  34.58439416  35.32955536  36.09953361  33.61958128
  34.72403651  30.84472904  36.06215608  45.86573276  30.41931633
  30.91436658  27.04305235  33.19505065  43.89630094  33.94734138
  35.89828812  25.6403161   35.88041868  34.6438393   41.79455973
  33.62267524  33.81697723  41.16815979  33.80407268  32.40198493
  38.56153937  36.07031404  37.63815687  41.37352495  29.09154144
  33.20680504  30.53369127  43.72039035  34.06829028  37.91813282
  34.64494745  41.90822081  37.898517    37.96134022  38.28277376
  40.99719009  33.02624803  37.22911914  38.07886036  40.38450627
  28.23359569  40.27887136  31.56923482  32.58546137  41.28945688
  34.72403651  36.87724584  41.43029799  33.69116431  36.28468202
  34.4578448   32.55760752  36.54847993  32.22053193  32.20239334
  32.63242059  37.84156425  39.87802037  32.12584162  34.3485381
  34.93482097  38.10642179  41.46310512  32.28773405  33.22024286
  25.96267395  30.94130109  41.19247265  37.88136911  41.69974616
  36.12374249  38.80397793  35.94742621  35.80786007  34.89219921
  37.68131727  41.34134491  37.10949875  39.56589406  35.64443158]","[ 33.10290483  36.35933368  37.79311924  32.46101049  35.02719501
  32.37359567  32.05294076  41.20294649  43.86696123  39.52327068
  31.79598574  36.3265048   37.94381648  34.44502324  27.33267038
  43.8634382   38.2104345   40.33715593  26.56360867  30.95815457
  42.32290307  41.15300161  30.67410916  24.0253779   43.02701285
  39.27824221  36.68952885  41.31987283  24.13964774  37.58188334
  40.18265889  33.74370193  43.67199258  34.59710635  41.07428177
  37.88804678  32.8677223   44.53343549  39.65468024  37.11578882
  38.10985164  47.53608227  29.47430524  39.03527003  39.25544644
  37.13776365  41.08983174  34.23832785  37.72445425  40.15677442
  38.21093318  40.19283314  28.50328192  33.04645492  38.56866108
  23.90348444  45.86467134  38.00594182  39.43814498  36.32455968
  47.3196883   49.00471619  37.20486889  36.62815372  34.27886461
  42.90058129  35.53630035  34.50231828  36.44513026  32.69509082
  39.27242836  29.86879354  34.7707593   33.65678377  27.08454784
  36.53526235  43.14002202  30.67410916  24.0253779   43.02701285
  39.27824221  36.68952885  41.31987283  24.13964774  37.58188334
  40.18265889  33.74370193  35.78761741  44.24709768  31.5131958
  33.41642159  35.76268388  38.32482973  40.26388573  34.59710635
  41.07428177  37.88804678  32.8677223   41.70279592  35.83819119]"
"[ 18.50153518  20.85539317   9.22774185  17.68237279  27.90906976
  23.84371666  18.82701284  20.7867437   18.29302783  17.10426794
  16.35562157  23.48490485  20.8528494   14.0706189   17.98158827
  22.40370422  13.891948    18.76691991  25.15860349  18.93661149
  18.59115722  21.95413078  18.29302783  17.10426794  16.35562157
  22.14502484  10.91924241  22.58398171  15.04918518  17.32882135
  23.30407386   7.40083656  21.11509929  18.29302783  17.10426794
  16.35562157  22.14502484  10.91924241  22.58398171  15.04918518
  17.32882135  23.30407386   7.40083656  21.11509929  21.11509929
  18.71307219  20.9725232   23.32890569  16.58494809  20.06208729
  21.25310221  19.11952632  25.92145478  16.99164781  22.11774998
  16.02422404  17.32882135  23.30407386   7.40083656  21.11509929
  18.71307219  20.9725232   23.32890569  16.58494809  20.06208729
  21.25310221  19.11952632  18.50153518  20.85539317   9.22774185
  17.68237279  27.90906976  23.84371666  18.82701284  20.7867437
  18.29302783  17.10426794  16.99164781  22.11774998  16.02422404
  14.79073329  13.94886336  21.43119095  22.5590011   22.2138508
  17.51731877  22.40318405  21.73655392  15.42843735  18.92696246
  19.00238878   7.98613242  24.91666087  23.48490485  20.8528494
  14.0706189   17.98158827  22.40370422  12.72532081  16.46831969]","[ 22.02091344  22.12967389  22.11106746  17.3104323   14.4677503
  14.79181334  24.54856613  17.41633372  25.07674228  18.12952194
  18.96856672  18.2871538   23.61282984  17.25897372  20.22040606
  21.55415165  18.4916041   16.33157556  19.22001891  20.85267395
  25.35942847  17.10541997  18.12952194  18.96856672  22.65308341
  20.9744898   14.79474056  21.3850496   21.90899658  10.49135995
  22.12535216  20.31411224  25.54092605  14.79181334  24.54856613
  17.41633372  25.07674228  18.12952194  18.96856672  22.65308341
  20.9744898   14.79474056  21.3850496   21.90899658  19.75689072
  23.33599507  20.68419689  15.72795828  20.77331256  22.68156894
  14.55977673  22.9034891   22.32748858  18.2924834   18.96714822
  23.53700626  22.72069402  11.87303817  19.84442993  19.7454089
  15.15607872  15.3956072   20.55989906  19.03878497  18.2871538
  23.61282984  19.22001891  20.85267395  25.35942847  17.10541997
  20.50022939  22.02091344  22.12967389  22.11106746  17.3104323
  14.4677503   14.79181334  11.87303817  19.84442993  19.7454089
  15.15607872  15.3956072   20.55989906  19.03878497  18.2871538
  23.61282984  17.25897372  18.81449085  12.95293951  19.43778337
  19.39146236  19.16118552  18.31098174  21.4578802   21.49649103
  13.23724583  17.91989791  15.42695934  18.03992166  21.80864503]","[ 36.03556018  32.9924769   34.93151155  34.15445965  35.54517083
  36.56368049  32.19448729  38.12864671  37.35241112  44.77674003
  34.32325932  36.14893778  31.28606818  40.8225396   37.85164417
  35.40154663  34.8938886   31.41588123  33.44986615  33.11131841
  34.68037554  37.70150133  39.32821531  40.23882332  31.55447754
  38.41686743  46.8206577   37.81671667  30.88796311  45.5540547
  39.83243778  31.1406418   38.43573622  26.72193877  40.92009698
  34.40244655  35.76477241  38.35140554  39.26138097  36.45891793
  38.28573654  22.06611365  32.71591466  39.64584353  32.08740889
  34.81626001  35.19658769  37.13161664  35.12754212  35.62442409
  43.57802729  36.87097734  40.33011421  32.47821727  38.04821249
  32.9924769   34.93151155  34.15445965  35.54517083  36.56368049
  32.19448729  38.12864671  37.35241112  44.77674003  34.32325932
  32.79540478  31.55447754  38.41686743  46.8206577   37.81671667
  30.88796311  45.5540547   39.83243778  31.1406418   38.43573622
  36.60022725  44.09263686  36.16359776  42.29601938  36.37399084
  37.46446166  36.11672616  41.58874099  35.23647805  33.81425799
  40.09278577  32.20501216  38.87228945  35.23647805  33.81425799
  40.09278577  32.20501216  38.87228945  38.56810363  36.86697316
  42.95402538  35.70900707  39.70927868  33.37864643  44.01086483]","[ 35.29776172  35.30212999  39.99379955  29.82726921  40.77732381
  38.96819849  31.45213443  40.2525272   32.93858377  39.55270695
  35.60854489  33.43475881  30.69131064  35.53938723  35.24311386
  38.02546182  40.83596181  38.40186643  31.28771155  35.97535583
  34.52098591  31.45213443  40.2525272   32.93858377  39.55270695
  36.87452261  35.99635108  36.18820217  39.79698053  27.35630211
  29.9178585   37.23278454  39.21354034  32.73966501  36.87084932
  35.02750566  36.76510816  30.95791757  37.50690828  38.3270936
  37.18499793  33.71857776  39.39618781  32.80860167  35.1065479
  35.44609387  36.32686815  34.63693159  34.52778202  38.08116965
  38.76866951  37.68457117  37.1559899   35.48867031  30.18483876
  27.32474661  36.34554064  34.28865839  34.57912813  36.58089294
  37.17102204  36.03286016  38.86030957  37.76063443  32.3941063
  36.35431426  32.16880136  31.64452559  28.86517518  32.79052999
  35.20667614  38.53578295  39.23542074  36.49207883  39.86205032
  33.34051627  30.60386307  38.41465994  30.61289095  38.46771054
  33.84722717  34.5826779   38.02423361  31.1112406   35.98375504
  35.28620849  29.53175728  32.73966501  36.87084932  35.02750566
  36.76510816  30.95791757  37.50690828  38.3270936   37.18499793
  33.71857776  39.39618781  36.35431426  35.01814855  35.85279236]","[ 27.29853196  32.42425929  39.98750995  26.47703624  30.14738013
  33.79472541  35.16003872  37.37067418  26.15345215  26.60615375
  41.6426699   30.84823344  32.43268326  27.6420391   32.50668289
  12.76408909  31.22150417  38.14502096  29.82113348  39.61685204
  38.23067792  31.71743355  26.15345215  26.60615375  41.6426699
  31.92040152  31.97374226  41.41819243  34.88497336  19.33318266
  27.38182184  32.32835585  36.90807835  38.48569372  35.33218215
  26.58364555  31.84825098  34.48850791  41.83705808  38.29283518
  45.18713925  29.93329846  32.28514174  39.30876899  31.97374226
  41.41819243  34.88497336  19.33318266  27.38182184  32.32835585
  36.90807835  40.08679021  31.76180835  32.39726871  30.57184246
  39.30876899  29.86064555  30.50263687  42.5249781   32.11464949
  29.90887875  39.04463563  43.12085005  24.91918239  24.52490694
  31.7346858   36.17073984  27.48672077  25.01062443  24.27244747
  32.8771724   20.94757508  37.69655315  32.34995782  24.44447888
  40.98568573  27.34911178  34.37693312  25.58006876  32.37575404
  29.88426931  32.84678969  32.36344206  30.33190626  26.66584296
  32.33973768  34.12467309  35.60503277  23.93302095  35.15291706
  28.94875152  27.62976233  26.52053295  37.3394431   41.2030372
  26.23016233  39.3529708   31.99349434  38.14502096  29.82113348]","[ 45.61678682  46.09664117  47.56165848  41.86142305  51.70262073
  42.00249788  48.10034011  36.79805522  44.15371746  37.66079684
  45.6273119   42.9644785   39.31824941  48.98524464  37.36631185
  44.52777989  51.9858808   36.24186384  44.12257136  39.14945882
  53.7512269   49.94535921  47.16309851  39.350038    46.47495587
  39.18244921  47.67127536  46.52271827  44.16472454  44.97331071
  45.24789975  45.86569941  51.70262073  42.00249788  48.10034011
  36.79805522  44.15371746  37.66079684  45.6273119   38.26111032
  43.20655763  46.36791225  50.40233079  37.66079684  45.6273119
  38.26111032  43.20655763  46.36791225  50.40233079  42.22547218
  40.52864715  42.83786375  41.88172689  42.46275224  45.61678682
  46.09664117  47.56165848  41.86142305  51.70262073  42.00249788
  48.10034011  36.79805522  44.15371746  37.66079684  45.6273119
  45.73084692  41.0094495   37.72220792  44.82544179  47.55958132
  45.98936762  45.44164075  43.56713155  42.65083758  44.12834669
  38.69531142  42.63441952  49.33261347  43.54089851  40.54862977
  42.25978418  42.81463502  51.90375729  43.96595156  42.729154
  39.54284382  47.52888962  47.35353358  40.84615374  45.99262122
  38.30419534  47.08832504  45.98109024  37.709191    48.38846791
  44.44423219  45.23869762  40.8599351   45.98151268  45.77158836]","[ 36.10038481  40.17055685  32.91080933  37.86918663  40.15743257
  34.78855388  33.97271414  38.86273747  33.77517057  34.21595783
  32.75087094  31.64245759  39.25045313  38.30801959  40.07379327
  35.38462487  32.67321768  38.20685599  37.68607691  32.1540974
  39.29100407  43.58858868  40.37108729  36.63201769  38.26378943
  34.78016399  40.09907586  42.00605062  40.78768872  33.24133815
  36.11332302  44.23487151  43.93704401  37.90265645  41.85546462
  33.27180762  30.61033123  38.65865152  32.70325778  37.93406903
  38.03371581  34.983411    34.27689819  38.55549063  34.98400629
  35.73357495  41.27952504  37.4936748   41.77073152  41.34684999
  34.30637107  42.14681707  38.77303793  38.30300183  36.89518869
  38.90476775  35.90980929  34.52615695  36.40224375  41.14315981
  36.1552368   42.95871187  40.37108729  36.63201769  38.26378943
  34.78016399  41.27952504  37.4936748   41.77073152  41.34684999
  34.30637107  42.14681707  38.77303793  38.30300183  36.89518869
  37.25832677  35.30667186  37.17842356  43.43536668  30.34145529
  38.48573601  35.88561715  30.47004813  32.7965954   34.33741189
  40.40468985  32.28533976  37.04894766  35.52654654  32.84434588
  41.27639291  35.36741232  34.24109546  32.37895211  30.06968721
  30.88940001  40.45135032  35.45309521  37.8768864   32.62118244]","[ 49.70073824  49.57787337  45.77895805  50.89894545  46.79785845
  45.57298063  51.55236804  49.78254075  49.08103533  46.22509435
  49.13096505  52.7562436   49.25787915  52.934943    49.22655155
  50.68441877  49.48410109  36.69223382  42.22351817  43.14209894
  49.82907293  44.87944119  46.22509435  42.07494356  49.40638104
  47.33981635  52.46985679  49.59249655  53.45025625  44.91607367
  41.52056231  48.4161705   47.03946608  41.37453511  45.87156822
  48.41571172  51.90796981  51.65104528  47.89454261  54.13531378
  51.33991112  50.49260991  47.58771359  52.62616899  44.88829515
  47.1363055   45.4968088   38.93061665  49.75120472  46.75540277
  48.96049027  44.31038602  43.4145509   49.774834    51.26151923
  48.88821818  48.45668451  51.410789    48.07071108  53.2891052
  52.34025297  46.01107723  46.2049072   50.55618225  45.69501122
  53.3974022   40.83845768  46.83912722  49.89717618  49.13096505
  52.7562436   49.25787915  52.934943    49.22655155  50.68441877
  49.48410109  49.40638104  47.33981635  52.46985679  49.59249655
  53.45025625  44.91607367  41.52056231  48.4161705   47.03946608
  48.84331242  46.4216901   44.72336136  58.25327811  47.12364235
  45.18908784  45.92593165  43.43641678  50.73228565  44.78538396
  43.47666615  51.36559783  51.4135891   47.73621919  53.4678009 ]","[ 36.43467494  33.65922521  35.75159626  33.48018843  36.28959528
  37.40046688  35.76903556  37.0531099   35.98695971  31.82945453
  34.50408899  37.80369689  39.74411728  33.20797185  37.96409461
  35.86525533  37.56911554  33.5062569   37.38043758  42.3989043
  39.85478916  40.59284084  35.89951682  30.54572852  33.39225274
  31.96540566  36.77355055  31.03835669  32.96612276  31.69889888
  39.4701469   32.04020186  37.73652295  34.00494308  42.36286345
  33.02519164  34.17936617  39.5203126   38.90559028  36.09554634
  33.91673446  39.93334466  35.20650512  33.50465344  29.60010325
  31.18873835  31.92138586  27.51200454  27.84200931  41.15177111
  32.24647896  35.39444357  39.11267001  36.20483474  33.97318301
  31.60319782  32.34794186  30.24900343  38.17085484  23.40530773
  34.54832818  38.0184267   34.75070772  37.06419425  36.61688089
  28.36501477  42.01152707  36.70873003  39.10025104  34.28925831
  40.06841287  33.74878216  37.74664297  33.52642333  34.82815588
  38.2770194   34.00494308  35.69056129  38.93171038  33.83960032
  37.18512341  42.01152707  36.70873003  39.10025104  34.28925831
  40.06841287  33.74878216  36.59675662  25.76096721  35.73488676
  30.62240839  41.54980993  33.57510875  38.79907302  25.3661267
  34.38853747  41.48379204  41.87181741  31.70599025  33.11487439]","[ 45.15917797  35.62344564  34.0374367   41.10603528  33.71659831
  32.21855023  37.13457886  39.8985257   43.26372321  34.38026647
  43.86549553  36.67264344  36.28982437  39.25309971  31.81130335
  38.02898827  35.36814502  29.35259547  26.00403029  29.91410159
  35.07810179  18.28630914  40.91048083  38.7528386   43.38681176
  41.61904429  38.36913549  36.67264344  36.28982437  39.25309971
  31.81130335  38.02898827  35.36814502  37.75846299  30.49811868
  34.57364669  36.28156831  27.23587692  26.68798024  17.15807163
  42.51600382  41.42102172  39.25865066  36.507663    42.43296326
  35.68411255  38.92743823  34.58145632  47.80336138  46.75913171
  36.02552851  37.50537038  37.81176211  33.99834911  40.98972881
  39.1094294   31.05881794  40.58850369  44.45536007  44.12119404
  34.84529261  34.1789666   45.25049058  30.86993471  36.298682
  29.34845596  34.33196194  35.63656615  28.9772871   30.27564465
  44.94126204  29.43353765  34.58867436  34.22047688  29.1390496
  32.71213183  45.2521855   27.52085136  38.08032754  35.37111622
  34.93833845  28.74266909  39.92014423  45.70128284  40.54992486
  37.25952427  33.44878606  35.242101    28.9772871   30.27564465
  44.94126204  29.43353765  34.58867436  34.22047688  29.1390496
  32.71213183  45.2521855   37.68908796  27.48933497  35.27753409]"
"[ 21.51961032  20.5835448   20.09569767  25.5289723   19.43094322
  18.93709922  21.33192958  18.87827261  16.93366874  28.33638167
  25.54305198  20.03907174  23.42526474  23.39337875  17.59538647
  19.76588704  17.44933495  22.57340808  23.71597842  18.56604711
  18.083215    19.40430794  20.08434455  24.31438032  22.28733266
  22.42411768  20.4721014    3.13483827  22.74450289  21.69831894
  21.63835443  19.33044079  21.50573678  21.5082814   18.56604711
  18.083215    19.40430794  20.08434455  21.79003524  20.58509927
  23.53120684  24.31438032  22.28733266  22.42411768  20.4721014
  20.4721014    3.13483827  22.74450289  21.69831894  21.63835443
  19.33044079  21.50573678  21.5082814   19.51227438  15.82005772
  21.30230826  15.08746319  15.06661407  22.63756448  20.28470546
  24.15194983  21.55765109  13.51745332  21.84162502  21.51961032
  20.5835448   20.09569767  25.5289723   18.56604711  18.083215
  19.40430794  20.08434455  21.79003524  20.58509927  23.53120684
  24.31438032  22.28733266  24.81480465  20.03907174  23.42526474
  23.39337875  17.59538647  19.76588704  17.44933495  22.57340808
  23.71597842  18.56604711  18.083215    15.82005772  21.30230826
  24.7550179   24.73205098  16.74918741  21.7291446   22.16670163
  21.13269202  20.31631739  14.2878639   23.41069405  22.20410941]","[ 19.19384082  12.11680897  10.07899754  22.25144584  15.14259517
  21.72724772  16.59548604  17.23593851  23.00307867  20.18532666
  16.23787604  18.45612415  20.65388156  18.26533939  20.29138768
  17.47653348  16.34784723  19.78811506  15.07397483  19.19384082
  12.11680897  10.07899754  15.54939147  17.82268631  20.18258338
  22.03731599  11.84053766  19.08866164  18.72570899  15.33107986
  15.30280195  14.70577517  19.05436038  18.09998472  18.45612415
  20.65388156  18.26533939  20.29138768  17.47653348  16.34784723
  19.78811506  15.07397483  19.19384082  12.11680897  11.84053766
  19.08866164  18.72570899  15.33107986  15.30280195  14.70577517
  19.05436038  11.55629793  21.23884332  13.40704786  29.19024359
  18.41424931  23.07247641  13.57591182  22.53137336  19.62040046
  19.13258886  16.66227794  17.08804253  14.51146613  13.78285022
  19.54566205  20.79269769   9.60086109  19.78944391  16.62004304
  20.60539493  15.54939147  17.82268631  20.18258338  22.03731599
  11.84053766  19.08866164  24.07326829  24.91890039  15.68009777
  18.52769111  19.55023813  19.3435993   18.35895147   9.8584671
  18.80910101  17.72367869  17.23593851  23.00307867  20.18532666
  16.23787604  20.29496378  20.79269769   9.60086109  19.78944391
  16.62004304  20.60539493  15.54939147  20.52192953  16.82063797]","[ 46.66956498  36.10536019  35.21499488  38.65190633  48.02171663
  42.36239354  34.66202944  41.02261759  51.62087616  38.60213144
  42.37713118  37.96942603  48.42151831  45.45939767  31.6668379
  43.20827848  40.57323013  41.28609522  39.30750219  40.00887238
  41.7879153   42.25403248  48.35049852  43.78369054  38.2192562
  35.55959269  23.04113749  36.86664199  38.61986436  41.56475079
  43.06336736  36.43847539  45.45971567  41.50994865  31.88699839
  37.65088119  38.55572262  35.68732472  42.89108552  38.65385781
  38.98183543  39.51040684  38.60869288  46.66956498  36.10536019
  35.21499488  38.65190633  48.02171663  42.36239354  34.66202944
  41.02261759  51.62087616  38.60213144  34.59353478  38.61439953
  36.32343661  41.06084743  40.87405759  46.44925788  30.60950789
  39.67804202  45.7129894   33.93685035  41.21190523  35.04017988
  40.05967129  36.61781608  45.45971567  41.50994865  31.88699839
  37.65088119  38.55572262  35.68732472  42.89108552  38.65385781
  38.98183543  36.3859858   44.04074459  43.401436    45.33659943
  35.55756324  35.78134316  39.53409984  35.25106687  39.83956297
  36.52644047  33.60569032  40.90451841  40.20244611  40.21810008
  35.90118576  40.14106568  42.82980876  43.62451536  46.45642954
  44.54852228  40.59124744  35.02299279  45.3708925   41.52959309]","[ 34.20699072  40.23433167  33.60540497  34.07661398  38.39651107
  40.12257819  37.44464572  36.43702169  35.57584639  36.90819484
  35.4273377   32.84175293  34.71868509  34.80600551  39.14552691
  39.57937326  42.37952425  37.87030192  41.57172508  36.30222676
  38.27484124  40.70778418  34.42584779  31.76546353  24.94863046
  38.06374428  43.04210703  42.56585552  39.10921155  34.20281543
  39.40803677  40.71069474  42.31053424  39.97369834  40.00982948
  39.15841076  35.79974234  35.93003471  40.8463765   33.14076428
  41.7477194   39.54750038  36.89750524  37.7103373   39.32595411
  39.16406237  30.0693632   36.86249506  34.76593836  33.17560954
  34.20699072  40.23433167  33.60540497  34.07661398  38.39651107
  34.71868509  34.80600551  39.14552691  39.57937326  42.37952425
  37.87030192  41.57172508  36.30222676  38.27484124  40.70778418
  39.14329453  43.54424997  40.84148859  39.35017231  34.26138265
  42.01486143  39.95956158  35.27641179  32.84175293  34.71868509
  34.80600551  39.14552691  39.14329453  36.74304598  40.24457698
  41.01480844  31.67530145  34.07495523  34.75185053  34.43973064
  34.73206556  38.92727681  44.63456281  38.61301305  37.86292537
  37.42562626  36.57478393  40.70405019  33.37707651  39.62379763
  34.80454409  37.18542653  36.01500132  36.69398192  36.32045579]","[ 34.20242367  42.07823183  34.3828423   39.41935266  18.51295102
  34.27352769  35.94921466  43.01907171  34.34651981  32.20362044
  40.40851936  38.68720324  25.4649737   19.41749756  40.35764095
  33.79911239  43.19479508  27.81557064  38.89615546  37.65685556
  42.14017313  30.20014645  37.42877773  37.09208033  28.14221372
  32.72360724  34.59205862  28.37013243  34.66781996  37.12160515
  30.63646855  25.05906932  37.63801895  26.25275301  37.70852345
  41.66502584  31.34131518  36.33703086  28.595278    31.35471218
  34.78074575  29.99458244  30.78561978  34.50300625  31.36153531
  33.22929548  21.04904642  38.32030273  20.69861514  24.55612435
  28.85055813  38.82465755  43.9928399   37.49537809  42.51719703
  33.30801211  26.76674796  43.5536424   35.3978375   34.55844904
  25.33621039  21.80838486  35.48004302  31.36153531  33.22929548
  21.04904642  29.26779023  47.46381342  38.08235922  26.5581094
  29.36215545  37.42877773  37.09208033  28.14221372  32.72360724
  34.59205862  20.69861514  24.55612435  28.85055813  38.82465755
  43.9928399   37.49537809  42.51719703  31.62524991  31.24217272
  39.04931824  24.9758125   30.20014645  44.65923067  37.18235542
  26.9525228   44.69738863  40.78106504  22.03635562  24.26433478
  20.10053553  36.89579314  36.41328417  38.87447233  23.21276081]","[ 41.93296718  36.99373217  47.82484811  45.47627791  49.69948174
  40.10194557  38.14356446  50.22477055  43.24103491  47.52667177
  38.97537713  37.92030824  46.76323232  46.43065742  43.9410297
  44.33901284  43.1217029   40.27063594  48.51817604  40.40465053
  46.24842077  39.36304418  50.81275969  41.43126026  44.47161812
  45.36258585  36.26283983  39.82090439  51.53812871  39.82226101
  50.44908983  42.63463886  45.2196834   47.54284961  43.65204548
  48.28844304  41.11109017  41.09507344  42.68575171  41.64191714
  44.90599319  48.66059112  41.71655666  50.81275969  43.42072163
  46.71764873  43.36523098  45.57991271  39.90045365  48.1196401
  47.25638698  37.59871155  46.77125866  44.4028838   41.17547475
  42.68575171  41.64191714  44.90599319  48.66059112  41.71655666
  50.81275969  41.43126026  44.47161812  45.36258585  36.26283983
  39.82090439  51.53812871  50.41711094  46.87223212  44.71350629
  45.48288958  45.58769825  43.14993745  47.95486605  42.01125717
  43.25251046  43.64867825  40.25999112  45.88944446  46.5572084
  41.94638707  47.49735005  45.90077781  43.26390529  44.22315345
  51.14355028  36.44125744  45.38823695  47.54284961  43.65204548
  48.28844304  41.11109017  41.09507344  42.68575171  41.64191714
  44.90599319  48.66059112  41.71655666  43.64498919  48.75164642]","[ 39.63824173  36.48509768  44.29514779  37.4159461   34.08191529
  33.26916265  34.27326145  38.77974498  44.96664084  39.30339181
  41.13167439  41.21178156  44.28666474  36.35724758  28.64374556
  40.62168528  31.33346269  39.78931439  37.79312203  36.72414496
  40.72093671  31.90131703  27.05199452  33.44860107  35.87232443
  34.60952164  36.09298004  40.21818035  38.69040877  34.320489
  37.80831358  43.26831529  37.62542066  36.56597385  45.31585613
  35.38372493  40.48853761  44.29003396  43.07950421  34.69707368
  41.81116856  41.05965344  31.35222818  35.33019241  37.08675578
  35.63685063  35.39826625  20.19217105  43.4668755   40.81126288
  33.61955357  43.69964142  35.43523424  27.2350397   30.01362081
  43.14567665  38.54821236  41.62901348  40.24560796  36.80968277
  37.58009724  39.08796358  38.87733863  36.41333096  34.69353193
  41.69063026  33.02675073  41.01502344  36.69565241  33.58588263
  44.93568277  33.51446633  32.13457159  32.76522586  35.60470916
  34.91632175  43.78193908  47.73411457  45.6035069   36.5235068
  32.90937323  36.83730965  30.22195074  38.61870263  30.06471905
  38.30126029  38.11947279  39.43820748  40.05510089  36.56597385
  45.31585613  35.38372493  40.48853761  44.29003396  43.07950421
  34.69707368  41.81116856  41.05965344  38.61870263  30.06471905]","[ 46.12845143  52.41366925  43.41701781  49.69587604  48.00479334
  50.32115565  52.71099113  49.2054292   52.08624035  50.69717122
  50.96157249  49.4787188   55.94324841  49.38095759  50.66784248
  46.30316917  47.5437441   41.88113353  47.11355028  50.57954509
  54.2911452   48.72588207  55.34302944  50.05969671  56.789907
  46.81343692  49.80298698  55.87815322  51.55744948  46.78973622
  49.11385611  52.27802437  52.48588299  42.11502889  53.73023947
  53.08623842  48.44463975  49.5792966   50.34475998  54.99253078
  46.70871022  50.64528713  49.34480159  51.82370079  50.65191238
  45.90930531  56.60986992  54.04293569  51.14990188  46.21802424
  45.91156761  53.84575728  49.69519238  47.54209555  49.80103517
  54.0184404   48.28251342  39.08892699  50.37143323  51.77471238
  49.87107122  49.54130421  52.49317126  46.12845143  52.41366925
  49.69587604  48.00479334  50.32115565  52.71099113  49.2054292
  52.08624035  50.69717122  41.64321371  53.58299827  49.42105941
  48.93994166  46.30316917  47.5437441   41.88113353  47.11355028
  50.57954509  54.2911452   48.72588207  53.13619901  52.13191817
  42.85024521  53.04499237  46.32333938  53.47006508  50.51336548
  49.67606164  49.67765306  53.4691105   46.4382506   47.56703364
  47.24166278  39.86188487  51.42533901  47.96968582  50.36533456]","[ 37.36234745  28.18368773  36.28650418  30.87927233  27.55498969
  33.43503407  34.14633604  30.37387688  31.39935241  32.7836951
  30.83014733  37.92494324  31.61258075  31.71064283  29.76678524
  37.23729735  33.13027694  38.67603897  34.08428567  38.2543578
  29.10811672  41.88462697  36.7946589   29.41426025  39.19266382
  32.31852431  30.18365851  36.41536195  34.04745187  22.01289064
  29.85719323  30.59688266  39.72499469  32.54050326  39.52315008
  36.96487509  36.7493797   27.86529876  33.93159068  30.08790231
  33.42453424  31.43393336  34.59522218  35.06898554  38.96412957
  30.34350636  26.86508316  28.24475519  26.84705298  25.15085298
  34.19835436  30.19026782  31.49618191  37.01897891  35.94316121
  33.45757613  31.66820255  31.82022399  39.53148014  35.08269464
  32.57316119  28.05130803  37.30642183  32.22044302  26.01992462
  34.59447741  31.82022399  39.53148014  35.08269464  32.57316119
  28.05130803  37.30642183  32.22044302  26.01992462  34.59447741
  34.25674184  30.30365247  33.2044029   36.85157113  32.71835943
  36.13515205  32.63134693  36.23317991  23.46640864  31.80788532
  30.54223847  28.22918934  36.04456891  39.72499469  30.29203543
  31.26483309  30.84733151  36.87578407  29.41723725  36.15303082
  33.22357216  32.66778709  32.88688063  34.47898504  31.73783966]","[ 31.5306964   44.59772973  34.44459803  33.8739532   40.28595779
  43.6109996   41.4734262   37.39935573  44.43052936  38.99083294
  29.66876491  30.96645502  34.7045632   42.77989139  46.7516205
  29.24331653  43.93170165  35.48235155  34.99016261  39.19864284
  39.04185145  38.00056002  35.31081804  33.0280801   35.64432139
  36.47285037  21.04718161  33.99286659  31.48564083  35.1771696
  33.80681926  42.69236614  37.45729231  37.01348996  42.74255987
  45.63735285  48.09751732  34.42238929  37.54938953  48.8832525
  41.77828368  36.23137859  41.67908877  24.34600609  38.82918241
  47.25708573  35.97275212  32.9278666   44.05384346  46.68294288
  39.90946501  36.02535576  44.13976116  39.88060309  30.79138814
  42.74810977  46.13552776  36.74876879  50.34691009  31.95939598
  43.11556147  45.38008533  30.83446199  38.48524458  34.36971453
  35.05641038  30.57562003  30.03511477  40.39707382  42.11148255
  35.91474056  34.63620238  36.87662021  34.90543682  38.75198188
  28.94677256  43.84907904  42.13997258  37.51537645  36.68502747
  41.40727062  42.91795526  42.11107724  32.63855862  34.86694385
  42.46098744  33.48218466  41.56546199  43.83687516  35.21090166
  35.43032231  29.45133971  27.98979366  42.13997258  37.51537645
  36.68502747  41.40727062  42.91795526  42.11107724  42.98034098]"
"[ 24.89726812  17.47572108  22.55178636  22.04263895  22.35779562
  23.87979624  22.76563608  20.25206987  23.5874496   19.91219262
  18.56285737  22.90044893  18.15369611  17.95368316  25.46230169
  18.10468831  18.93780319  21.2595553   18.91068932  19.79510121
  18.91068932  19.79510121  18.78429203  14.63169353  24.25216656
  14.85205688  22.7269273   10.55188916  15.35958957  23.66793081
  21.17737616  20.96306021  23.42353863  23.53386804  23.79602374
  21.47117369  13.47508792  18.92756401  18.70860609  21.0395864
  22.55513286  18.70860609  21.0395864   22.55513286  18.99155002
  19.64178139  17.32205409   3.57767034  23.5401441   26.02047488
  23.44828738  18.22011761  23.44828738  18.22011761  20.59283896
  19.91219262  18.56285737  22.90044893  18.15369611  17.95368316
  25.46230169  18.10468831  18.93780319  23.5874496   25.17855249
  19.5210453   18.87019285  19.85287618  26.31023013  18.99289955
  25.85053153  19.78533087  18.45979011  19.36903009  23.53386804
  23.79602374  21.47117369  13.47508792  18.92756401  18.70860609
  21.0395864   22.55513286  18.99155002  19.64178139  17.32205409
   3.57767034  22.55513286  18.99155002  19.64178139  17.32205409
   3.57767034  23.5401441   26.02047488  23.44828738  18.22011761
  20.59283896  19.91219262  18.56285737  19.34460645  23.99813327]","[ 27.13815235  18.50172815   5.51003136  19.99792553  17.57220199
  16.59772683   8.77365984  17.76147058  22.50255265  18.96629785
   7.25679505  23.50771118   7.47354492  22.71974054  21.1250478
  18.43284814  19.65464591  19.07602534  16.62855185  17.44420005
  20.47052049  24.57677918   9.12119366  27.13815235  18.50172815
   5.51003136  19.99792553  17.57220199  16.59772683   8.77365984
  17.76147058  22.50255265  18.96629785   7.25679505  22.50255265
  18.96629785   7.25679505  19.26446403  15.74479893  17.40439574
  15.62039244  20.41559763  15.39523953  10.21552883  11.81407644
  14.44587538  10.91718917  13.17912479   9.95513512  11.03582362
  15.53350497  17.96607543  13.59256078  20.90259717  19.96806768
  19.38467063  15.52610737  16.65316246  13.15085599  16.60304132
  17.37889306  18.82193345  18.33800507  13.11549798  17.58750924
  10.23517799  13.18965033  19.65464591  19.07602534  16.62855185
  17.44420005  20.47052049  24.57677918  14.83053911  20.85507002
  18.39437765  15.35098785  20.47052049  24.57677918  14.83053911
  20.85507002  18.39437765  15.35098785  20.37034008   9.60212791
   6.93156679  11.45697744  11.70926804  15.62039244  20.41559763
  15.39523953  10.21552883  11.81407644  14.44587538  23.50771118
   7.47354492  22.71974054  21.1250478   18.43284814  20.45434764]","[ 41.73969429  35.64996739  37.29832106  41.72525022  47.80092082
  41.02939441  43.6569001   46.02612316  33.20048231  42.33446559
  38.79959929  43.91584229  40.10678377  38.67902281  37.50782843
  40.46473534  44.72806074  45.36050502  36.28380401  40.07861141
  39.29574849  30.06244514  40.64592373  35.14112807  39.91223153
  40.36118329  37.00584465  39.81351389  45.9884612   40.49312519
  43.5077133   38.20608474  38.81499319  39.57499262  35.03160907
  40.93838149  38.42233287  34.46134818  36.5474011   36.1146415
  41.5148283   43.91343016  36.63769662  43.38723027  41.04956077
  37.86830729  38.48864032  40.3845737   43.69567394  36.94762904
  40.04601522  35.92475569  40.73518537  34.97622692  40.7222101
  39.41830461  45.516939    42.58552176  30.01925059  43.84348916
  50.94709832  38.01289838  35.64669468  39.47081736  52.47210413
  41.72525022  47.80092082  41.02939441  43.6569001   46.02612316
  33.20048231  42.33446559  38.79959929  34.44957484  40.0674909
  37.81292465  36.49869997  40.64881335  39.33637146  45.19632502
  37.46369406  40.7222101   39.41830461  45.516939    42.58552176
  30.01925059  43.84348916  49.91826881  44.29895706  36.29370625
  40.51630119  42.45787352  43.99356284  41.69772269  36.21751803
  42.67211533  37.80204773  42.82591826  41.04956077  37.86830729]","[ 35.87335329  32.1345586   37.40802641  33.34719215  38.24618876
  43.76280506  35.31501601  39.20575352  39.57144274  33.50230315
  41.00937163  36.80662129  38.81398702  35.49219487  37.96746172
  36.95192769  32.14586251  37.07964314  36.65725004  34.42713271
  32.72959204  34.98444493  37.1099422   34.89170454  38.20265881
  34.58874813  38.18425931  34.17516931  34.87837417  33.45607651
  36.04898877  35.36489993  32.1345586   37.40802641  33.34719215
  38.24618876  43.76280506  35.31501601  39.20575352  39.57144274
  33.50230315  41.00937163  41.46452825  36.41360974  33.90289522
  41.56693962  36.15252687  35.79019813  36.22277158  34.05940366
  36.3558579   34.12391878  42.37876304  39.24472692  37.40550448
  33.63104009  39.80396306  37.79144187  39.97226105  34.36157569
  36.04077113  34.72768369  43.60452692  36.88764855  40.36342657
  36.04077113  34.72768369  43.60452692  36.88764855  40.36342657
  36.58494799  35.66010081  37.47863285  34.4708113   33.08272475
  35.92283153  41.46452825  38.92271221  40.51845151  37.78472149
  36.88403775  39.9244783   38.77491315  34.91072665  37.04553642
  32.58702308  34.49443347  34.4942848   38.8636396   32.96388045
  38.6443484   41.72985658  34.18055556  35.87335329  32.1345586
  37.40802641  33.34719215  38.24618876  33.57168634  37.78283191]","[ 43.67918097  41.86405232  25.646585    34.02873887  19.2982624
  37.5043914   34.78370207  34.73191009  43.26262557  46.20984487
  41.0181989   30.61543595  32.48564927  37.19361615  31.38925656
  38.31656203  38.30908604  39.23443963  37.29205898  41.36014356
  43.24648177  24.1182735   40.78795983  37.63687038  29.66671858
  29.66050722  26.76145152  44.0719132   39.85939064  36.35313229
  45.57659254  44.21479395  18.07419034  25.09180148  35.46974598
  39.93752066  33.13200253  44.64302517  35.56179572  37.5788933
  37.86140438  43.21237192  28.2224602   45.68533929  38.77203694
  28.78467265  36.01247544  32.28939591  37.35107143  32.7684748
  36.67183921  29.04213741  41.5120664   36.97030836  33.42107355
  40.17811357  43.51265595  33.47522867  32.35645125  38.0709521
  40.39687348  45.36335248  27.88281175  28.09150669  33.66773715
  32.56017901  47.0943301   33.46523285  27.17519471  38.5223008
  38.77203694  28.78467265  36.01247544  32.28939591  37.35107143
  32.7684748   36.67183921  22.26376534  29.58984584  48.8848966
  47.74612152  40.58420195  37.2499839   40.17811357  43.51265595
  33.47522867  32.35645125  38.0709521   41.0181989   30.61543595
  33.64761292  32.51071375  36.97412613  33.60851093  31.2592778
  32.25074608  42.47075964  24.15515451  38.30525889  43.32804372]","[ 46.18963426  43.25092175  36.08669209  49.08331595  45.06892723
  46.40901225  40.76268832  45.80112736  51.01525954  39.51609929
  49.36418326  42.3137992   37.44627494  45.41102314  44.34259961
  43.61103628  48.59662927  45.47305407  51.06505832  41.00320316
  44.11843599  42.41274512  40.34678859  48.07207186  52.48236169
  50.77391881  49.65287701  32.07192525  45.30120469  47.17680044
  39.93301671  49.61985287  43.21984471  47.06364285  35.6880703
  47.30336877  43.65482574  48.52862116  40.42988144  41.93993602
  46.05231765  42.93890185  39.76611479  40.97025566  49.42020114
  42.20145319  51.39394277  44.41941274  42.41274512  40.34678859
  48.07207186  52.48236169  50.77391881  38.91714531  46.36582834
  50.00227523  42.19082395  37.50157752  44.2798022   36.63588694
  44.25275714  43.77379693  46.95550663  43.37921614  49.70740066
  52.50777757  45.70333044  47.96598744  47.28964463  42.68780586
  40.99527724  42.66769904  44.94317474  44.21351718  45.25866839
  49.65287701  32.07192525  45.30120469  47.17680044  39.93301671
  49.61985287  46.33873699  42.05158802  40.65794605  43.65656726
  48.03507185  43.72227474  40.97025566  49.42020114  42.20145319
  51.39394277  44.41941274  42.41274512  40.34678859  48.07207186
  52.48236169  50.77391881  49.65287701  50.05053966  49.5692287 ]","[ 35.93167169  25.40936663  35.89040125  42.02150786  34.53771452
  35.9796062   42.00113288  34.79608439  37.15706715  41.47408534
  44.76595783  35.20484473  44.21778621  34.75447588  41.25031609
  38.14688142  40.47230173  40.32657646  40.01485205  40.27873795
  37.81710885  41.20285922  34.674231    36.11630419  39.96508119
  38.43700415  45.34538451  35.2036101   35.70355981  27.21001032
  41.33137379  33.80768743  44.82211333  41.22891883  31.12460842
  39.38192929  35.49703927  31.33043936  35.93635775  32.83803738
  31.83278236  36.12690631  35.00406873  37.64996654  36.96411532
  40.10700585  39.25470801  38.35586275  35.91569302  35.55001887
  39.47359923  38.85377885  33.47040157  40.06444441  38.85377885
  33.47040157  40.06444441  32.94689293  30.86527465  37.66239112
  38.36465862  39.9198203   27.89189589  42.58853512  35.41636721
  38.83371226  33.84158132  38.54309706  38.60184377  36.61733358
  38.21603099  38.32319626  36.80049998  27.84929787  38.30565281
  29.4095602   42.76735715  40.71740498  31.8699725   35.94145111
  41.79480787  32.89016136  30.17730689  43.12450307  31.31167578
  25.9739307   35.01187761  31.8699725   35.94145111  41.79480787
  32.89016136  30.17730689  43.12450307  31.31167578  25.9739307
  35.01187761  37.33074006  34.32329202  27.89189589  42.58853512]","[ 51.45991498  56.03636024  49.83556992  49.89160582  49.83707819
  50.97027135  46.67708358  37.6804113   49.21187501  48.91724683
  50.51694357  42.10338907  48.52650233  51.07202746  51.83148765
  44.472937    54.99135853  54.37582005  52.11730282  49.56362901
  52.99454483  45.1901284   50.03641049  51.30151963  50.43443929
  47.13187602  48.15046616  53.55870633  50.12873096  52.90710702
  51.70549033  53.19919222  50.01273453  50.04783852  51.21399894
  49.95811075  51.45991498  56.03636024  49.83556992  49.89160582
  49.83707819  50.97027135  46.67708358  37.6804113   50.70473076
  53.38878627  41.71519906  52.12007624  44.60610093  47.98746241
  53.76981812  50.42531222  47.88189197  52.24102658  54.61594031
  48.729302    50.31566047  46.97572995  55.38921249  55.80102632
  42.05445933  47.5595102   47.90922836  48.12599805  51.93889895
  41.920564    48.89359765  48.07071255  50.38207969  50.51189928
  47.59722765  44.25303598  51.34753446  46.77304052  49.18214444
  48.78503538  45.90865473  48.18058921  48.22215088  55.8873355
  55.43039902  48.77400518  44.58625778  52.64247739  50.04783852
  51.21399894  49.95811075  44.37051928  53.95012201  50.94262356
  54.21575073  48.729302    50.31566047  46.97572995  55.38921249
  55.80102632  42.05445933  47.5595102   48.47726596  51.21748576]","[ 32.96764034  21.07978168  28.29128306  29.48465899  37.78360806
  29.98743295  32.15723673  30.93215     35.93133806  28.14573175
  35.6118289   30.22182418  31.16125245  32.61998606  29.55673599
  31.11483748  32.84781718  36.15422835  30.58407909  33.04130562
  36.32363563  32.41264437  26.66346877  32.02232519  25.44448071
  33.86513406  32.04547477  27.694875    38.05113138  31.73781282
  25.91229464  29.84609097  30.69492107  38.01691946  37.79080922
  35.35518054  34.51842035  33.63371619  28.2185365   36.85860605
  35.44698038  34.02398822  26.72971714  30.93215     35.93133806
  28.14573175  35.6118289   31.3128484   31.52748482  32.17330231
  34.01377527  35.38781761  29.60587768  32.65032158  30.66842386
  37.25684067  32.695382    35.19664649  26.57929509  26.64016518
  35.89267037  30.21303221  37.84576905  37.10125797  35.0626972
  32.02232519  25.44448071  33.86513406  32.04547477  27.694875
  38.05113138  31.73781282  25.91229464  29.84609097  25.71195475
  21.20273857  32.65032158  31.86656586  29.98205824  31.07783056
  37.82469647  33.97286817  31.31064688  27.36110251  36.05438811
  30.58156804  25.35256756  32.40256679  31.83477934  31.40801934
  37.47343658  25.03572501  31.17583862  21.56033057  30.84618152
  37.92056577  37.31722715  27.46209774  26.69047967  27.72666033]","[ 41.84861463  44.12656378  40.47678759  45.74281994  40.00679914
  44.16116613  37.49627181  49.50158935  36.81544574  46.06181109
  30.78360772  39.08190211  47.42051255  40.82872839  30.45535877
  43.9542016   43.42493136  42.05659628  45.49642944  42.47973358
  45.30621224  43.81898203  43.59816972  44.38891114  41.38722894
  45.00397104  46.97729174  38.92752895  43.53947683  42.60962743
  49.22577779  46.43866291  40.76401879  43.05828758  43.1285562
  35.51102199  43.53536182  39.3894763   51.01507792  39.42025732
  37.63019437  44.4973054   32.74226583  45.0825694   41.03971702
  37.30046138  43.11495127  37.45290406  40.96234618  39.72469391
  44.71047009  47.17712504  36.42028802  35.57703713  27.35426162
  44.27297681  34.2855817   43.77836982  36.47200359  40.6062354
  39.84695931  46.0481252   49.85532699  46.03660857  48.55390724
  41.3204289   23.62284182  51.63120738  42.86797402  47.50960373
  42.51839957  37.44812957  43.63970989  44.48397622  50.92831017
  45.43263941  41.49155379  41.60895255  37.31478851  45.17210677
  38.34201888  42.0752795   43.49578113  39.08190211  47.42051255
  40.82872839  30.45535877  41.55021358  44.42886421  47.44151303
  44.45504062  49.52590783  51.97153272  42.10485819  49.24611939
  38.96278947  42.87003592  38.76759485  44.18632266  43.59816972]"
"[ 22.02462544  22.07313773  17.32927244  27.07093471  19.91754567
  19.04687629  18.61532563  24.2236033   24.86122582  20.81079628
  24.45270291  24.50181875  26.38884592  18.30048712  23.19255107
  23.16113147  24.01603227  25.75582092  22.48052165  22.95408798
  26.9842765   19.84049929  13.03507277  22.10339024  23.24969895
  18.32888991  16.7244603   21.08681351  24.50181875  26.38884592
  18.30048712  23.19255107  23.16113147  21.65824248  24.47729645
  16.38308307  13.03507277  22.10339024  23.24969895  18.32888991
  16.7244603   21.08681351  24.50181875  26.38884592  21.30759919
  18.40807979  17.69694042  19.424171    25.60817606  24.94247396
  18.78833841  25.43886666  19.00525473  22.95623865  21.99920002
  20.15031358  24.84016611  15.92029741  18.50100515  22.4973024
  26.48173293  22.24512371  23.03253503  23.50795657  23.18182867
  21.35247031  21.13181328  18.81739122  16.96819092  22.487001
  21.65824248  24.47729645  16.38308307  13.03507277  22.10339024
  23.24969895  18.79449697  19.62785079  17.71043943  21.35247031
  21.13181328  18.81739122  16.96819092  22.487001    21.65824248
  24.47729645  16.38308307  24.50181875  26.38884592  18.30048712
  23.19255107  23.16113147  24.01603227  25.75582092  22.48052165
  22.95408798  26.9842765   19.84049929  24.9861401   17.91445167]","[ 26.88288457  16.37690427  17.27820699  24.5486529   17.29143963
  19.62829519  12.09689476  19.90208134  16.3088979   23.09625642
  26.05560895  25.18628089  19.09191306  14.69454893  16.6757373
  16.87958927  14.71271281  25.25840542  17.82015253   7.52521662
  19.66752364  11.31632167  11.31632167  23.19517769  19.42533822
  20.9408316   17.70061796  14.86729718  18.83361423  18.25680775
  26.14643203  13.57696868  19.69177739  24.55496925  14.97661033
  13.11462087  15.61082642  15.81666813  23.15580755   8.66718207
  20.8916219   21.38176019  10.93624099  26.05789449  14.86729718
  18.83361423  18.25680775  26.14643203  13.57696868  19.69177739
  25.43556215  23.28868671  19.88145457  12.96451381  16.17356168
  10.93624099  26.05789449  19.34482269  21.53410886  15.0126344
  25.18628089  19.09191306  14.69454893  16.6757373   16.87958927
  14.71271281  24.55496925  14.97661033  13.11462087  15.61082642
  15.81666813  23.15580755   8.66718207  20.8916219   21.38176019
  10.93624099  26.05789449  25.25840542  17.82015253   7.52521662
  19.66752364  11.31632167  23.19517769  19.42533822  20.9408316
  17.70061796  14.86729718  16.7673562   20.29403385  21.25635945
  18.3414425   12.61363162  23.04990901  19.02428662  20.56103286
  22.36374084  22.97568497  19.29978147  25.96681577  20.56064454]","[ 38.97737488  37.79598459  35.49236271  39.23618748  39.72006519
  33.75476538  33.00919947  45.21847717  35.72596583  31.41305368
  38.50380233  35.07495233  39.14104375  36.52916245  40.51184145
  32.5533082   33.61990132  39.19278372  36.4112747   46.04347888
  36.64618404  38.95484724  36.1077617   40.30724606  23.60986743
  38.31740042  46.72130113  34.00277416  36.42828243  37.7560119
  43.04340752  43.01833996  41.86183702  39.34834063  34.75994026
  42.98593414  45.65273601  34.67832221  34.30586927  36.04793157
  36.54578596  26.14109999  37.83558329  43.82060639  46.0972331
  36.68697592  33.78688036  31.95614726  35.03713877  42.33560134
  41.65102289  34.54014117  36.71085076  32.14644636  40.35593854
  36.1077617   40.30724606  23.60986743  38.31740042  46.72130113
  34.00277416  36.42828243  37.7560119   43.04340752  43.01833996
  40.33284069  45.11575528  30.12979643  41.7967259   44.04634134
  39.34834063  34.75994026  42.98593414  45.65273601  34.67832221
  34.30586927  42.53499613  34.49504204  36.52319862  40.63115555
  44.89734806  42.95766479  30.51265762  33.81992286  39.14941417
  42.55311424  35.93494921  39.55983467  41.28628235  43.55038891
  31.19034468  36.58939409  35.50110259  45.40890749  32.47240812
  38.00721225  36.0512299   39.84332857  43.81885814  38.76495294]","[ 39.93761966  42.73803737  35.61181418  40.12385348  41.04310876
  37.48069752  42.7253258   28.86341769  36.28329776  36.48171016
  34.54862923  36.02770601  46.59201698  32.78056323  37.46064458
  39.2965466   39.89654026  40.26324226  39.5079956   40.24964372
  40.74585057  37.4022139   34.21905852  38.66518162  36.03183802
  33.35959351  39.5967382   32.92717678  41.45696945  34.52859833
  35.06032508  40.27602263  39.38023775  39.60346382  36.92342908
  34.89311239  34.14611256  37.57198963  34.64656569  38.99153997
  33.79358683  44.95601299  36.00611724  40.21426822  42.7253258
  28.86341769  36.28329776  36.48171016  34.54862923  36.02770601
  43.62575935  31.87486253  35.52127049  34.27110928  39.49432649
  38.37787245  38.35016952  35.7710348   39.89218611  39.58920897
  38.52662751  40.58074831  38.91877512  34.51427054  35.36989555
  42.7253258   28.86341769  36.28329776  36.48171016  34.54862923
  36.02770601  43.62575935  31.87486253  35.52127049  34.27110928
  39.49432649  34.52859833  35.06032508  40.27602263  39.38023775
  39.60346382  35.60134038  38.75872044  33.73698657  35.45266391
  38.33724381  37.16071509  39.54377482  32.12619195  40.58211194
  36.07499494  37.28379634  41.29244283  36.56803315  38.82828964
  31.7864943   33.54972777  37.21110068  37.44346887  37.85426242]","[ 38.13716724  35.49099565  30.61580548  36.99622228  34.86320421
  37.10893071  36.10463068  44.01437082  35.60654383  35.7528116
  40.2197816   38.80393229  38.98464764  34.36744072  40.92282998
  39.7662601   40.92202426  40.88135661  44.98187735  41.34397328
  27.39462716  37.53596004  36.00708014  41.92524716  43.61818378
  41.62354602  45.37901336  44.3507985   41.18040469  35.44784531
  51.78294478  35.60654383  35.7528116   46.20344137  29.79545379
  35.49305538  35.16951755  41.56509766  33.10930423  40.7837837
  25.97378524  33.05843802  43.61818378  41.62354602  45.37901336
  44.3507985   41.18040469  35.44784531  51.78294478  34.3993092
  31.39408173  41.81550479  41.36833934  41.73477073  39.39475339
  36.57734232  46.75460049  36.70063258  42.17684703  37.50065062
  39.90721327  27.39462716  37.53596004  36.00708014  41.86052325
  34.05570404  32.37309223  41.53419148  41.25414302  38.95002934
  38.7284959   36.0350877   39.91670388  43.03481589  42.21833768
  42.59745016  44.75239711  43.33900035  41.59382486  42.19379063
  35.20460447  35.28938327  41.40269924  32.3735356   47.69436573
  35.42868781  38.21339784  45.14040568  34.52982915  40.04034641
  42.59745016  44.75239711  43.33900035  41.59382486  42.19379063
  35.20460447  35.28938327  30.52544472  43.84673047  40.59452451]","[ 50.05771859  50.78538962  44.18415847  42.94674054  48.97384985
  46.35884271  43.5819133   45.24215375  45.57224053  49.21388638
  40.73070644  43.49919213  45.14876285  49.97132323  43.71683329
  45.7686982   46.27625727  42.87098698  52.2224695   49.69710041
  50.05866841  37.0318264   44.14575317  47.62632004  52.04524533
  48.66739288  46.57151376  39.47702419  49.3526074   43.92608719
  50.05771859  50.78538962  44.18415847  37.61122473  47.67490558
  52.06132837  51.22132243  45.93355897  45.53693739  48.1929676
  47.30512156  49.30997475  46.58759996  39.35121727  48.66739288
  46.57151376  39.47702419  49.3526074   43.92608719  50.05771859
  50.78538962  44.18415847  42.94674054  48.97384985  46.35884271
  47.84899701  47.26465684  41.97980091  43.46838009  42.86986787
  49.46634991  48.3727013   47.08628376  47.80635101  48.39406642
  52.040315    48.49539844  53.74730295  47.818525    44.05188309
  45.64437255  44.22538373  57.87639105  50.45704602  47.94110793
  36.30706019  48.67345218  39.9517784   48.67928415  44.42201629
  44.14575317  47.62632004  52.04524533  48.66739288  46.57151376
  39.47702419  49.3526074   50.28466607  47.01976495  48.679586
  54.36058234  48.34119675  45.64912246  46.85766602  38.45401425
  45.54972399  46.76740945  46.24324904  46.89681225  42.50010652]","[ 36.47276497  31.53116859  31.09755783  33.58626169  30.62285996
  30.01806209  29.90471872  29.23812146  39.77718262  25.90594427
  35.54620568  38.89798209  25.86038457  41.85074955  38.20561427
  32.57899519  27.23505755  36.47718641  26.14946246  32.19453921
  35.89508842  27.7019501   42.49641669  39.32673937  29.78270242
  30.54017292  33.88770015  25.62231496  28.34687333  38.59956754
  30.74967762  26.32255332  36.37258658  36.71969868  32.37729491
  38.31712827  33.30641002  29.14860235  33.36834589  39.08556148
  37.89300532  35.93644916  34.65901435  31.56413289  36.90443442
  30.70810796  32.43212268  34.94499782  38.56945618  39.21451385
  26.33686315  44.58565166  36.98546838  32.37165892  35.9410159
  26.06132877  39.12175874  36.55385073  41.17567793  35.77197831
  36.02554612  33.84854878  34.79601168  26.43813059  29.9527473
  32.33893911  32.43212268  34.94499782  38.56945618  39.21451385
  26.33686315  44.58565166  36.98546838  32.37165892  35.9410159
  30.80481786  26.27957084  34.28794721  29.90520289  37.91395474
  29.71231592  34.89461901  35.7233905   38.24813955  36.5764857
  37.09742525  35.1417002   35.78364176  37.09742525  35.1417002
  35.78364176  32.35950587  33.56903933  31.98619109  31.92420626
  32.57538661  42.49641669  39.32673937  38.52579294  30.26595948]","[ 48.86285297  48.75822791  50.90646178  51.91079556  49.23305961
  51.45074638  48.99809662  47.72345264  52.22507598  47.75535982
  51.88174385  51.80478668  55.66469041  52.89104275  53.92964876
  49.20325282  53.80729281  45.10594033  47.75908036  42.64942582
  54.32703518  50.86392497  47.14695147  55.65855637  46.71882326
  47.55452944  51.35844694  51.56765181  51.86062385  47.766393
  52.03063515  47.1749515   51.2773708   54.32703518  50.86392497
  55.89792659  48.86285297  48.75822791  50.90646178  51.91079556
  49.23305961  51.45074638  48.99809662  47.72345264  49.55372121
  46.06121341  50.48354956  53.79540112  46.45698907  54.21216385
  49.4920702   51.16073116  43.35912945  52.57155083  46.46475698
  46.92555739  44.80686129  51.3996406   51.24106547  46.2371877
  48.1171119   50.1815889   51.43906691  46.38838206  52.318541
  45.45165351  50.4631962   48.97554608  50.47137926  43.52666748
  54.26327477  44.03247597  50.87783705  51.574933    51.37002383
  48.40369529  53.75372542  51.31652961  55.83584584  46.848354
  53.77066784  54.07129167  50.25109361  58.53037918  54.53441208
  49.85810599  55.5537086   49.95535743  46.54588084  47.16457569
  51.82078869  51.11825813  49.75108232  43.02347891  52.9258977
  51.01103068  42.06631094  54.87364292  48.88176344  49.56662176]","[ 29.15242867  27.44004123  29.59412665  26.02016414  26.61263128
  31.94720682  26.72599525  26.69113064  29.98473205  29.34223069
  26.04337978  30.64514305  32.71645391  32.60728607  34.23227601
  32.59851392  23.09443168  25.45106378  25.10667666  27.48964753
  36.16771928  37.90343055  35.636634    37.76714355  25.48800956
  33.67340096  36.25663002  15.5902042   31.63395859  26.33732091
  35.00419293  33.25956311  36.36693384  32.00384499  31.8796713
  28.26769217  28.05378161  32.74504139  27.80289042  34.97572472
  33.37742591  33.30905318  30.18379015  32.93713729  23.29309207
  32.07457149  36.68049675  30.60672278  28.25410253  38.68028631
  31.96108592  36.28157524  27.27575682  33.20014996  24.41523621
  26.66235089  30.273923    27.40828755  30.96737334  29.09750422
  21.88358539  28.18862577  27.63443411  23.29309207  32.07457149
  28.89755105  29.82064759  32.27756545  32.00384499  31.8796713
  28.26769217  28.05378161  32.74504139  27.80289042  34.97572472
  33.37742591  30.47360172  21.47521908  32.16468047  30.78742137
  25.92585243  29.66438215  24.04902029  26.73927002  24.41523621
  26.66235089  30.273923    40.48663649  31.60238422  33.2069624
  34.1087465   20.69850496  28.17105914  30.38148718  27.6001504
  30.13331632  32.03958724  25.34133123  31.39767318  24.70769105]","[ 44.67371495  54.18697732  49.29818788  42.68564599  48.95950953
  37.00612354  44.42000814  45.0992328   48.05272799  53.17607856
  44.7194352   42.84337648  48.19847003  42.34237913  53.07686848
  42.60295957  38.92730742  50.0176382   37.46420542  48.9850204
  48.97630961  46.18369262  44.98755864  45.84419309  45.1607782
  39.38838059  41.97902295  46.67199437  46.98122563  39.25265577
  29.75265685  42.95680291  45.91430918  48.11705007  38.0087176
  43.10976539  41.98228054  44.66372573  47.49726666  36.35273896
  34.18909584  38.01492013  48.81762659  50.37470241  33.70803771
  46.89644776  40.54674792  50.93065427  40.85974653  44.25778326
  37.71039647  42.77321749  44.60883319  45.61407457  43.5478537
  43.14989755  39.30616221  44.6341204   47.6021045   51.31313486
  44.67371495  54.18697732  49.29818788  42.68564599  48.95950953
  42.93053243  52.69629544  41.95976839  36.34172125  45.68934916
  45.67342564  48.23416146  47.33321277  52.32881658  42.0677636
  43.27133191  49.64773488  42.34987787  43.01476895  47.39337331
  52.620473    45.53296854  50.13504333  49.83366411  49.55525174
  50.42454334  51.80995499  51.03955184  47.10907178  43.53940237
  48.51800643  45.36898363  44.51272947  48.35126343  43.32682936
  48.92917318  46.32156627  42.31069058  42.84337648  48.19847003]"
"[ 21.44742938  24.3779784   26.76844487  23.00739138  23.57361066
  23.60593919  20.44580789  22.43727397  24.99812634  22.28230408
  24.24077892  23.08982632  22.24989742  26.37114619  19.63953622
  18.77436802  23.75790414  21.69413454  12.12279681  25.16855672
  24.74352713  25.35870368  24.57048349  26.53584546  21.96667757
  22.78913116  21.73343464  24.39725313  18.22963076  23.52085769
  21.91794496  17.76791312  24.8487668   23.46061238  24.84611157
  18.28341245  24.57570671  20.29251438  25.26533266  25.77425848
  20.15874111  18.94698369  23.20860999  18.07008387  23.14012577
  26.35937924  24.11348158  26.05265719  19.52403999   5.92100105
  23.55879829  20.97396211  25.11878652  24.53455698  24.74352713
  25.35870368  24.57048349  26.53584546  21.96667757  22.78913116
  21.73343464  24.39725313  18.22963076  23.52085769  21.38249319
  26.37114619  19.63953622  18.77436802  23.75790414  21.69413454
  12.12279681  21.94167934  24.91583044  23.87503596  25.44948399
  25.16855672  20.16181651  24.5667239   22.28230408  24.24077892
  23.08982632  22.24989742  26.37114619  19.63953622  18.77436802
  23.75790414  21.69413454  12.12279681  21.94167934  24.91583044
  23.87503596  25.44948399  25.16855672  24.74352713  25.35870368
  24.57048349  26.53584546  21.96667757  22.78913116  27.77386447]","[ 23.45703825  16.52453767  13.94819038  12.96735525  20.63199174
  14.96484747  14.24703555  21.39671332  15.45614526  19.68507214
  20.42759528  19.08616427  22.29768796  20.96532532  12.25218836
  20.52118564  18.25153433  18.30052348  21.1842537   23.45703825
  16.52453767  13.94819038  19.23636655  14.2566927   18.18297182
  21.90530514  21.94562231  23.42788717  21.76270503  18.48262145
  17.44556812  19.4457594   19.49671897  23.42788717  21.76270503
  18.48262145  17.44556812  19.4457594   19.49671897  12.77963577
  19.75943185   9.39892779  24.6565791   18.96642845  14.24703555
  21.39671332  15.45614526  19.68507214  20.42759528  19.23636655
  14.2566927   18.18297182  21.90530514  19.08616427  22.29768796
  20.96532532  12.25218836  20.52118564  18.25153433  18.30052348
  21.1842537   23.45703825  16.52453767  13.94819038  19.49671897
  12.77963577  19.75943185   9.39892779  24.6565791   18.96642845
  23.4598626   12.95549071  21.16982988  19.27449272  19.87640199
  16.37956081  16.2886382   15.95316458  20.62990558  15.74899826
  14.25133481  27.32074101  20.22324322  28.12726485  20.82312752
  21.91030049  12.53577825  15.26612819  20.8209324   23.7904561
  20.77619933  21.50893626  15.79164293  13.82050661  22.95953735
  15.88261153  18.13545796  20.84094643  10.22141718  13.70010262]","[ 35.11185898  37.77607205  39.91177402  37.05535888  42.1267027
  42.1430406   34.66961267  43.97368435  35.24893834  38.51012105
  40.16895204  42.33325338  42.3264017   39.69523102  34.87113543
  39.22361349  34.24678439  41.24929439  36.73382808  38.17920506
  34.63416918  28.69216828  28.77861173  35.67082392  37.6623447
  36.1593877   32.92540579  35.37971406  36.89261486  30.30871043
  42.88071706  39.12371134  38.8618012   37.1762544   40.55496539
  33.97728606  25.90337593  42.30370719  44.45765725  35.74475846
  41.29515329  35.24943116  40.40515504  36.24769439  39.54695498
  31.89206017  38.46522219  39.12935595  40.30048923  42.20800592
  40.37732493  41.71637348  29.01577079  38.81537133  34.87113543
  39.22361349  34.24678439  41.24929439  36.73382808  38.17920506
  34.63416918  28.69216828  29.19910259  37.50549797  35.60699664
  33.19559165  32.64775168  42.44856268  37.58603081  36.06288034
  36.24769439  39.54695498  31.89206017  38.46522219  39.12935595
  40.30048923  36.77027566  34.71228706  35.49809768  41.00669661
  32.34607781  42.61323649  33.45120925  38.69208058  36.14321747
  26.17547572  44.5802594   40.38331673  33.75101294  31.61197756
  37.34243995  33.40454672  34.53629852  35.81467688  40.79879233
  38.6349912   32.9101044   33.30482547  33.75101294  31.61197756]","[ 34.51539736  34.75553921  35.84040428  38.23467743  36.06562078
  39.17814777  32.60581695  36.47089571  40.76637479  32.46473071
  39.94400662  37.2260417   32.30086051  34.0480666   34.85790968
  36.31367595  34.8542453   40.51524871  34.820787    35.00475442
  38.11697244  30.72177752  29.19428635  38.51717281  34.26101474
  36.66630785  29.45309295  33.40548482  35.94225889  38.52741044
  37.90441184  42.95284599  38.01426756  37.04521777  34.21480467
  34.51719532  38.69952705  32.94395897  31.02857126  35.59787286
  30.1869979   38.56227163  36.54577198  36.9265168   35.20054099
  38.67180054  34.16565908  38.64188761  36.10743126  38.28822353
  36.84976914  36.201654    35.26196256  32.94884871  31.73162834
  34.44351776  29.87840786  36.91762819  35.30194639  35.11996898
  32.04048999  40.47453372  31.46385189  38.77346405  35.05657927
  32.60581695  36.47089571  40.76637479  32.46473071  39.94400662
  41.41775893  39.54270073  35.71358576  34.65258736  33.89444421
  30.15999523  34.70931066  34.53690239  35.34013157  42.19624126
  37.02800858  37.23064066  38.37310089  35.42552896  36.19363999
  34.0704785   31.73162834  36.15236277  33.78391869  37.60524926
  33.8243573   37.03226791  34.70931066  34.53690239  35.34013157
  42.19624126  37.02800858  37.23064066  37.03226791  34.70931066]","[ 46.26661838  44.83849715  40.73112102  46.66267269  37.342922
  45.74879721  38.90087743  41.99292225  40.00121692  42.43486764
  49.50166144  43.60193729  45.15766787  36.96800999  47.61645225
  41.77989663  47.90167351  45.09892377  47.38959787  40.51491482
  38.83842229  40.37216306  41.39684241  39.1757247   37.35166867
  36.34431412  39.4916827   44.53979931  43.55890447  44.18434746
  39.87166391  48.8955967   40.57943637  43.21758387  39.96420109
  40.29527454  38.13345033  42.20076765  34.5949147   46.87837667
  41.0718774   43.48431677  38.69550484  41.31914512  41.42862443
  38.44718511  39.44849747  39.25664275  39.30772353  42.68588616
  37.18419815  40.94630093  47.12915451  49.77256572  44.27866922
  32.60797113  38.90524865  34.58487365  35.1659903   40.84246576
  35.63262713  43.77321991  29.85426178  40.57943637  43.21758387
  42.26096858  40.39043052  42.57824037  33.45922028  43.60193729
  45.15766787  36.96800999  47.61645225  41.77989663  47.90167351
  45.09892377  49.12959125  41.47763555  44.82718251  47.27156076
  38.9477481   41.95765596  40.69626136  44.71789087  42.26096858
  40.39043052  42.57824037  33.45922028  32.25477323  46.81614124
  48.48406667  39.88882588  41.40544194  42.14756118  39.53470243
  33.18427533  42.47199061  38.28723033  33.17128933  38.82588016]","[ 52.2389836   53.28332183  50.75827687  56.127942    45.41157561
  50.56510874  56.10339562  45.85574301  45.76005955  49.22761407
  40.62954094  45.1387878   48.93624201  49.27043643  42.76580426
  54.005594    49.76889229  50.56232274  50.81796477  42.6763577
  51.75952779  46.85268989  43.29628697  40.74726094  45.17842666
  50.29118374  49.88279619  53.4956177   54.08249361  50.89416865
  45.58518681  47.50682671  45.95750853  53.49455593  47.16218444
  55.21523206  48.2590433   48.86186373  49.13203873  46.5905164
  48.14567616  49.98850413  48.61587291  44.9350019   48.72117422
  51.67919342  51.678122    47.54442305  44.16754701  47.79931926
  49.70020283  46.65961295  48.39889978  50.76121536  49.96095352
  50.89416865  45.58518681  47.50682671  45.95750853  54.21492959
  45.1387878   48.93624201  49.27043643  42.76580426  54.005594
  49.76889229  49.88279619  53.4956177   54.08249361  50.89416865
  45.58518681  47.50682671  45.95750853  54.21492959  45.1387878
  48.93624201  44.47800649  46.48547626  43.53974919  55.29487478
  46.9578008   50.08749959  44.431208    47.52733541  51.90211409
  46.8984459   56.0821742   41.8115184   53.72607394  49.93536052
  46.54858296  51.00962486  43.10806661  54.655343    48.4551079
  57.45685156  50.32542553  54.12056943  43.23539491  49.30149631]","[ 40.69818373  29.94042046  35.77088849  39.69705585  33.86828574
  37.18958549  40.25507795  39.37158631  40.83215444  39.73194232
  27.65760446  26.80767982  44.15343813  35.48315373  38.10710055
  35.64617799  31.50331431  41.09678618  36.89115256  36.84095065
  36.73272527  35.85444646  35.87833618  38.64476525  38.54567555
  36.07372852  42.10918868  30.98177891  30.68159108  37.00507419
  33.35806362  38.2929808   36.42749047  37.30921355  32.23004075
  36.95279827  39.59118098  38.13627536  37.44523286  41.98646812
  36.60236592  37.04496266  34.97433273  32.71366923  38.05469567
  30.39741073  45.95481667  33.56337342  36.47241467  35.04562443
  30.3812073   30.45775718  37.79270105  36.45905083  37.25398372
  41.62597295  32.57470989  38.38145679  41.64346012  34.99961986
  38.45439756  35.81562384  31.10340514  35.89978202  35.50873008
  38.53806962  37.11919533  41.10016013  40.13921963  33.68134731
  33.82372175  29.56462678  27.86205429  34.44337167  44.14869716
  38.30665036  36.64246111  44.40292736  42.09166608  37.11919533
  41.10016013  40.13921963  33.68134731  33.82372175  29.56462678
  27.86205429  34.44337167  35.12599718  32.74298932  42.05699296
  39.05305645  38.47596659  40.69818373  29.94042046  35.77088849
  39.69705585  33.86828574  37.18958549  33.8803455   41.23987241]","[ 52.84762517  49.98207784  47.35740137  44.09958698  50.54839989
  46.5150498   46.96189432  48.07867809  50.6352084   51.74389248
  45.13397049  57.84281172  47.71468343  43.33347826  53.85192172
  45.45511269  45.26955883  46.8800421   45.50143574  47.24814613
  51.12729068  46.31259361  44.55210944  52.04873387  50.27383325
  44.75475481  56.25446922  51.05387235  49.56409915  47.0430727
  46.79244195  46.36584536  52.50572263  59.27879738  49.85211138
  54.61214607  46.82655097  50.1598681   41.35104519  48.11185845
  46.43634567  53.90624251  41.06482181  51.93564139  49.77915314
  51.68045338  50.21496195  48.56879813  49.95652956  51.25587695
  49.91198506  54.3820452   45.49439898  46.42433523  48.69541985
  53.22391121  51.1329945   56.63382704  48.09964093  46.16238271
  50.66270673  47.48237668  46.77189005  56.21316623  50.56579569
  45.9060813   49.82433313  49.19273286  52.84762517  49.98207784
  47.35740137  44.09958698  50.54839989  46.5150498   46.96189432
  48.07867809  51.74322577  51.71449994  52.17697668  48.8652492
  48.36798556  53.86945036  44.08887961  46.66022405  51.87640309
  56.24089457  50.59081428  50.67759241  42.43441076  49.57765112
  51.74322577  51.71449994  52.17697668  48.8652492   48.36798556
  53.86945036  44.08887961  46.66022405  46.6354181   46.77535971]","[ 28.68125502  32.1639882   33.52512623  31.94351504  32.65679975
  29.71139448  35.62359905  33.33416653  19.49299655  30.30177991
  29.4805883   30.08779363  36.98454425  35.81338528  25.00638601
  26.87954741  29.56983417  35.46190826  36.76718991  27.7202918
  25.52942438  29.15938586  29.09976336  35.42156773  32.38994339
  24.13720736  33.36459921  33.1140468   26.16548783  29.46904287
  23.87920683  26.54685077  25.51225261  27.53936853  34.89390379
  32.51220208  30.33519127  29.59149602  23.84449253  30.0139361
  26.79646425  29.33069442  32.73216584  32.87180957  24.80759976
  26.47840925  28.80017319  29.96645889  32.94037283  33.06020683
  32.86314503  29.11396848  28.19078781  33.55870672  28.74929571
  26.69754343  30.9768523   26.15733486  37.06315088  34.4610621
  33.33890853  29.30327891  31.86038346  34.49869067  28.02554838
  23.17777729  30.9246893   24.30692885  26.39343505  27.70137666
  26.18125149  31.56528627  37.78606405  30.82776638  29.16525532
  37.75104388  32.06639773  29.16525532  37.75104388  32.06639773
  33.61552997  26.63234785  32.87714801  24.01147873  29.30857404
  24.80759976  26.47840925  28.80017319  33.31529379  31.4634482
  28.68125502  32.1639882   33.52512623  31.94351504  32.65679975
  29.71139448  35.62359905  33.33416653  33.99918625  25.5684338 ]","[ 49.5490319   43.01651116  54.01058972  43.82163958  39.6201567
  35.69584018  48.56055869  49.97201007  50.82907673  47.45690707
  36.87589337  47.23525524  42.38695264  37.66748877  47.94441577
  50.82142987  51.56342574  34.8234689   43.00478292  50.153205    40.3668864
  41.42910335  44.21020867  38.19629219  36.94935101  40.35671716
  40.45334112  46.28808058  47.55320664  44.92460304  43.01898459
  36.63004842  43.1824961   31.47741434  44.84080699  48.27880524
  51.22779603  44.37804122  46.59766132  42.10748695  38.66169668
  49.41733801  45.27857375  47.70367794  43.62180372  41.71670272
  43.62273239  44.90584096  40.79954885  45.15061031  45.05074192
  46.15015593  43.57599396  45.39515337  47.85964694  44.06574473
  50.88203449  49.73473806  44.26189199  48.69392007  36.6496121
  46.07274568  42.55676712  45.19350781  44.32981021  43.62180372
  41.71670272  43.62273239  44.90584096  40.79954885  45.15061031
  45.05074192  46.15015593  43.57599396  45.39515337  45.92823168
  43.21745346  37.18282789  40.16337059  50.039306    41.17853122
  44.59003067  44.43528547  45.57990896  48.4226596   38.93282974
  45.3002207   51.56342574  34.8234689   43.00478292  50.153205    40.3668864
  44.73445726  46.05337095  37.64570347  47.63634155  46.18816015
  47.93697516  42.17929587  33.44870412]"
"[ 25.38736373  21.7993087   24.34073032  22.98540404  23.00826144
  26.18920123  19.54331009  24.72405323  24.86314001  22.02052881
  22.30724578  25.19810978  20.46945765  25.27022506  28.12735953
  24.7054714   22.10681557  24.45823957  26.29844882  22.48917588
  22.61165604  23.87816165  28.35083234  27.09131756  25.75799174
  25.97962409  22.04193491  22.12051867  19.94646584  28.54358744
  22.51554062  14.92419223  19.5452465   24.4578794   29.89663468
  28.35083234  27.09131756  25.75799174  25.97962409  22.04193491
  22.12051867  19.94646584  28.54358744  22.51554062  14.92419223
  22.8592043   25.19810978  20.46945765  25.27022506  28.12735953
  24.7054714   22.10681557  24.45823957  26.29844882  22.48917588
  22.61165604  22.10681557  24.45823957  26.29844882  22.48917588
  22.61165604  23.87816165  21.07619278  22.42190824  21.8944506
  17.89037388  29.89663468  23.87816165  21.07619278  22.42190824
  21.8944506   17.89037388  29.89663468  28.35083234  27.09131756
  25.75799174  25.97962409  22.04193491  21.94821293  23.16783896
  21.88118428  24.51562681  22.2401813   22.53304162  24.26447928
  21.44035679  23.04350163  25.78123035  24.81825832  24.13019379
  22.38454427  20.21714326  25.85346021  18.92888562  18.36591723
  20.43370217  24.95754675  26.88976808  20.95161585  19.04188346]","[ 23.19289126  23.52426459  19.1425677   21.93766055  26.37058799
  23.40994643  20.42303566  20.56267702  13.10392657  29.3714803
  10.13285216  28.88862372  16.92874389  26.07087996  21.98878041
  21.9735307   20.49164045  28.87633869  27.93829545  18.28140276
  22.01529414  22.69911196  19.30426559  22.03950308  22.57096148
  19.56803479  21.1276949   14.85276787  21.86427469  25.02754885
  16.48343603  28.14948602  28.14948602  22.16548259  19.08099359
  19.05730639  24.5580762   20.38524817  19.53454474  23.33099176
  10.13285216  28.88862372  16.92874389  21.86547818  18.43020439
  19.53130536  21.57639945  24.91423964  16.63506656  18.6413008
  23.18647134  26.00365389  20.58668855  23.70687303  22.63715238
  26.03511832  26.15118232  20.67180036  25.98155579  17.66221687
  21.78077339  24.33806148  19.8725781   22.56418229  20.16917443
  24.32104861  21.86427469  25.02754885  16.48343603  28.14948602
  22.16548259  19.08099359  19.05730639  24.5580762   20.38524817
  19.53454474  23.33099176  23.54019251  19.14440665  13.72562853
  27.0025821   19.59021101  20.53521072  16.20389171  22.50146564
  15.21851787  20.16917443  24.32104861  21.78081818  21.67075306
  22.69911196  19.30426559  22.03950308  22.57096148  19.56803479
  21.1276949   14.85276787  26.03511832  26.15118232  20.67180036]","[ 44.68101909  34.72259404  41.21818472  38.19584186  42.90374049
  37.17202133  36.39340041  34.76060158  35.61094712  42.93304203
  28.9379916   40.08143296  42.2513554   42.15332946  36.8240045
  40.75416654  39.27071225  46.74844626  33.78720347  32.92449673
  46.31278383  39.25130102  38.82600132  47.03851051  42.57195351
  35.65971929  32.0524211   33.18782029  34.67322596  29.88220537
  41.66379404  32.43767403  30.8370291   38.73341639  30.06874701
  34.89344678  37.47465448  44.19086501  36.85044373  34.03935166
  39.74521573  34.41003634  39.36204744  37.63479238  35.21837553
  28.1496201   44.68101909  34.72259404  41.21818472  38.19584186
  42.90374049  37.17202133  36.39340041  34.76060158  41.83318237
  36.37355335  38.93300883  40.16073116  40.22971278  40.07696027
  35.0968658   39.24922334  39.28432535  36.2694919   34.02732842
  47.03851051  42.57195351  35.65971929  32.0524211   33.18782029
  34.67322596  29.88220537  41.66379404  32.43767403  30.8370291
  37.6511196   36.8240045   40.75416654  39.27071225  46.74844626
  33.78720347  32.92449673  46.31278383  39.25130102  43.31885066
  33.47274127  49.11392856  39.80296074  35.57092303  38.80789419
  34.33006282  42.50835513  40.99574726  39.72067458  46.53663745
  41.72195742  32.10163199  42.85563857  36.35250838  37.98701729]","[ 36.23562214  40.03109448  39.71833401  37.55797391  40.14154367
  41.88886892  35.05962051  31.24620277  36.14307142  41.48041166
  49.85306971  41.83489332  32.55973277  38.89903972  41.84147081
  34.21211651  41.85169535  39.64366909  36.95353835  39.49450874
  40.83561431  39.80911634  40.48991107  37.7924748   42.23903079
  38.09789464  36.97083292  39.48265265  41.62629287  39.86273877
  41.51028769  35.69718304  37.68599142  42.2324319   41.82042055
  36.72931108  35.12340271  41.4708545   41.83489332  32.55973277
  38.89903972  41.84147081  34.21211651  41.85169535  40.27946329
  39.29858919  40.83966385  33.38290285  42.55781275  39.42429626
  37.75850671  39.20960216  40.61409669  37.77002934  36.29118936
  39.0027584   41.54096718  41.35507805  42.7486922   36.69853076
  38.4486351   42.53778747  39.52517773  41.83305564  41.71458262
  36.38245249  41.73516613  31.53740841  43.44083383  37.59153674
  38.02181372  36.29118936  39.0027584   41.54096718  41.35507805
  42.7486922   39.0027584   41.54096718  41.35507805  42.7486922
  36.69853076  38.4486351   42.53778747  39.52517773  41.83305564
  41.71458262  40.48991107  38.82845978  40.50390187  33.910813
  36.28625852  34.97472141  31.00316964  38.09667107  37.38424898
  42.9666997   42.27344605  42.2268149   40.89613248  42.0191482 ]","[ 41.77072431  30.19404653  42.94691618  50.98914748  39.00681739
  47.92781771  25.58169593  44.46279856  46.81400167  36.15839048
  30.41817703  42.23950316  40.23647323  36.79554648  34.40613183
  40.33497134  31.4472744   43.06807324  36.36853137  35.48453528
  46.28537588  39.74563094  35.28733111  45.87607002  41.46041962
  41.86880296  40.28127303  46.49970051  34.09089492  38.89187173
  45.87935155  27.57834301  27.57834301  33.05642902  43.35087639
  46.33024396  35.96057631  40.45643894  39.59924264  34.55986081
  31.29147188  37.44083773  43.99417036  43.06807324  36.36853137
  35.48453528  46.28537588  36.010838    40.94685071  43.60313296
  41.71122757  41.19013419  40.47717651  40.02840098  40.2050274
  42.0748972   40.00778565  35.3083026   46.28900582  40.83389564
  46.15703147  35.54039233  42.32096022  43.72269125  45.5415169
  40.62162365  46.49970051  34.09089492  38.89187173  45.87935155
  27.57834301  33.05642902  43.35087639  46.33024396  35.96057631
  40.45643894  39.59924264  45.5415169   40.62162365  38.23625927
  42.31655056  41.48384975  41.59884384  40.44480689  49.16251412
  44.08638765  37.71614423  34.71601377  38.28807395  48.23505683
  53.82234517  35.84743166  50.06266851  45.07055911  42.77039522
  48.48884991  48.71498859  46.29676193  42.49755378  41.4379091 ]","[ 47.40389966  49.4013436   43.02656363  49.1374359   54.26354068
  52.14081697  44.20875181  42.82760454  51.08544234  49.87659256
  51.30389424  49.1374359   54.26354068  52.14081697  44.20875181
  42.82760454  51.08544234  49.87659256  51.30389424  45.36804593
  53.33070023  53.11040664  53.33070023  53.11040664  52.10698635
  55.10402183  49.20461486  48.38350034  45.3094361   54.38411403
  42.76283579  51.51555441  49.85458341  43.08676181  44.75587629
  45.00698189  48.31180285  46.25981783  46.63047792  48.24100614
  50.01113642  53.967533    50.15639425  48.17763374  46.59773726
  42.1174799   46.65921382  49.35554125  50.07562421  43.3494443
  49.66820593  50.86288775  49.75257956  53.91863322  48.77276804
  52.39830756  46.20727612  45.76672881  51.69408004  49.84338564
  47.58755695  48.7032948   38.17835439  43.07123788  46.25519777
  52.34522164  45.83703554  44.41990368  55.07867097  47.03370979
  42.37919661  49.74362326  46.41656726  43.70975754  44.6590536
  48.51730371  51.74202636  46.40521894  45.22687699  52.65977684
  53.34722467  41.37624439  54.00439489  41.61765677  44.86534118
  53.75909843  49.65533147  45.89396617  51.08544234  49.87659256
  51.30389424  45.36804593  53.33070023  53.11040664  52.10698635
  55.10402183  49.20461486  48.38350034  52.32603679  53.45441043]","[ 42.350268    28.39044382  33.05087818  38.10865355  39.91217976
  35.60341874  37.66980855  38.33865074  33.41270973  35.5513746
  37.71462593  40.55625819  47.46229922  32.86119627  38.18268688
  44.69795125  45.94567453  38.83024205  40.87606011  35.61135179
  37.37223246  41.25452524  40.34757122  47.58022529  34.25019772
  30.80191957  40.53600035  42.70078315  45.20690518  43.65697086
  38.22233632  37.9521765   33.47475898  39.05648058  42.89090803
  43.09328723  39.29717894  32.11891138  37.7228341   31.8613621
  29.08096148  31.38810505  29.12643623  47.22966647  30.80191957
  40.53600035  42.70078315  45.20690518  43.65697086  38.22233632
  37.9521765   33.47475898  34.73445606  37.62235927  41.40135178
  41.15798233  28.90896645  41.01132281  39.06129785  33.39818479
  41.47573551  38.1868336   39.60088192  44.9834477   37.81662356
  30.80597286  44.96389663  35.68898899  37.40912784  39.33862169
  35.13026966  33.02716704  39.67564129  37.03908452  36.45147704
  31.11716201  38.62234539  40.41047427  35.61450867  39.47264845
  35.28234142  33.86959438  31.83905825  31.67582423  36.602332
  36.72184779  38.25818276  42.51722648  35.0701699   28.48321186
  38.29126447  38.37339825  41.14820541  43.38698529  35.85085865
  28.46012273  34.13118175  40.0928596   30.42616529  35.42016063]","[ 57.25272     46.04711482  50.54878427  47.11654463  56.4404435
  52.86636094  49.93151853  58.01966124  58.22692716  52.4692217
  48.77493803  47.13455687  48.09917216  51.86512629  50.58144065
  50.41342779  49.94177453  46.35335659  48.87490543  50.52397798
  56.78932752  52.52084166  51.00190815  47.66658894  48.87300287
  52.16073591  48.52680003  48.26291627  51.37863794  52.98400686
  53.65625639  48.4247975   52.57092171  50.02762195  54.73504451
  46.5914246   52.93967573  51.83593014  50.75743295  55.43675307
  49.53092972  56.3356893   48.90690464  48.76548385  48.4247975
  52.57092171  51.2902922   46.48023828  55.38678586  60.0386284
  55.27019407  51.42261643  52.71786133  53.56263919  51.76171133
  47.7017596   53.41644157  53.24103132  48.83486132  55.96632017
  50.45297889  56.19271684  51.9478195   41.96843878  57.65928228
  48.74300185  50.82794053  49.37840531  54.18353218  48.47860684
  54.21895955  54.52821316  50.00682209  53.57830431  58.48206137
  54.6261166   52.72971938  59.33139344  56.6807212   50.06977643
  50.35251674  48.1820733   44.91422697  52.79813168  48.74072377
  55.28490238  56.57128924  52.93967573  51.83593014  50.75743295
  55.43675307  49.53092972  56.3356893   48.90690464  48.76548385
  51.22621842  57.43986431  52.84352119  46.48023828  55.38678586]","[ 37.26174372  35.35756774  34.55306538  40.13110179  31.6343999
  24.40128133  28.63498971  34.04048315  35.05237197  35.66672406
  30.25905677  29.74229383  30.02763351  43.0012859   31.10845283
  31.07107539  34.34514832  38.41702295  36.59968978  33.83769124
  32.26913458  29.53439024  30.48299532  34.94841736  28.98296825
  36.25002643  33.37225853  32.79461893  34.701389    35.52258798
  31.03048812  29.99650372  31.6523729   32.92082213  34.35981642
  29.74375126  34.77948139  32.35043887  30.83154728  35.39903662
  33.92566619  32.12345784  30.57234489  27.82914367  27.8299484
  36.21758527  31.7101546   36.91362271  32.32283436  36.55382123
  35.19206749  27.15531066  28.19742223  35.7525401   32.90385262
  31.17963755  24.42425453  31.20786499  28.03955417  25.10152208
  31.96983502  37.9806461   31.47023234  30.87950915  40.42697523
  35.52258798  31.03048812  29.99650372  32.34529843  35.45053588
  32.78172987  33.22739731  30.5454402   36.27362861  32.8810954
  20.89115594  35.85874783  37.67743298  37.26174372  35.35756774
  34.55306538  40.13110179  31.6343999   24.40128133  28.63498971
  34.04048315  35.05237197  32.3525079   32.18815861  41.18467877
  22.7085179   33.15344653  33.16776768  46.21048135  28.37459292
  30.28194745  31.98623489  38.39055371  23.87132572  28.03415303]","[ 43.62621814  47.66433271  43.74140696  41.23900865  41.50843081
  43.16961772  43.94496419  51.12211036  39.99420066  39.90712361
  41.64080128  41.61659366  31.70329419  43.40957415  38.11265307
  41.79780784  42.52677855  44.64328525  35.93872168  48.59695355
  44.2713239   51.12211036  39.99420066  39.90712361  41.64080128
  43.93463025  41.57012689  46.98004942  39.309164    46.56640852
  44.73546746  44.81743623  38.29297066  47.88366115  38.04490621
  52.76135681  40.70184547  51.02440859  47.98295331  46.14894834
  42.39383044  48.52298332  43.81219141  44.81743623  50.1662306
  48.75058361  36.25017929  43.54519749  37.12193074  38.79172469
  37.90185303  43.45972552  43.52303363  33.32698197  47.61832032
  46.67638827  40.55950731  54.35747239  43.25006747  41.71232118
  42.22447706  47.77651054  47.96639113  40.4321776   36.99426049
  36.9220779   49.70547104  35.1932654   43.68372123  41.95860807
  49.13049948  42.63971226  42.56111173  35.84852852  35.13106179
  45.01328924  47.09612991  49.93863993  42.03079301  44.27510126
  49.46680379  46.10163395  45.33776055  40.71287573  45.80034219
  51.5401233   49.38740248  45.42794211  42.4638775   38.84672664
  51.5748991   40.95437976  40.18569674  54.02893646  46.1026632
  47.27497157  41.91929321  45.28464979  47.61832032  46.67638827]"
"[ 19.69294062  20.11832724  20.37223796  25.06776209  20.17492006
  21.28969911  24.77321734  18.52896037  20.96414958  19.79364934
  18.05774777  20.33766567  23.68168841  17.9497358   24.66584879
  27.13744305  23.43432733  22.09010655  25.71898496  27.44003836
  25.76605407  18.01549604  23.03211468  25.01666436  28.711037
  15.34010274  22.75303128  20.56041547  16.27946059  22.63404187
  28.50197436  24.41881046  21.25713204  22.95733801  22.53712973
  21.94326229  24.06832926  26.99189248  20.83935984  24.12036325
  22.05520882  20.81979796  23.50839435  26.56301043  22.27333132
  21.42727951  21.22427588  22.91548472  17.93503634  24.01786354
  22.341051    18.68088958  15.91505665  21.29326723  21.84805945
  24.12036325  22.05520882  20.81979796  23.50839435  26.56301043
  25.39596164  21.03197522  22.65360487  24.02970749  24.25615489
  18.97043179  26.56301043  25.39596164  21.03197522  22.65360487
  24.02970749  24.25615489  18.97043179  22.27333132  21.42727951
  21.22427588  22.91548472  22.95733801  22.53712973  21.94326229
  24.06832926  26.99189248  20.83935984  24.12036325  22.05520882
  20.81979796  23.50839435  26.56301043  18.97043179  22.27333132
  21.42727951  21.22427588  22.91548472  17.93503634  24.01786354
  22.341051    18.68088958  15.91505665  22.73777891  25.46970495]","[ 21.22027146  22.12490663  24.58705452  26.86712209  17.15362888
  24.69925349  24.53465358  19.19142214  20.27151483  16.09961412
  24.05182974  18.09859713  18.17242372  27.54058781  21.17008928
  15.01712396  19.77944883  24.11899387  14.46052366  15.52995882
  25.39167053  18.53454689  27.05721666  18.23398193  26.37066273
  21.76780316  22.26487675  22.47248792  19.81664796  28.64540397
  17.20565513  24.63285709  16.43676018  15.95782276  27.05721666
  18.23398193  26.37066273  21.76780316  22.26487675  22.47248792
  19.81664796  28.64540397  17.20565513  24.63285709  16.43676018
  19.81664796  28.64540397  17.20565513  24.63285709  16.43676018
  21.43677185  20.78095756  25.61897067  20.1349024   18.420446
  21.42752484  18.45785398  27.71804745  21.59665048  25.53570096
  25.2975934   20.33510092  23.69564188  20.06403585  19.78653775
  22.24187445  19.77944883  24.11899387  14.46052366  15.52995882
  25.39167053  18.53454689  23.04512284  16.62653782  17.83018073
  16.47166126  12.25379176  21.43677185  20.78095756  25.61897067
  20.1349024   18.420446    21.42752484  18.09859713  18.17242372
  27.54058781  21.17008928  17.83018073  16.47166126  12.25379176
  23.09045994  24.63526357  21.93650074  19.78042588  16.56949767
  22.88643177  20.4714404   12.33343266  19.84641617  26.11049465]","[ 37.56808421  51.19195234  48.78303285  39.09679104  48.34321012
  44.43940983  37.50533559  45.41354467  44.02904743  46.76673807
  39.8516222   41.31275275  41.97592757  40.73291863  41.57289508
  31.90048807  45.57997516  39.17706931  42.29591241  43.43651171
  38.30059117  45.79577914  40.63850052  43.86167861  39.76685061
  45.78756902  42.8765835   49.19997112  47.40276158  44.80449778
  41.24331462  39.9515822   43.87773543  39.42941885  43.32729062
  42.87673161  37.46971555  40.26062714  42.97659007  42.81746343
  32.76331118  42.44045978  43.8935962   41.3116578   38.94901404
  37.89441614  45.51574088  40.63850052  43.86167861  39.76685061
  45.78756902  42.8765835   49.19997112  47.40276158  44.80449778
  31.40992175  42.4008957   44.561165    41.28257537  46.68799788
  47.44678863  44.98790857  42.40312274  42.19179422  48.64302028
  41.9719571   48.34321012  44.43940983  37.50533559  45.41354467
  44.02904743  46.76673807  39.8516222   42.07352377  40.13441545
  37.68036042  39.98481853  44.70770406  35.01153075  41.31200994
  49.04752519  40.38193677  44.61602771  43.54816474  38.26529369
  42.09164749  37.05750499  45.9735937   43.74471551  48.5912798
  42.86330668  44.28730908  44.74858054  40.62203193  31.62536128
  44.25813856  46.75517926  40.25736118  43.32729062  42.87673161]","[ 43.11685574  42.66040092  41.53056066  42.15850874  39.51702087
  44.28628846  50.07829817  39.39576693  52.93705852  41.7778119
  40.82853724  40.35440685  37.76954094  41.82825066  46.39600358
  34.20968044  45.37467959  39.33206539  50.83805638  39.44840273
  40.18476861  41.16086046  39.93019908  38.9428228   42.46003964
  44.74723638  47.78543148  36.26521681  34.97654916  36.42373025
  43.33811645  50.51298406  42.74669109  37.92554877  43.33207758
  40.19061742  43.60534848  42.64641989  44.01629374  44.83812829
  36.07744294  50.04868222  40.23921241  36.35206889  36.17082937
  45.76266304  41.78551719  40.5870848   38.00021324  41.48352571
  45.2603295   49.08502294  41.26387454  38.90479734  44.02971199
  44.60883085  40.97648855  38.55438019  41.89284391  37.92554877
  43.33207758  40.19061742  43.60534848  42.64641989  44.01629374
  44.83812829  44.07365901  45.35905987  42.6033372   40.55721554
  47.08472092  40.80609641  41.71397196  47.59412221  46.16663681
  51.50026852  43.07961772  36.61980003  42.41267358  42.45614548
  45.64012351  41.84110216  43.11685574  42.66040092  41.53056066
  42.15850874  39.51702087  42.66040092  41.53056066  42.15850874
  39.51702087  44.28628846  50.07829817  39.39576693  52.93705852
  41.7778119   40.82853724  44.07365901  30.36826704  47.48869469]","[ 40.95087232  38.11455831  38.69170716  25.9581298   38.71889322
  37.90787802  50.53471551  35.52037308  34.01328225  49.16923961
  38.99949636  34.98325195  43.56278238  40.60068389  38.7021422
  40.72134624  42.02301444  41.05121052  42.98378324  38.52178608
  43.99395779  39.8771598   40.07774005  37.78412117  37.54365206
  47.28922948  50.38609884  43.13168321  25.13942818  43.18261069
  41.03367255  49.0152049   36.26486221  43.5605176   48.04790997
  31.35450691  38.47603835  40.28129834  44.25055937  33.86499186
  40.84797721  45.70045465  46.17436119  35.49732383  42.02301444
  41.05121052  42.98378324  38.52178608  43.99395779  39.8771598
  40.28225664  37.9052288   45.35664274  41.65281771  41.67455087
  36.93654576  38.67780153  34.42453529  23.12395872  38.63719635
  36.59097295  41.4121886   30.27420383  30.49521141  31.30469701
  34.17592718  30.27420383  30.49521141  31.30469701  34.17592718
  35.79618535  47.89498023  46.4461367   42.36370106  38.68318518
  39.85703263  44.93292422  33.76654334  27.57285035  35.1067239
  41.22152587  36.3493934   34.98325195  43.56278238  40.60068389
  38.7021422   40.72134624  42.02301444  38.62620296  43.03421368
  43.64774969  42.99956454  39.56939854  47.39721031  38.89471079
  45.06570087  40.95087232  38.11455831  38.69170716  48.41069316]","[ 49.56795067  43.03134761  45.7804451   47.69268278  49.51970694
  49.48454983  42.75379301  49.99610852  54.82302447  44.0265572
  47.11485343  54.63846645  43.67873287  54.86650874  49.24158983
  48.13451117  49.56795067  43.03134761  45.7804451   47.69268278
  49.51970694  49.48454983  42.75379301  49.99610852  54.82302447
  44.0265572   47.11485343  47.0460568   56.57558368  47.31348537
  49.0454405   48.85597813  48.42395469  58.41180744  43.45641903
  46.93158399  49.37232142  48.48341747  47.02375309  45.67035572
  51.33724042  47.4728706   47.32986978  40.72324877  54.30592027
  45.56966673  46.83534666  51.00067747  51.3184568   47.61335396
  46.48823972  34.65870578  42.90900812  46.16476553  50.12481385
  45.41637061  49.35961555  54.10298852  44.50774709  54.18691386
  49.83161864  53.33940147  52.71706894  51.31135623  52.71323689
  47.96177978  46.8724965   51.73731334  49.89090597  52.52797637
  50.64275731  42.63398388  53.05919305  52.31343158  53.11834726
  44.95157084  52.34654747  49.24158983  48.13451117  49.56795067
  43.03134761  45.7804451   47.69268278  49.51970694  49.48454983
  42.75379301  49.99610852  51.11037053  45.6079357   54.35670162
  43.49881443  51.574404    53.45130273  48.39220921  44.2045909
  47.27719334  51.02837092  47.77858316  43.16691733  42.54322425]","[ 34.92624798  36.28741052  36.06338406  36.61772622  38.90302641
  28.33619522  25.70849535  36.21058704  35.6472145   37.31786945
  38.03979304  45.72551289  37.05333107  31.84586501  26.13631423
  32.94644935  40.43871318  36.51528872  33.32756233  36.17823228
  38.54919491  33.12124406  34.45132011  34.69491875  46.62728195
  28.08184136  44.83466992  38.45306084  37.20254248  35.08717326
  37.60370279  42.68083663  35.94410573  36.35854238  44.45938432
  39.24281098  38.03979304  45.72551289  37.05333107  31.84586501
  26.13631423  32.94644935  40.43871318  34.43850818  36.32563415
  33.75767679  31.12949622  38.72512099  42.80152789  38.71588946
  47.40806773  38.03141247  37.80422545  21.83503019  46.60300969
  43.08101529  41.19966326  31.96088835  39.18228545  27.51989852
  44.34562513  38.13594432  32.87963417  47.74112332  39.24226677
  36.06338406  36.61772622  38.90302641  28.33619522  25.70849535
  36.21058704  35.6472145   37.31786945  31.62397192  31.72506232
  42.2897504   47.17178667  42.52193089  31.13480286  29.59946977
  36.13979638  32.16494541  49.61321264  38.35707182  39.78128734
  35.59483528  37.76040191  36.17823228  38.54919491  32.9580345
  41.90502544  43.4713178   27.67333039  41.20618025  32.13542782
  46.40235199  37.80418032  30.78689939  33.67576574  41.0226758 ]","[ 47.84825409  44.28094687  55.9960662   47.85251404  58.35660238
  51.09320115  55.06875696  47.96695712  50.59343943  52.54886705
  56.1320458   52.1661228   59.57837131  50.67653765  48.97523077
  51.11959146  47.65538076  53.81116643  51.12437209  52.45925624
  48.93163162  53.36196078  48.371132    53.8861816   47.73359322
  50.38850058  47.75473767  48.27502125  52.65164857  48.8507468
  41.79072349  54.44486634  48.97523077  51.11959146  47.65538076
  53.81116643  51.12437209  52.45925624  48.93163162  47.64119642
  50.29037644  50.82601902  46.7870468   50.74694635  49.00779098
  55.12759525  52.26692482  48.04052203  50.80945751  51.58186413
  48.94942456  47.37605603  52.25703086  54.57904308  51.90966232
  46.49313902  48.31927507  53.41935132  54.88319296  52.78776674
  49.34703467  51.54422905  54.03842262  45.78154023  50.03314063
  50.03957475  51.89753736  52.80720401  51.90966232  46.49313902
  48.31927507  53.41935132  54.88319296  52.78776674  49.34703467
  51.54422905  53.73624533  50.28750741  53.30851794  46.69184809
  51.3206834   52.17533755  51.35377238  50.50919863  46.85192771
  45.62914176  50.59960306  57.93743671  58.0117829   56.28589052
  50.54764892  49.82670718  53.10378432  49.90104262  55.11362591
  54.5246019   50.03957475  51.89753736  49.110657    41.63024474]","[ 30.57020969  36.35024399  31.65918148  24.72562944  33.44968798
  28.33880624  37.91962142  36.83563935  38.73203347  37.27415994
  35.69554397  31.98570163  35.96392935  27.36620339  36.94196519
  30.59131392  31.94525201  36.07469429  34.90555108  31.97467036
  29.14268037  31.72821029  33.98280281  26.71016731  32.07019921
  32.90750802  26.57015107  30.62281657  37.5208623   26.9664501
  35.58850741  37.63208947  27.92600438  36.177178    29.59241804
  37.36727409  23.22909915  30.41565113  37.4892065   38.76734267
  34.23130552  34.26854489  35.19854318  37.43844492  35.69554397
  32.89765757  42.84676573  32.31819643  24.98057738  29.40458168
  34.35526515  36.62737071  36.177178    29.59241804  37.36727409
  33.98280281  26.71016731  32.07019921  32.90750802  26.57015107
  30.62281657  37.5208623   26.9664501   35.58850741  37.63208947
  27.92600438  36.13243673  36.52410935  37.27395844  36.63918864
  29.71357203  31.42177398  29.01909256  32.42229843  26.43317569
  30.67459049  28.84653355  37.30620244  33.63399544  31.68770002
  28.98798528  39.16495534  34.36524874  36.97452664  21.4070593
  35.98608236  30.21714534  31.25063948  32.97924356  33.17856731
  36.6601889   38.35245622  37.69989413  34.80830847  34.50207724
  32.76074929  32.55885804  30.7794953   32.53551922  32.11257131]","[ 51.22712199  47.06501844  46.4332468   42.33391672  48.25714196
  38.66356642  45.29621222  45.7078796   42.43506793  42.41229865
  44.62428613  52.1864979   46.99259605  46.26753719  49.38535533
  43.72576627  44.61708093  45.54898872  45.29196093  49.0469694
  46.16980815  48.26622267  43.41279394  42.39520627  42.6712365
  36.67048493  45.87919873  43.68525085  40.34477557  45.36484345
  31.26858401  46.49471866  38.23079433  47.67387269  39.46435461
  51.59915044  41.48794052  43.42244445  36.27714272  46.50731925
  42.3668437   44.25702622  41.39500508  49.35671676  45.14625197
  35.9885874   45.8577603   52.24852795  41.3188337   47.28448763
  46.48902437  48.00957756  41.5937307   45.74714619  36.66217848
  44.13402491  41.1233009   48.42985484  46.11233663  43.61132567
  41.77345796  47.47745765  41.77043888  42.61715917  45.42408155
  43.9003595   48.11950603  52.1864979   46.99259605  46.26753719
  49.38535533  43.72576627  44.61708093  45.54898872  45.29196093
  49.0469694   46.16980815  36.26580132  38.52989015  44.99644707
  38.17823538  40.27954594  40.41581361  46.47897638  36.75142459
  48.51481686  33.7483037   49.14427221  43.77561937  37.96950418
  48.32169514  49.87135561  47.75570783  49.82332806  42.18793992
  46.04848788  44.79564229  54.15594858  46.56652547  36.75142459]"
"[ 28.8329315   17.73630033  21.23122808  24.9450452   21.40391491
  25.91722454  23.53850013  21.69071194  20.99059297  27.20390108
  27.71654832  26.34638807  23.31826223  17.12177931  26.88910139
  19.73878128  21.70642823  24.42669559  23.04823547  22.75905033
  22.85992348  25.39466919  26.47670047  22.51096515  26.31898058
  22.45208158  22.52598315  27.20051751  23.31826223  17.12177931
  26.88910139  19.73878128  21.70642823  22.51096515  26.31898058
  22.45208158  22.52598315  27.20051751  23.31826223  17.12177931
  26.88910139  19.73878128  21.70642823  24.42669559  26.47670047
  28.75151679  24.4089733   27.96344088  25.41382132  21.86782728
  21.37247872  19.59276631  22.6676355   22.43449688  23.18319987
  22.67656166  24.42669559  23.04823547  22.75905033  22.85992348
  25.39466919  26.47670047  28.75151679  24.4089733   27.96344088
  25.41382132  21.86782728  26.05453751  24.11399669  27.75107098
  25.73985885  25.76894324  23.46563647  27.36502143  24.1112984
  28.33053956  26.02724687  24.22611286  28.05208133  24.12287508
  22.33093465  20.53000126  27.55776223  25.4568881   22.59586963
  21.60783482  25.26358959  21.23622786  22.72400993  21.32661257
  30.74474052  20.92729101  25.73966237  25.15151804  25.7428036
  24.85874885  25.11311023  16.51171282  21.5640497   24.4089733 ]","[ 25.64457254  21.11721263  23.27474836  16.94042011  17.79660005
  25.24901201  27.50507124  16.53314762  25.14138263  22.95128091
  19.71966246  24.61969575  19.64221119  14.23026738  24.01503398
  15.84631261  20.93797243  24.29123245  21.21844928  21.90206752
  21.20935082  20.21172874  21.54518305  19.57696138  26.43871488
  24.72451817  18.68684592  23.79239931  21.35223731  14.32206398
  18.08444487  24.91414934  21.4224656   17.53658307  21.52090608
  23.07081974  17.55441137  24.61969575  19.64221119  14.23026738
  24.01503398  15.84631261  20.93797243  24.29123245  21.21844928
  13.52703912  22.04724775  20.80154666  13.01069247  16.91761263
  24.40434036  21.52090608  23.07081974  17.55441137  24.61969575
  19.64221119  22.98330588  22.13736446  15.59376899  24.28192659
  26.55484003  22.48792133  21.75595194  25.64457254  21.11721263
  23.27474836  16.94042011  21.90206752  21.20935082  20.21172874
  21.54518305  22.98330588  22.13736446  15.59376899  24.28192659
  26.55484003  22.48792133  21.75595194  25.64457254  13.28025526
  28.26823636  15.74676913  22.70584148  19.93026686  16.25178798
  23.65817055  20.67705651  24.05384996  17.45719773  19.93315705
  13.52703912  22.04724775  20.80154666  13.01069247  16.91761263
  24.40434036  21.52090608  23.07081974  17.55441137  24.61969575]","[ 37.8093895   28.15515778  32.64139829  37.92801377  42.92012623
  26.18726028  37.33273625  33.5132079   36.10482855  29.66947244
  42.46726857  35.8731794   42.27588868  33.2173426   37.56117988
  35.50393239  42.4389751   40.73749481  36.94175795  41.13708411
  33.23806229  34.06267146  32.64139829  37.92801377  42.92012623
  26.18726028  37.33273625  33.5132079   36.10482855  29.66947244
  42.46726857  39.01662119  37.3532624   31.66414813  35.86021915
  40.39898224  38.96234629  38.15109624  41.45464574  41.24781287
  42.44087275  40.63877193  31.69039493  35.31228357  36.06777671
  38.45982964  30.51118905  46.04520738  34.59770395  37.50714178
  36.01829691  37.83890713  40.50914564  40.535423    39.26832152
  33.49791086  47.16823879  44.77167847  39.44713428  43.25801776
  39.57064722  43.50259049  40.40992729  31.9189404   35.45169831
  42.4389751   40.73749481  36.94175795  41.13708411  33.23806229
  34.06267146  34.79671756  32.85021437  46.14787819  29.2382513
  38.71881236  47.16823879  44.77167847  39.44713428  43.25801776
  39.57064722  43.50259049  40.40992729  31.9189404   35.45169831
  32.59978158  38.99546753  39.39095774  37.08978037  38.0795174
  39.09650669  42.42701261  39.95122645  38.83313534  41.30727288
  40.41266845  35.36087041  40.14641312  37.97064628  41.52329537]","[ 42.5256793   46.11983656  47.49695209  45.19667855  44.84336719
  48.11782634  49.73674311  39.55054771  39.0372719   43.03401314
  42.42403038  41.84563135  52.04983098  39.31436332  45.42255117
  46.76372013  46.38463897  44.06537618  45.32457833  48.20527385
  41.84358038  49.60902244  50.61798896  41.81034717  46.36927841
  48.02753276  45.04915916  37.95964972  44.05023018  51.7701485
  47.21495186  42.18117218  46.69688426  47.2375738   46.30009704
  46.33490192  52.87826978  51.50847207  48.88115511  46.74909301
  44.85885929  44.77032014  44.30320501  39.25847589  49.46072849
  44.89668768  45.35667378  49.3565125   51.24907109  47.23801656
  46.69688426  47.2375738   46.30009704  46.33490192  44.77032014
  44.30320501  44.72036204  42.73834446  45.36620015  38.87694843
  43.48525942  44.20349203  45.2832345   42.82024704  42.34343701
  46.5837607   42.71407218  49.75842253  39.96290625  42.69056876
  40.90703421  40.52772438  47.29638824  43.84549892  54.16158018
  38.83998492  42.34401194  37.31109745  41.39867383  43.93110445
  45.402463    49.00629575  41.85508276  47.72009864  36.70264361
  51.57622012  42.54146504  47.23801656  46.69688426  47.2375738
  46.30009704  46.33490192  52.87826978  51.50847207  48.88115511
  46.74909301  44.85885929  44.77032014  45.402463    49.00629575]","[ 23.89813771  32.32318803  28.23964168  48.21222126  32.96309776
  32.89694746  43.85508215  39.38873346  37.94549625  40.98675236
  39.50654832  42.82797205  39.82658711  37.17099534  43.50372397
  43.42486294  39.15299421  40.65369192  31.6486394   39.06184617
  42.21634704  36.84420982  37.70377442  44.49504923  40.89037841
  34.57299977  36.11652684  44.18341748  37.09331942  39.55514476
  41.41268155  37.09078195  43.52028399  34.73024438  50.77988837
  38.64077931  44.07405409  35.95973126  41.99582846  36.84420982
  37.70377442  44.49504923  40.89037841  41.44133108  43.91786873
  40.58331528  41.76686239  35.12998267  40.41133635  42.02688442
  39.00823572  39.91294235  38.89029454  34.35250942  38.88881378
  44.94180207  45.87622586  38.04607214  42.82797205  39.82658711
  37.17099534  43.50372397  43.42486294  39.15299421  40.65369192
  29.85335174  42.09904414  40.09301027  37.36168203  37.75990942
  30.71912511  48.6173      37.39125849  44.93869651  43.88306066
  38.65757539  29.51393139  36.1480614   41.4006912   42.93502376
  39.18005926  38.88881378  44.94180207  45.87622586  38.04607214
  42.82797205  39.82658711  45.02616673  38.65639792  24.82812094
  49.61106961  36.38900291  48.14016435  41.35535068  41.56650035
  40.12573795  33.90995867  38.89029454  34.35250942  41.22739023]","[ 45.45286735  46.8776628   50.96172481  51.79248515  45.37768818
  51.67894482  55.96321255  46.89834831  50.92723498  50.07728352
  47.07593307  43.21840155  50.4273583   47.81954875  52.62050196
  45.3447945   47.60555354  47.2205551   42.58031842  51.89584576
  51.95205204  50.76622457  54.84339522  48.72291969  47.72492816
  56.35719877  43.21840155  50.4273583   47.81954875  52.62050196
  45.3447945   47.60555354  47.2205551   42.58031842  47.2205551
  42.58031842  51.89584576  51.95205204  50.76622457  54.84339522
  49.21867622  46.91204962  53.32863974  55.14063611  52.51108833
  56.11994775  49.10671352  48.72291969  47.72492816  56.35719877
  43.21840155  50.4273583   47.81954875  52.62050196  45.3447945
  47.60555354  52.77882399  46.19277024  43.50001207  50.66897943
  51.46530496  52.39474533  43.93195935  53.28356421  53.60076652
  52.19531459  55.14302775  47.48198765  55.56818133  56.20636672
  57.58607009  51.84344067  43.43171598  52.4333376   47.30835585
  47.25522992  45.02535363  57.97535499  47.70760709  55.72914715
  51.59473932  51.60092542  41.72347472  56.03564226  52.52280539
  43.26727198  45.9029023   49.81884161  52.05076984  49.97121334
  50.11622702  47.71436889  47.99851812  51.71329281  52.29641042
  44.23576805  51.61898759  48.69219738  53.27142541  45.28403742]","[ 39.80775854  34.86623493  35.4788524   38.04357043  46.7085737
  42.54846571  37.25773787  26.29496402  32.13930616  38.79505871
  38.13933446  28.17059374  43.59658315  36.46560781  44.73531828
  38.49130093  30.46075535  38.86016268  28.92191791  33.67193763
  46.64702252  35.13768573  34.00457758  45.41971882  51.52728983
  33.6962776   37.80285917  47.16506409  34.90661339  33.5764696
  40.36425288  46.98819782  31.81089293  25.60160087  35.78952024
  27.18721451  43.6072214   40.42519542  29.27368045  31.0281809
  39.09109481  40.17736779  43.57526688  34.05794833  35.13768573
  37.27288336  34.86223965  38.89029194  40.17295795  27.36181825
  29.86785837  35.25180869  34.26830051  36.38244948  33.02118734
  39.66040088  37.60061669  35.54771167  28.17059374  43.59658315
  36.46560781  44.73531828  38.49130093  30.46075535  38.86016268
  28.92191791  44.96017698  31.86486743  32.95193796  43.80577567
  42.97036858  42.78654137  38.68674545  44.206254    34.75507261
  38.00738716  42.71256704  35.96594325  32.75932943  37.37243339
  40.09973788  38.07105128  42.22836052  40.46560301  38.32126398
  38.78691229  38.34756138  36.69000536  37.200011    35.09783188
  40.99488888  30.2641924   44.72204015  40.97362928  34.82884711
  39.22044993  30.96606063  41.37536408  38.04357043  46.7085737 ]","[ 51.27968531  57.92204787  53.02979825  52.80904546  54.8195831
  55.33606463  53.42440743  53.94122447  54.16231333  50.83805576
  51.52969251  48.38095292  47.68847512  45.29498123  54.95436757
  50.70437438  59.52110836  52.91497009  54.3323926   49.76177413
  53.11199774  54.91098093  54.817005    47.81453438  50.72345469
  56.8748195   57.86267045  53.15738605  53.62445617  50.88171182
  57.45509487  50.04451014  51.67057733  51.10595236  52.81462311
  54.18376908  53.43634863  54.35718051  56.53421676  49.67634729
  47.2487349   53.54868302  56.34840317  50.08425608  58.64579722
  52.46111646  52.0927903   48.86163353  51.27968531  57.92204787
  53.02979825  52.80904546  54.8195831   55.33606463  57.62381907
  54.94081496  55.43143334  56.0816494   55.91280521  53.74729291
  61.77604476  51.65139464  50.96827027  52.87674185  49.11057571
  51.45274887  53.00563237  52.2378756   52.74879413  56.25106917
  55.57014376  51.0078113   50.31923476  54.21406396  54.23611114
  48.20170072  51.45046307  51.24537458  57.89051892  51.43473489
  57.84916808  47.72582541  55.075033    54.23666601  48.56045093
  54.04999182  52.35298714  49.72858735  53.6114933   56.60891553
  51.55813794  52.30102685  54.78467024  55.05023756  49.58110679
  55.77900016  51.78292782  53.81037113  51.67057733  54.50452743]","[ 27.35040802  25.32660571  36.77607444  40.56748229  43.47154858
  27.91380918  40.82293405  20.62024268  35.98001412  33.19164293
  33.04380847  34.62147693  26.26831571  33.51082247  33.28437082
  27.27402233  31.20576193  39.47385766  28.44115888  35.72856224
  38.66247063  30.37820449  33.8829473   26.57458675  31.18767772
  37.02314265  37.01485873  36.01056206  32.58360416  39.69473648
  25.01003063  27.5396548   39.72663961  30.96429802  38.78043572
  35.24583263  34.06161446  29.65183169  38.2437339   35.64140732
  28.45356101  32.2119132   30.56289462  30.96810491  31.85733243
  27.41108233  28.38283944  39.59175079  28.50497852  29.2580681
  41.74682144  33.81168686  36.53627363  36.44436742  34.53464432
  31.85733243  27.41108233  28.38283944  39.59175079  28.50497852
  29.2580681   41.74682144  33.81168686  36.53627363  36.44436742
  34.53464432  33.28100138  36.90822911  37.47445461  33.1392333
  34.52163591  28.56718052  30.86247537  31.24536884  31.61911484
  35.42584551  29.54205196  29.07007116  25.92118992  27.6218453
  39.26670593  29.4247287   33.93887131  24.87212419  37.17515913
  36.26601077  36.41938119  39.72663961  38.14941658  33.80627913
  34.4847294   35.37507464  35.78439177  35.9127982   32.60677117
  34.62147693  26.26831571  33.51082247  31.59464704  29.80409973]","[ 39.17236481  37.5660677   49.77455182  40.73844617  42.17739853
  38.95264908  40.92535029  42.88518358  43.24160662  45.57199174
  40.23939247  38.87909858  37.35477404  48.82429587  34.62132105
  48.05580939  42.8802984   44.16623102  46.01245701  49.80778516
  39.09344019  44.56046975  42.43275986  39.87404553  41.03535795
  44.62649682  42.47163142  39.01277842  49.98117205  31.11634061
  45.07762388  40.11296659  42.14683157  41.56109075  42.09810246
  49.39213904  43.88542993  41.78647324  41.36862963  45.75508201
  40.2642576   25.86867459  38.8198814   41.19701101  49.09581327
  42.50794889  44.08848339  44.88239821  51.268647    43.83565634
  40.3786037   30.98821594  43.21340927  42.88547327  43.68163393
  41.14722834  49.09581327  42.50794889  44.08848339  44.88239821
  51.268647    43.83565634  40.3786037   30.98821594  43.21340927
  42.88547327  40.5838949   37.49847798  46.05888436  46.92747809
  24.50329291  30.09160502  42.65031363  47.75445336  34.29681451
  40.60356339  38.68548807  43.77682094  41.26941562  39.44760476
  46.1622281   39.34445257  41.33385387  41.92071757  49.44268584
  48.79225054  39.18088193  43.77353169  43.83621437  48.83345471
  39.66134407  44.64531043  34.66375307  42.77773215  36.25100527
  46.08347019  47.41983204  44.1133898   44.07082198  49.21046494]"
"[ 19.2888735   31.81701365  24.12475697  24.4048117   25.79510332
  27.64824477  25.11987698  24.18617562  26.71927105  28.37245873
  21.66511287  29.09171475  23.77485929  26.95324901  26.38999186
  31.23994758  26.628006    24.88992624  28.81384486  25.82460146
  20.12120616  19.2888735   24.41331131  32.15742516  22.54420038
  25.45260685  24.18054924  19.90169137  24.33261501  22.35786063
  24.64732091  17.47889311  19.70560332  26.628006    24.88992624
  28.81384486  25.82460146  20.12120616  19.2888735   31.81701365
  24.12475697  24.4048117   25.79510332  27.64824477  25.11987698
  23.77459465  24.23536776  24.31259958  24.85422197  29.09171475
  23.77485929  26.95324901  26.38999186  31.23994758  26.628006
  24.88992624  30.42766605  23.48905091  20.5585551   21.60166915
  26.09067514  24.15301017  26.90550764  19.82701453  24.63563887
  20.35663974  17.86027583  27.51511628  23.82056575  20.17967576
  19.67066663  21.80841098  23.72812089  27.0611972   24.56641388
  27.05007664  23.39710546  24.28333651  23.77459465  24.23536776
  24.31259958  24.85422197  29.09171475  23.77485929  26.95324901
  26.38999186  31.23994758  26.628006    24.88992624  31.81701365
  24.12475697  24.4048117   25.79510332  27.64824477  25.11987698
  24.18617562  26.71927105  28.37245873  21.66511287  19.68085228]","[ 17.36545782  20.49995291  15.1266669   19.00356613  20.69779216
  17.37399943  23.2553851   22.4565744   18.67170021  23.10317527
   7.94050727  15.13903749  17.08906782  12.2711375   17.68909924
  17.62590393  16.14999378  20.52909086  18.34947218  19.71736536
  24.34536377  13.58411637  19.71736536  24.34536377  13.58411637
  15.86171406  19.68802017  25.09751756  17.05125334  14.25943276
  12.79628974  20.32656242  22.11372886  18.67170021  23.10317527
   7.94050727  20.40253706  20.05206051  25.14747103  24.43621027
  18.22870797   6.05170411  21.50042413  20.80524726  19.68802017
  25.09751756  17.05125334  14.25943276  12.79628974  20.32656242
  22.11372886  20.96001653  15.90958818  18.28299778  17.36545782
  15.90958818  18.28299778  17.36545782  20.49995291  15.1266669
  19.00356613  20.69779216  17.37399943  23.2553851   22.4565744
  18.67170021  26.88635389  16.73584586  22.43005252  16.03561613
  21.05044551  13.90135046  24.34419555  18.52558472  24.26524563
  22.46921103  11.99867383  19.88251059  14.57510586  21.84816606
  22.32300059  20.83239778  21.24220098  21.11247313  13.82857085
  17.23858576  16.93690388  16.41520284  12.2711375   17.68909924
  17.62590393  16.14999378  20.52909086  18.34947218  19.71736536
  24.34536377  13.58411637  15.86171406  19.68802017  12.69285123]","[ 35.25458622  43.20806659  44.83088624  39.43138741  39.18992126
  42.59478521  41.51173012  37.95868045  33.78321372  49.46636787
  38.37590219  39.56391358  41.6714413   34.42203026  41.25995904
  37.11119091  41.07743263  43.66866664  38.12454639  32.54181721
  41.13211838  42.76397022  39.31358261  40.41530966  40.61910012
  40.98742691  49.24769296  42.58248608  39.58539479  40.97818772
  42.96731069  38.46936975  39.74467449  41.20239063  32.90221756
  40.8881011   39.89872179  42.91213538  32.45158363  42.72253737
  52.39005896  44.50418233  36.13279527  44.7239047   42.32381387
  40.97202575  43.45775592  38.69605741  30.3432469   43.55331055
  36.25140701  39.71917827  43.21761076  32.73910291  39.56133678
  41.8842787   35.26221489  35.25458622  43.20806659  44.83088624
  39.43138741  39.18992126  42.59478521  41.51173012  37.95868045
  33.78321372  49.46636787  40.26111122  42.02372519  39.56391358
  41.6714413   34.42203026  41.25995904  37.11119091  41.07743263
  43.66866664  38.12454639  32.54181721  42.31126924  43.93149374
  37.27962759  35.7276378   36.8025537   38.63208687  39.72625618
  36.61397551  46.52211527  45.02258843  43.09687973  44.62464525
  40.02029889  42.71128746  36.79320555  38.8765243   43.0047822
  47.30657888  40.83972465  35.09694321  46.22130493  43.55331055]","[ 43.95713768  49.72103055  45.69492853  50.14023428  52.26590664
  50.24497219  48.63090841  49.51989937  49.44487163  47.81309957
  51.63849911  47.93198098  48.66676968  54.36114509  50.86931211
  56.81678379  52.94900232  49.44654706  55.76364694  56.53411326
  51.99100811  51.70450039  51.87326539  46.72665596  53.6965381   45.006572
  39.16635871  44.65914882  54.85324613  50.20014077  56.98510504
  43.74295065  47.8768071   53.01241608  52.04853919  39.45637569
  50.45853299  47.93198098  48.66676968  54.36114509  50.86931211
  56.81678379  52.94900232  49.44654706  45.69492853  50.14023428
  52.26590664  50.24497219  48.63090841  49.51989937  49.44487163
  47.81309957  51.63849911  51.34825968  48.9960442   51.34825968
  48.9960442   48.6207531   42.52047172  49.08088489  51.13201953
  48.65742135  52.81354208  46.64491008  55.90239434  51.79306033
  54.79812416  50.26181827  49.49453954  45.61400814  48.11117067
  49.16007531  54.65678826  47.0607594   52.72759099  51.08652217
  52.94266416  52.07500512  49.02150446  47.81282748  53.78058559
  53.47988071  41.6313279   47.61325982  53.12747233  45.33170237
  47.08998475  51.84053267  46.36157931  47.13709483  49.89402538
  47.11473411  43.95713768  49.72103055  45.69492853  50.14023428
  52.26590664  50.24497219  48.9158355   51.41404412]","[ 44.93130146  49.14946107  47.63848014  39.37085387  48.4113135
  53.37393605  48.71987555  44.74315946  46.28482088  43.78809141
  38.1992308   41.99141276  38.16958623  26.72173321  45.06953376
  30.61362904  49.67244405  37.3709659   44.93130146  49.14946107
  47.63848014  41.5957605   37.68191019  48.87163977  47.2238879
  46.38395015  48.74416519  51.76222955  45.07326039  48.39782041
  47.20326043  45.28273888  49.67244405  37.3709659   44.93130146
  49.14946107  47.63848014  39.37085387  48.4113135   53.37393605
  48.71987555  44.74315946  52.66095292  52.42272099  49.62871139
  39.9205342   47.03009451  47.81602712  42.25030295  45.37845658
  50.48476969  45.92107251  34.77519535  47.3733501   49.62853292
  47.56502695  45.6128541   49.42557761  42.19735288  37.79151303
  45.32243056  38.22458051  42.48374928  48.55280578  45.5221498
  45.76460496  53.6936393   36.69727947  35.64180452  45.29929686
  43.61386083  43.60038109  51.13439342  38.40024618  41.20950836
  46.27103945  49.70235164  36.58410097  46.47583745  50.23471289
  45.00931197  41.83449493  43.15461118  51.27063613  44.28095405
  38.76104832  50.22750397  43.70945088  49.32439365  40.63780634
  49.96974355  45.38372766  30.61156284  36.73029834  47.04600596
  45.6508092   46.05586134  42.12001375  51.13439342  38.40024618]","[ 40.77528537  53.44240059  51.91884083  53.39906417  48.9844325
  48.64258169  47.90713061  39.33066856  47.6636113   51.86459937
  50.81394454  52.96082775  49.55872276  47.18926378  45.46943615
  49.11086075  52.83400618  50.45126833  49.32356471  52.022223
  49.64317513  49.86916723  51.2195945   48.06026579  55.11388305
  48.33413022  51.8810427   40.81834048  53.08399959  55.38315977
  50.28709453  44.71378524  48.64709342  41.3051737   48.69230911
  53.84908667  49.55499405  33.10461409  47.41295179  43.95313054
  48.32005813  49.86668922  52.18852941  47.52389334  51.80048541
  51.39343262  53.94075872  50.9020538   43.3908619   46.30135068
  49.79164157  49.22745367  54.17297223  51.33796699  46.49530451
  51.91884083  53.39906417  48.9844325   48.64258169  47.90713061
  39.33066856  47.6636113   51.86459937  50.81394454  50.68026825
  51.80048541  49.77750284  50.13142786  50.81674986  54.1160717
  45.83148389  46.0615809   52.21293981  48.6038009   46.26241763
  54.16964738  49.03529696  46.27886759  49.58326481  44.94134328
  48.85182262  46.41146864  43.56527406  49.04157179  48.47759719
  53.84060871  56.29832922  47.90713061  39.33066856  47.6636113
  51.86459937  50.81394454  50.68026825  51.80048541  51.39343262
  53.94075872  50.9020538   43.3908619   49.69765294  44.11943155]","[ 44.01035716  40.72494542  38.35655993  44.57891036  37.420216
  36.43263402  34.36733613  43.14090257  37.46818494  36.58734876
  37.90416455  43.37980873  38.64917875  31.60867116  39.74467976
  40.55057904  31.08776745  43.97792511  41.34852917  38.18377888
  39.81341182  38.72772289  26.1940354   40.7542837   38.59485821
  36.23344158  35.78912422  29.5037677   41.147041    44.38643534
  31.09342631  30.13892709  37.2126977   37.2126977   39.18233279
  45.19401483  40.84133434  36.19451852  30.99040967  36.08117899
  44.4350962   42.4636485   29.78680784  39.30812722  38.89568577
  27.53474016  26.1940354   40.7542837   38.59485821  36.23344158
  35.78912422  29.5037677   41.147041    44.38643534  47.56947444
  31.868975    42.55448757  45.01472758  35.78418604  42.88322781
  43.17096309  39.33724675  35.46098627  39.6741172   34.15236714
  29.57253858  30.38203225  34.0463087   39.01302248  39.82911968
  41.17435384  39.08144133  46.084111    40.06610135  42.66740267
  37.13240294  39.01302248  39.82911968  41.17435384  39.08144133
  46.084111    40.06610135  42.66740267  37.13240294  36.84516118
  36.11124716  50.00050254  30.62610548  40.46959334  31.57937149
  34.89104145  38.4593895   39.79085964  37.13937149  36.71042421
  36.53825869  31.77433583  41.46616192  38.44599414  38.68493498]","[ 50.25030837  51.25622344  55.67002437  54.65664283  53.95268217
  49.1779251   50.74119956  52.21344922  51.82414224  60.82136636
  45.58843117  54.78956396  51.60607068  58.23778708  50.99953202
  54.33775879  48.65723122  58.31069935  52.98183027  51.96114366
  53.07006093  54.24589309  47.27640092  50.73445579  49.81058483
  45.9721646   50.9185485   53.34432553  56.88032987  49.3278266
  51.65875288  53.13270236  42.70797293  49.55091259  57.84768772
  57.97396959  53.88801923  56.85367909  50.92019944  54.47310212
  51.71449521  50.75470154  55.99193377  51.53364116  51.75515191
  55.63718451  56.9572117   58.87508653  55.15230154  56.08888883
  45.23296125  55.59482438  51.19038308  45.4683971   52.6708838
  54.68394187  49.59086762  56.05497571  57.30586586  47.97395552
  47.08151074  57.53870689  50.66986844  58.30922421  51.72315739
  53.65606714  51.3816274   53.82984341  50.96443772  54.78956396
  51.60607068  58.23778708  50.99953202  54.33775879  48.65723122
  58.31069935  52.98183027  57.99861316  52.02112993  57.64953664
  50.65048318  55.5408671   51.75515191  55.63718451  56.9572117
  58.87508653  55.15230154  56.08888883  60.38917898  52.1245949
  52.06431618  53.48607074  49.88379678  55.43205099  53.43822633
  53.82852276  51.33332545  51.53571103  51.3816274   57.57614234]","[ 36.20160199  42.69971287  33.97648052  24.58844528  30.68485     37.88736542
  37.64899206  34.66097517  32.17601813  39.71500622  24.31369381
  30.4722247   41.33895685  30.26417147  34.00074641  38.15647905
  30.26513499  35.27484598  39.48026247  31.20621325  26.42052324
  28.87252013  34.7783262   34.27295712  27.83029182  30.86353003
  35.21178591  27.95622107  29.58021987  31.12188531  43.74244096
  29.65599349  34.7783262   34.27295712  27.83029182  30.86353003
  35.21178591  27.95622107  29.58021987  31.12188531  43.74244096
  29.65599349  33.21044937  31.20861417  35.1195275   31.20246039
  34.11553509  30.18985298  33.5690827   29.7967754   42.0081295
  29.62637338  34.64812767  37.05600926  31.20621325  26.42052324
  28.87252013  40.52703807  27.12036396  29.37164153  43.12254584
  32.85710755  36.11252125  37.06663437  33.9034891   36.40399453
  38.85640366  35.30023632  26.91406374  29.13940949  36.56608384
  38.34203832  35.95865312  35.54416362  32.01377882  40.32294191
  36.54507065  34.68604517  36.28303013  33.19367679  36.39392122
  38.78546423  35.29536134  34.01978746  29.10693368  31.90857202
  33.61663121  34.69184089  35.93975821  38.4651652   33.26813233
  34.34580444  27.1394765   32.73575233  32.5317949   29.67388889
  30.4722247   40.40174688  39.64875702  32.22517145]","[ 40.19201465  46.39474812  35.8857556   40.34011781  35.96541333
  43.95942025  44.69488495  48.1462584   38.12554278  43.51547908
  41.3198812   43.22516175  49.48393057  38.20898901  46.03910892
  49.80707797  47.12311179  38.92221968  38.41722507  37.19581703
  39.34360011  44.0919172   38.41722507  37.19581703  39.34360011
  44.0919172   28.5695267   38.4613632   40.58434951  37.82848057
  44.98554078  33.30081663  47.17383404  43.30919213  44.15980917
  35.8804408   42.940843    39.72176782  32.25426486  44.14951839
  38.70470313  42.40876386  46.51846     47.74613668  42.30818315
  40.19217063  51.66874702  48.04579137  38.54114208  35.43607346
  48.60326918  38.07916603  44.22673098  44.05349523  46.28607419
  47.55970637  45.427057    45.02612407  40.19538078  33.38667057
  42.43907222  45.94952911  43.28631313  45.34940189  36.11341846
  40.62503535  37.36971052  35.81164454  48.74470559  35.96445674
  46.13869491  42.46702806  42.28243568  44.48526474  42.96574025
  42.16436462  43.16544188  50.40411208  42.30818315  40.19217063
  51.66874702  48.04579137  38.54114208  35.43607346  48.60326918
  38.07916603  44.22673098  40.92999957  47.71726967  40.84981057
  39.87866242  42.61456764  36.03249191  40.78933581  38.0989209
  43.8640276   35.52598838  40.16443159  43.19554164  46.16121956]"
"[ 26.28058198  23.51141984  19.36440811  23.60608941  22.55756999
  28.04710319  30.62879142  26.32814234  27.32270911  27.97342621
  29.75218768  27.5364656   28.58282078  26.74695556  27.95163977
  27.14881085  22.41031947  23.79688138  21.45921045  22.59213573
  28.20597821  28.73156089  26.28058198  23.51141984  19.36440811
  23.60608941  22.55756999  28.04710319  30.62879142  26.32814234
  27.32270911  27.97342621  29.75218768  22.55756999  28.04710319
  30.62879142  26.32814234  27.32270911  27.97342621  29.75218768
  25.06431803  27.37352429  22.96349951  27.5364656   27.5364656
  28.58282078  26.74695556  27.95163977  27.14881085  22.41031947
  23.79688138  21.45921045  22.59213573  28.20597821  28.73156089
  31.83454812  31.03636295  21.36596897  32.25013398  23.06401554
  24.71493558  22.84064062  22.39450613  23.34283265  25.36918714
  19.50338475  25.67225135  22.21825853  26.62070603  21.88500565
  24.67596371  32.46245373  24.98061077  23.67170781  17.24109247
  30.76819537  32.68873651  29.75218768  25.06431803  27.37352429
  22.96349951  27.5364656   28.58282078  26.74695556  27.95163977
  27.14881085  22.41031947  23.79688138  26.0834243   28.61928962
  31.81953467  28.2331443   23.66681144  28.44784855  29.39160681
  26.23036267  26.17899168  26.5079974   24.68126215  27.13750435]","[ 20.15871102  22.44686833  13.98712084  15.18569784  20.87218034
  20.48651561  20.86680234  21.31346902  18.79236092  22.71342666
  11.1905287   14.29089649  22.89081975  17.07204353  23.68029943
  22.20386756  21.52662347  22.75590482  20.15871102  22.44686833
  13.98712084  15.18569784  22.0838624   22.7226279   27.3506891
  18.59133384  17.51107319  20.50751313  20.71546578  26.80020094
  20.99156158  18.09265217  23.75327272  27.97930311  16.66430956
  16.96601971  20.84078233  14.90830181  22.82374929  16.2897413
  17.30374114  23.33729764  20.360805    19.94641301  20.48651561
  20.86680234  21.31346902  18.79236092  22.71342666  11.1905287
  21.80086081  22.0838624   22.7226279   27.3506891   18.59133384
  17.07204353  23.68029943  22.20386756  21.52662347  22.75590482
  20.15871102  22.44686833  13.98712084  15.18569784  20.87218034
  20.48651561  22.48441703  20.57927076  24.60536422  18.72983066
  17.32233135  27.41748821  27.40721244  22.09093923  19.93895183
  21.03558966  19.43404379  24.30985692  22.123915     7.47513463
  23.60419211  17.74882809  20.69323407  21.72623345  12.99879505
  20.2297405   28.19202182  18.59133384  17.51107319  20.50751313
  20.71546578  26.80020094  20.99156158  18.09265217  23.75327272
  27.97930311  16.66430956  16.96601971  23.26154     11.44336039]","[ 45.16208604  45.74444086  51.04173559  43.85216271  40.11923366
  42.54223983  44.91026462  44.27976115  41.35553715  46.88485595
  40.08601826  43.84526411  45.16208604  45.74444086  51.04173559
  43.85216271  40.11923366  42.54223983  44.91026462  44.27976115
  41.35553715  46.88485595  44.02294898  41.73245506  40.74929862
  42.5444128   49.46039996  48.29584537  37.90166703  42.90495683
  49.62115491  46.13136887  42.76322245  42.58267299  46.43273654
  39.59951704  47.62661288  47.34079057  44.52913466  43.47272661
  43.59946571  45.04908104  43.99686605  36.32375328  50.15936498
  48.12755253  42.65043721  47.24108026  44.58588262  41.1549674
  43.11937554  45.40734368  49.26461022  41.73220653  43.44750086
  43.98949114  44.52557063  42.954577    37.6155274   40.581506
  42.80470719  44.17092095  42.85811558  43.87260549  39.81077208
  32.32204859  44.72871239  36.32375328  50.15936498  48.12755253
  42.65043721  47.24108026  44.58588262  41.1549674   43.11937554
  45.40734368  40.02636983  42.58267299  46.43273654  39.59951704
  47.62661288  47.34079057  44.52913466  43.47272661  43.59946571
  45.04908104  43.99686605  43.10684431  47.70337917  40.38241945
  37.54736251  42.06241285  39.46197377  42.51002879  44.80133019
  43.46190462  45.47579968  40.99926043  43.46158274  40.54424447]","[ 50.00614632  53.52701767  48.78087882  50.8391385   52.87385275
  45.53628884  50.88121345  55.99696409  46.48824004  54.35431929
  53.54822481  52.85556062  55.60314568  41.09255821  55.12753952
  54.5702547   57.94849483  54.44079652  48.51980646  51.46415016
  58.22787721  50.72790718  54.32286396  47.99853805  50.70807491
  50.49713432  54.35018728  50.54133607  56.47428674  54.08878514
  47.59928445  53.78266342  58.31516404  48.32344802  47.95028225
  50.62141975  51.81031366  54.28770517  51.97442835  54.91897121
  52.45918938  53.93297855  52.30450959  55.83323989  41.73916378
  54.68122321  54.97955762  54.0368511   59.47025563  52.9209969
  53.91272312  51.94443326  52.53878151  51.54692188  50.88121345
  55.99696409  46.48824004  54.35431929  53.54822481  54.77522689
  50.32594074  47.36699983  56.94150931  46.37274763  49.95407905
  46.48824004  54.35431929  53.54822481  54.77522689  50.32594074
  47.36699983  56.94150931  46.37274763  49.95407905  55.83323989
  41.73916378  47.7040534   49.94367146  49.66992156  53.05516253
  54.32286396  47.99853805  50.70807491  50.49713432  54.35018728
  50.54133607  56.47428674  56.30380492  52.14547175  51.98298394
  45.97489743  51.63744501  51.29479052  55.33292026  54.85022201
  54.3188964   54.50387676  47.80619504  47.20581527  50.30883719]","[ 50.04917917  46.71217116  42.2242755   51.775693    40.30606089
  49.94517899  49.3002469   44.51062     45.26555637  45.25115985
  41.06303251  44.16914652  39.27388478  50.66337429  45.69614218
  42.27221681  38.11790118  51.39174278  41.92092989  46.99327718
  45.21415107  43.98279856  40.83796837  42.28738197  47.26620794
  44.88727763  38.59768393  44.03350035  44.76160613  47.93120854
  38.78888868  29.68361314  38.99622674  41.92092989  46.99327718
  45.21415107  46.43609811  36.36195581  39.6068614   45.59525643
  46.47919856  47.19289321  40.38616774  44.78145667  35.71463189
  39.96516527  47.09329777  44.98412604  40.91821097  44.30626441
  45.48073577  42.19424148  40.53036988  46.06887481  45.83846566
  38.99622674  40.07317823  42.71444611  44.34616331  51.51241855
  40.94642031  46.82637272  42.56012391  45.00167649  46.28085361
  38.11790118  51.39174278  41.92092989  46.99327718  45.21415107
  46.43609811  36.36195581  39.6068614   45.59525643  46.47919856
  47.19289321  48.5691916   45.59185842  37.20549921  48.31286956
  45.2306606   37.98119999  35.71463189  39.96516527  47.09329777
  44.98412604  40.91821097  40.7505686   40.57047193  38.98014848
  43.21450959  45.1071891   38.2871447   43.1163925   38.7609909
  36.49402432  47.94245603  45.78984263  44.42159658  47.27584359]","[ 53.79453374  44.48293655  48.21846235  45.19343952  46.05845856
  47.75465011  41.42428496  54.1506258   55.00959905  53.97672709
  55.0457362   57.30230585  47.66513946  51.11256642  51.56223575
  51.81082922  46.72179919  56.51888151  49.37847225  46.47894992
  43.71635376  44.4064196   52.90889177  49.93646154  50.53047161
  52.44721985  44.18094969  48.54614519  51.01062409  48.21261748
  50.35766942  49.82824808  41.64632162  58.23658546  51.56586448
  51.60330911  51.92462386  51.16886352  50.67311155  48.85835219
  60.6284502   47.1740119   54.56584978  48.84011433  44.49026228
  47.22317243  57.1336448   46.63911334  54.97225943  57.30230585
  47.66513946  51.11256642  51.56223575  51.81082922  46.72179919
  49.65556612  46.62096374  50.41560908  51.50184747  45.75318872
  53.98576495  44.49026228  47.22317243  57.1336448   46.63911334
  54.97225943  50.41560908  51.50184747  45.75318872  53.98576495
  44.49026228  47.22317243  57.1336448   46.63911334  54.97225943
  57.30230585  55.33606466  50.38465093  43.70505513  38.77147067
  52.69034856  55.98599959  52.25629566  45.01999381  49.9775888
  44.47338181  51.70909326  53.31971461  44.63500238  52.30056603
  51.79331007  52.53580082  54.17545761  59.85938242  48.30218818
  55.29257013  48.91958512  42.65555052  48.8984049   53.93025752]","[ 39.7927304   41.95630341  40.05544518  34.84748809  36.05667771
  41.57973356  48.09622651  44.51122348  32.73696266  33.91110698
  31.41981143  33.45432074  43.70654314  34.75233401  36.29303741
  41.05643384  37.69006034  37.6294215   47.51673377  40.8295915
  31.91905979  35.1024558   37.26861294  38.70348957  39.48688604
  37.16163754  45.77621573  35.12458537  48.06536496  41.56374071
  42.63449894  47.64545092  37.91467811  47.56443026  39.98562572
  40.20251191  42.17098492  34.9393643   34.19286541  46.7170527
  45.37695754  40.67022895  42.66389553  51.63702939  31.15940418
  39.03207564  51.16545054  46.22279918  40.77089647  31.70135768
  52.71674895  40.72844586  38.32220791  41.49195522  35.34085373
  39.93589715  44.30196532  51.04912127  43.71020094  33.45432074
  43.70654314  34.75233401  36.29303741  41.05643384  37.69006034
  37.6294215   34.34931619  39.11466661  41.81162111  45.77113036
  39.89418185  34.58555918  38.85171073  35.07792685  41.70246189
  37.34218955  32.69742357  34.56428443  33.09531431  36.77410494
  39.69556386  39.90990023  41.74469844  40.06300535  43.35114576
  44.40694728  42.62559329  36.05667771  41.57973356  48.09622651
  44.51122348  32.73696266  33.91110698  31.41981143  39.21582013
  42.28997173  52.07225083  34.56428443  44.6416065   41.84156487]","[ 59.20382507  55.28284356  52.14595262  50.65291527  51.27795498
  49.78802921  55.93084242  52.88033071  60.02672807  56.98482276
  54.01696132  48.80370885  56.19244878  53.92501946  53.20726214
  54.86759431  56.21205092  50.52125447  57.99706448  48.6254438
  51.78908394  55.11701631  56.7520934   57.04354593  52.93068146
  50.70641337  56.39232456  48.94756753  55.23870085  53.84124112
  52.16462367  60.85585974  56.00578229  48.35930888  55.26898855
  64.78532983  48.00171734  62.4433432   53.40486516  52.57001729
  55.28752304  51.45219201  50.13912343  51.02123982  55.17975494
  55.27005672  54.27437621  53.1959628   53.84686901  55.40453469
  56.07861796  55.34604385  56.04789347  51.13259281  64.55867201
  53.12956896  57.30051547  53.52694663  58.23591692  54.63252835
  52.26564862  56.91260707  51.02961778  55.67486896  49.786427
  53.67375166  58.12754349  57.47705081  55.69748184  60.46530625
  48.92609895  56.05111578  57.29092628  57.36955968  55.18514631
  46.55941735  50.84867253  47.65507078  52.05773487  57.22007029
  53.08902699  55.27960204  50.48172037  48.55157195  50.76315686
  55.37141905  56.74818466  60.46530625  48.92609895  56.05111578
  57.29092628  57.36955968  55.18514631  46.55941735  54.96230237
  48.14016949  57.5362708   53.71045249  55.26898855  64.78532983]","[ 37.36907773  33.84715483  35.86105026  40.16250022  32.11908234
  30.87754635  27.18669326  40.24316182  27.50491046  27.84277164
  36.90671136  34.47310477  35.31420717  39.45104051  35.01215206
  34.41077919  29.62345607  34.82426591  34.51189808  32.27117414
  34.59729416  27.61260578  32.30298511  35.81144072  27.66586039
  28.51187167  31.34805325  42.2828207   25.22746143  29.58903081
  33.66249019  29.56603986  38.21545448  27.13479744  33.56040374
  36.33210225  34.72805929  42.05058099  34.96983681  31.51666153
  39.86095744  27.84509226  31.98209436  31.16319744  32.99308507
  30.30661483  34.99212794  31.1021971   29.06710547  38.96809982
  41.14067887  34.97089786  30.27542926  30.3075988   31.61075717
  34.97416582  29.9830856   30.35668666  36.28950139  32.54534141
  35.22420686  37.94946862  36.14815647  34.71963227  32.62263063
  32.5437894   36.30990587  36.19974597  35.02759906  34.11836974
  32.14548443  32.33517095  35.88253855  27.61260578  32.30298511
  35.81144072  35.36900832  33.78663507  36.11368632  37.63554085
  33.0407772   34.39610811  28.13095494  32.32406503  33.97597863
  25.52136711  30.763363    33.74306179  38.21545448  27.13479744
  33.56040374  36.33210225  34.72805929  42.05058099  34.96983681
  31.51666153  39.86095744  27.84509226  28.07825772  31.13593926]","[ 36.29534822  37.59179428  46.52482855  46.6762027   50.81489519
  44.14529025  43.2240959   43.20531205  48.13840465  48.7151516
  38.49610705  49.58765021  43.92813542  45.27040805  47.89357786
  53.7707438   32.91325593  47.38936031  49.16035488  49.91978959
  49.18178643  47.30565537  48.69065127  47.93991475  45.65947947
  46.45963282  46.56551464  37.4125418   46.85797222  42.17713014
  42.55298269  43.36997911  43.98413166  49.58765021  43.92813542
  45.27040805  47.89357786  53.7707438   32.91325593  47.38936031
  49.16035488  49.91978959  49.18178643  40.08273908  47.66107525
  40.68549933  45.24103811  43.75253966  43.00315193  52.31866699
  45.26794046  50.66084786  40.38839864  47.02409977  40.56256859
  46.05152775  52.69543358  43.29065154  46.11047764  46.8813238
  41.30708621  41.99600093  43.48553549  36.88414579  41.39691006
  48.19073374  46.27573573  50.85439878  43.14301754  44.37096806
  44.88030895  48.49150739  50.70890165  43.10060491  43.5173154
  48.14680835  48.61256691  45.24996547  45.23251203  38.72247646
  46.27917621  46.1354399   50.94620907  48.40229468  52.12229924
  51.43283884  49.84368638  41.5596549   51.80352483  45.62495773
  48.44516088  50.3199412   47.38423409  47.53033041  49.0988543
  46.47003258  50.66129112  48.37349703  45.59638821  45.43128133]"
"[ 25.61349718  24.12859415  26.35409352  22.01019726  29.22902337
  23.89171481  24.14378807  29.75344046  22.59018199  31.86364621
  27.33305628  24.65219895  18.58748651  23.87131064  30.4130815
  23.53459289  26.09550445  28.0036504   19.69887591  26.75599452
  21.33595914  23.84017786  26.33899986  24.86187525  22.52055056
  21.23138932  23.11242788  23.7215432   24.98009115  24.26998906
  23.62764232  24.35113474  17.70312033  21.84346443  25.20361169
   9.6033486   22.77781795  27.71679924  29.99885024  22.94021121
  16.57438661  29.13636621  28.33096845  26.95013655  22.54614985
  25.61349718  24.12859415  26.35409352  22.01019726  29.22902337
  23.89171481  24.14378807  29.75344046  22.59018199  31.86364621
  26.95013655  22.77316885  30.29950074  22.54614985  25.61349718
  24.12859415  26.35409352  22.01019726  29.22902337  23.89171481
  24.14378807  27.71679924  29.99885024  22.94021121  16.57438661
  29.13636621  28.33096845  26.95013655  22.77316885  30.29950074
  22.54614985  25.61349718  21.84346443  25.20361169   9.6033486
  22.77781795  27.71679924  29.99885024  22.94021121  16.57438661
  29.13636621  28.33096845  26.95013655  29.58647069  25.45023551
  31.87905771  25.4030807   22.51855254  21.98326834  25.6141975
  25.10090655  22.54287015  20.94569643  23.67094012  26.98199717]","[ 24.15485946  12.93708105  18.42737309  14.0459646   24.51956475
  19.70912787  20.05953622  12.27755927  22.80575133  23.78308701
  23.25770349  22.05344925  23.60979003  18.06949202  24.67901749
  19.69591998  25.50621761  25.97422688  28.32335997  18.66716738
  19.31442632  23.39049691  28.3236998   21.99528078  27.41788573
  24.47721938  17.09060623  23.52560116  23.0419267   21.00737828
  23.21240411  19.15312283  22.03092895  18.1322064   21.66894045
  18.4588492   21.78904261  27.89881677  20.5083456   19.25805048
  21.01565656  24.78569373  24.48998287  21.30907807  12.97568237
  24.76037852  25.32141414  21.19881467  23.74045176  20.56457628
  20.82047916  10.58082965  28.3236998   21.99528078  27.41788573
  20.05953622  12.27755927  22.80575133  23.78308701  23.25770349
  21.66894045  18.4588492   21.78904261  27.89881677  20.5083456
  19.25805048  24.78569373  24.48998287  21.30907807  12.97568237
  24.76037852  25.32141414  21.19881467  23.74045176  20.56457628
  20.82047916  10.58082965  16.30363953  15.93873319  26.86347883
  20.17438518  25.93497624  17.63127253  21.66738713  18.81624888
  20.96693809  24.13273832  19.01146473  24.15485946  12.93708105
  18.42737309  14.0459646   24.51956475  19.70912787  20.05953622
  12.27755927  22.80575133  23.78308701  21.86416006  26.48100772]","[ 47.18729577  46.28567721  51.59364028  47.35283024  47.06038682
  44.52442647  44.1909947   56.04567565  48.30523722  45.86902739
  46.33413433  45.73556046  48.39535127  40.29312591  41.55293893
  50.47668987  46.39377971  47.85910653  44.23803873  46.29838055
  48.95174469  52.00085567  42.13063204  48.36081954  50.62777506
  42.68964238  48.03024756  42.37178665  45.85719358  49.69893059
  36.54055049  49.18584587  51.42907344  39.74958406  46.99896762
  46.84172157  47.38256909  49.54398935  52.09345805  50.08328278
  50.30078797  45.68619329  43.17399899  50.94568573  41.64688693
  47.78709413  51.71557729  49.30484727  47.84890677  48.49779342
  52.2522406   46.41021501  43.88096597  46.11144131  46.93221361
  46.84683475  42.96031198  45.94348426  48.14836574  46.29492547
  45.70335635  45.87273162  49.89814357  48.02284513  48.15081119
  46.34797646  45.94348426  48.14836574  46.29492547  45.70335635
  45.87273162  49.89814357  48.02284513  48.15081119  46.34797646
  49.04668092  50.64862739  39.74958406  46.99896762  46.84172157
  47.38256909  49.54398935  52.09345805  50.08328278  50.30078797
  45.68619329  43.17399899  50.94568573  42.13063204  48.36081954
  50.62777506  42.68964238  48.03024756  42.37178665  45.85719358
  49.69893059  36.54055049  49.18584587  51.42907344  48.81768595]","[ 55.36051634  52.60618347  50.6872764   53.53067158  47.35802732
  59.74920743  54.609598    50.20902581  58.41632959  51.6038874
  58.06971907  50.67376105  54.21682707  59.21515341  50.27350033
  54.4550963   57.51506349  58.45335639  55.65708456  56.52930932
  53.00874427  48.8429206   52.76478035  56.77983634  51.74822447
  54.90775219  55.98369415  55.40699209  52.22399964  52.91993926
  55.36051634  52.60618347  50.6872764   52.70207427  44.36529598
  59.69620251  52.94852028  57.84687737  56.98642856  50.99550514
  56.50936272  58.46532426  51.05995979  48.77007361  50.44389136
  51.35542063  55.57210697  51.46571098  50.71179087  59.24826945
  56.70723533  51.71349924  55.38823899  50.33527362  54.02023287
  56.44826451  51.34477294  56.16767992  58.6807188   54.8112923
  54.48660686  53.66062824  52.76478035  56.77983634  51.74822447
  54.48660686  53.66062824  52.76478035  56.77983634  51.74822447
  54.90775219  55.98369415  55.40699209  52.22399964  52.91993926
  55.36051634  57.37364915  55.20144375  53.60722402  59.14768495
  47.90615441  53.56437025  49.9477031   55.42686549  55.63506892
  54.08451989  48.86264855  55.10366275  56.2567323   54.38025663
  58.88201857  50.29727637  51.70405785  47.79174588  56.99453199
  56.63771712  60.36812479  53.52697552  55.94695763  62.35713559]","[ 47.07584474  45.61450473  46.80688108  48.08990296  45.77186479
  46.90077105  47.67290462  45.25545141  40.39315298  35.61524828
  45.21902839  41.49909869  46.786165    49.11456966  46.51608486
  44.32606061  45.38411438  49.86636906  55.1359104   41.15077138
  42.803717    45.26199191  49.08925556  49.82284801  39.08855953
  45.71062294  40.70667274  52.42413553  50.1676378   37.42527067
  52.13634126  51.26107073  44.6857204   38.63838551  44.20638984
  45.18301615  47.33071235  44.3361088   45.40724864  47.32619506
  51.01655332  45.73138569  44.7429662   51.2308279   46.34707675
  35.78399589  51.64727063  47.21729759  42.09767959  46.67356288
  43.02518952  55.07663445  51.07996526  46.53633974  38.82868023
  47.67290462  45.25545141  40.39315298  35.61524828  45.21902839
  47.33076946  40.55620941  51.34379206  44.26646539  50.19989229
  43.33272308  45.35608047  50.22543381  47.37509352  47.48378229
  40.82245432  44.17191358  55.31586914  50.71148499  46.56305805
  50.52568396  45.27259636  35.61524828  45.21902839  47.33076946
  40.55620941  51.34379206  44.26646539  50.19989229  43.33272308
  54.57830741  42.12112217  39.10132065  35.93245747  44.5950862
  45.24710246  53.13277601  54.98192064  48.80852029  46.64842234
  46.57119005  53.11431787  48.85916733  44.17191358  55.31586914]","[ 59.86682423  48.68184414  50.2282835   52.10276624  57.97754772
  47.90890616  50.87062718  51.62846311  57.71918208  50.85614096
  53.57515105  51.77111994  43.46325629  52.80415325  46.68271743
  56.41210229  50.12262736  52.28628573  49.92615644  48.86520806
  59.20702419  52.91102256  51.97880282  58.02971925  54.94106717
  52.74323503  49.1610409   51.77111994  43.46325629  52.80415325
  46.68271743  56.41210229  53.23857565  57.29359517  54.95216989
  51.31917577  56.09250197  46.65380384  56.98169865  53.71876886
  53.0986089   55.55272332  52.0732089   52.28628573  49.92615644
  48.86520806  59.20702419  54.51344697  56.50080686  54.04187693
  54.1325696   51.07697023  47.52586004  53.60017687  54.27786325
  55.71448667  50.04778226  58.10650387  52.92580364  55.19328427
  50.76362974  55.93769568  52.18194078  47.99238674  47.79791668
  58.02971925  54.94106717  52.74323503  49.1610409   51.77111994
  43.46325629  52.80415325  46.68271743  56.41210229  50.12262736
  52.28628573  51.79839284  52.37770335  57.35595207  57.0773008
  50.91190501  45.56048945  50.83298404  53.26662997  51.38879856
  55.27130728  49.19012557  52.02909993  52.87104778  57.10949123
  44.65876253  54.07765566  48.89860913  56.52604547  54.96354428
  47.18467243  53.7123081   56.59640318  53.3569829   53.68131161]","[ 46.25398468  32.84285548  38.8323558   29.14634368  39.49521089
  40.28226958  38.39085272  45.54443739  37.16947774  39.92430374
  42.59578712  39.49521089  40.28226958  38.39085272  45.54443739
  37.16947774  39.92430374  42.59578712  36.75493346  36.61197565
  34.20746547  48.13246767  34.20746547  48.13246767  39.47798566
  40.12155609  40.12150891  43.03563742  38.82686604  46.21502104
  34.72505755  37.5029276   44.92804073  42.11623657  47.61307087
  43.01728757  43.74783162  37.86177959  48.77021777  37.65574851
  39.86646681  44.35848165  45.07899984  38.32801876  32.83734065
  41.70551221  49.33985381  49.83657427  41.4640073   42.39967923
  45.49015344  31.47472272  36.60631444  43.35427106  37.88765073
  33.4316063   44.54427249  38.44735988  48.63769268  43.78484264
  44.7346052   41.49575423  39.72284598  40.85809886  44.2326909
  32.00818865  47.42310021  35.778582    42.68191951  46.01253064
  44.34303649  41.04075341  42.81057892  40.32323637  42.36813447
  37.15401734  37.27145913  41.0498688   36.8067949   38.95092204
  37.34306233  36.69400345  36.01131872  34.39462805  46.61965987
  30.98088975  40.98036895  35.69166571  44.34303649  41.04075341
  42.81057892  40.32323637  42.36813447  37.15401734  37.27145913
  36.22779978  38.10052445  39.22450335  37.90211932  43.25209308]","[ 57.6826921   57.05250923  58.48786008  58.93328418  49.3102676
  59.32969254  53.75104172  58.51055224  58.15506068  60.08273704
  61.00326651  51.28213565  46.06703679  58.51999256  56.98124958
  56.93025909  53.82699503  53.19837513  51.43479175  59.49186425
  55.9156425   46.23938474  49.76848509  58.49929692  50.10681763
  47.76075561  57.08077068  58.39622852  53.76751872  52.22602947
  56.14916139  60.96757623  59.5329592   56.69419626  56.13303828
  58.11566824  55.49939123  55.31157263  51.00251336  48.43976887
  53.70547243  54.05571445  56.12452801  58.51595241  55.90267717
  51.65089538  60.69724092  58.40720478  52.09492452  51.81313543
  56.01083821  58.5577653   58.69290355  53.64110877  60.5679166
  59.22345377  57.93636595  60.71315549  58.5187735   47.24126019
  57.92422847  53.36889029  46.87945304  56.09509395  54.03829063
  56.84192506  52.79730863  56.12246562  65.7625512   49.05891944
  56.89195172  55.33061333  56.9422977   53.63964278  54.47613119
  56.58652708  53.29853781  60.71315549  58.5187735   47.24126019
  57.92422847  53.36889029  46.87945304  56.09509395  54.03829063
  56.84192506  59.56854714  46.76628179  59.86433802  57.30855706
  51.37806917  59.97959802  45.22154139  51.33510218  53.96047086
  58.21594712  55.73974863  55.56105576  58.25485934  60.69421682]","[ 25.45340935  28.02002829  33.53844875  28.22371882  19.35680149
  32.87812327  38.37291663  24.97710486  29.16143015  34.60740487
  33.37915563  34.80660314  34.8067717   30.24217229  37.16760557
  32.52472726  35.16050579  29.6705802   30.32650199  35.68611561
  26.32069083  26.51397264  40.27362532  30.81932268  27.64595334
  30.67863763  36.0088456   38.5633565   31.36036749  18.26355017
  32.07941573  38.30670218  30.38655969  35.09080891  31.52660621
  33.21208977  32.4196661   39.8979555   27.72212107  36.82387342
  29.06521165  35.33295969  29.70296352  28.16762736  36.44655801
  34.53266039  36.50925647  34.05049462  28.133434    30.61255355
  32.79397767  28.93552522  36.74027779  28.47246665  39.25324473
  33.06725519  24.57691899  30.19926769  26.70310552  33.59824308
  25.23117789  36.87414489  39.40535446  36.14991509  27.60200618
  36.52260269  35.09080891  31.52660621  33.21208977  32.4196661
  39.8979555   27.72212107  36.82387342  29.06521165  35.33295969
  29.70296352  28.16762736  32.82013712  30.68267258  34.26248193
  32.49791599  30.73817725  32.06790988  34.91426381  28.73165087
  28.35250532  34.43353146  27.58634971  27.64278903  26.74227085
  29.14038029  31.08659165  28.25450092  23.68343321  28.11665282
  25.00959588  34.63980084  27.51713688  39.40535446  36.14991509]","[ 35.55895992  44.40454359  46.52581974  46.51698863  42.47117226
  35.21273845  46.46563485  47.81089056  53.44056279  46.67853544
  39.70259876  53.64267905  45.89791553  45.62198192  35.24143658
  43.43291661  43.16857667  41.65866054  52.2907226   51.60282814
  48.1405913   44.07183944  39.32517593  42.58644785  47.11925203
  43.36561844  52.89192137  45.60002705  43.30162426  43.22323668
  43.22385668  50.20866607  45.60002705  43.30162426  43.22323668
  43.22385668  50.20866607  48.57126298  45.93780698  49.1387196
  50.23553515  40.83129147  46.65870021  44.32667458  43.90288377
  48.35459876  47.53720267  41.16616304  50.3011789   44.549834
  43.47235484  41.8012713   50.32716169  47.02540339  41.23596275
  45.35387926  40.65264992  42.33767544  44.70578337  45.21462003
  48.12722737  43.03847899  49.52694918  43.51198541  54.83750763
  40.90347606  39.41380682  46.43372592  45.46257253  46.6004977
  45.08340533  50.60869781  45.3600603   43.7056304   45.69673065
  50.42477461  53.64267905  45.89791553  45.62198192  35.24143658
  43.43291661  43.16857667  41.65866054  52.2907226   51.60282814
  48.1405913   51.27412462  51.87979626  40.7246489   45.23694665
  46.80522398  49.65595192  50.91669285  53.88489643  56.93235872
  50.69981993  48.62723563  47.00296604  53.590027    47.38235886]"
"[ 22.69741786  27.9043846   26.34928053  26.49139715  26.54968071
  26.85280828  30.17928023  24.44687907  27.60250814  25.93543759
  29.11352912  20.06468551  26.54968071  26.85280828  30.17928023
  24.44687907  27.60250814  25.93543759  29.11352912  20.06468551
  28.33299088  25.98538451  27.65497309  25.98538451  27.65497309
  26.96418687  26.0474626   30.09822593  24.7570736   21.55827872
  25.41507492  25.92630703  25.39847311  30.76068983  22.48318684
  16.65475433  31.52236299  26.30007958  23.57361627  10.85330633
  32.45954933  29.53412235  32.66447654  27.58194214  19.94302696
  26.96418687  26.0474626   30.09822593  24.7570736   21.55827872
  25.41507492  25.92630703  25.39847311  30.76068983  31.63417724
  29.97865792  22.48318684  25.93543759  29.11352912  20.06468551
  28.33299088  25.98538451  27.65497309  26.96418687  26.0474626
  30.09822593  24.7570736   21.55827872  27.69870313  27.07012388
  24.83571797  25.37901604  29.08887466  24.27750437  25.70545814
  25.52948694  24.84292702  25.36733052  25.07451425  22.69741786
  27.9043846   26.34928053  26.49139715  26.54968071  26.85280828
  30.17928023  24.44687907  27.60250814  25.93543759  29.11352912
  23.8913451   25.98904191  25.11381648  22.92299434  28.95664051
  32.15021024  22.60834118  30.83342955  19.73093846  24.07400989]","[ 21.65327426  12.81134655  15.31889139  14.14420563  19.34448511
  17.98145499  19.98714147  14.20458373  14.6425586   15.50797209
  18.32956921  13.64246087  23.63990168  20.92552825  14.33293114
  15.08110136  25.11222134  20.79583004  21.5693882   24.19053936
  26.76241667  27.95199421  18.32742567  13.22849415  16.42532908
  15.55378034  23.179276    20.95373917  18.25416093  18.61769257
  17.5177783   12.77795649  24.22763812  23.63990168  20.92552825
  14.33293114  15.08110136  25.11222134  20.79583004  21.5693882
  24.19053936  26.76241667  27.95199421  18.32742567  18.4609727
  21.1822566   15.62230282  18.79434108  21.53268037  21.49751443
  25.6943896   14.91082548  13.96341816  19.10856121  17.23525731
  17.23525731  12.22873525  19.151292    17.15094741  24.5872728
  11.29425118  17.84028188  22.59138342  16.60005921  10.56131263
  23.46237994  12.77795649  24.22763812  18.4609727   21.1822566
  15.62230282  18.79434108  21.53268037  21.49751443  25.6943896
  14.91082548  13.96341816  24.19053936  26.76241667  27.95199421
  18.32742567  13.22849415  16.42532908  15.55378034  23.179276
  20.95373917  18.25416093  18.61769257  15.9383923   22.89889822
  24.81562627  14.96766642  19.55688286  16.91746942  12.67067245
  19.46447746  18.37690904  20.92078792  14.95483695  17.12474002]","[ 51.44304383  49.55168883  50.12069925  41.25049563  49.79667064
  46.18205362  48.67492617  45.44928668  45.18741709  41.86936413
  46.84980806  45.01392049  46.99840025  44.82326662  51.46851119
  44.56338418  48.47365108  48.84228245  45.26691769  43.90388855
  44.57637278  43.5508539   47.5426659   47.47415857  49.26591437
  43.5521385   42.09571544  42.2956809   51.6377367   44.52733447
  51.8433467   48.4724869   49.75409597  50.27240534  44.49124782
  47.41143463  44.11215418  48.32530206  52.2200699   44.61211026
  44.99312225  47.1486111   51.42744188  50.240767    39.30088169
  49.07852391  48.02004339  51.02928205  44.2933176   47.49921243
  44.71117514  48.97452102  46.32800288  39.00967712  41.08168243
  49.75409597  50.27240534  44.49124782  47.41143463  44.11215418
  48.32530206  52.2200699   44.61211026  44.99312225  47.1486111
  46.38083911  47.71763936  41.05280951  46.24032161  46.92694789
  47.11874109  48.48274975  43.64071725  48.22755459  47.03788806
  44.27037267  44.18536176  48.33786827  43.5508539   47.5426659
  47.47415857  49.26591437  43.5521385   42.09571544  42.2956809
  51.6377367   44.52733447  46.84980806  45.01392049  46.99840025
  44.82326662  51.46851119  44.56338418  48.47365108  48.84228245
  45.26691769  43.90388855  44.57637278  46.45635263  44.9500525 ]","[ 52.63918282  50.38635053  53.43966521  50.68151485  48.01611714
  54.66797161  53.5638892   50.83464915  56.73013144  50.06491417
  52.5924933   55.6985167   49.55877263  61.36062826  53.47308446
  53.73706987  55.11227924  57.89490672  51.44219684  52.56667669
  50.96351003  60.54568556  50.96351003  60.54568556  55.15727873
  50.93950827  51.38231718  45.99013943  52.66614051  47.58236645
  56.12200069  47.05428877  49.34782696  48.97812869  51.18566671
  43.75550449  56.73155938  52.45819929  53.87984888  48.21779468
  54.92152837  45.5515174   51.13704557  49.52549536  52.56667669
  50.96351003  60.54568556  55.15727873  50.93950827  51.38231718
  45.99013943  52.66614051  47.58236645  56.12200069  47.05428877
  48.12530899  48.25618902  49.79122541  57.47852758  56.64906407
  56.44150616  48.20186797  52.6067211   49.33479011  45.1205365
  53.31511799  54.66797161  53.5638892   50.83464915  56.73013144
  50.06491417  52.5924933   53.71281026  56.50739428  51.00954863
  51.54546555  56.01433278  56.02786883  51.72968856  50.54604137
  53.84150216  53.33381892  51.64679298  55.35856249  57.02445729
  50.87907344  48.5300155   49.70553443  47.05428877  49.34782696
  48.97812869  48.37025691  54.56486184  56.45136669  47.85351195
  53.2163107   45.36957472  52.50644648  50.70428411  54.02459035]","[ 41.68892994  43.18830769  54.18477755  49.04263039  35.28507851
  39.57650905  39.99468957  37.49812838  40.00838048  44.65894872
  44.52448577  37.94248683  46.670747    33.49975649  31.90499949
  39.98365556  47.7292429   45.89910567  45.40888792  48.96910475
  39.4884777   37.17792424  46.94046198  41.01245115  36.80834381
  42.24446115  38.93499108  33.36849522  37.94248683  46.670747
  33.49975649  31.90499949  39.98365556  37.91880801  38.33444929
  35.74613265  37.65211942  48.86785012  48.66953067  41.44206938
  46.48004178  37.04566801  38.78811336  45.01843143  47.05159484
  48.25831145  41.50256502  43.56249889  47.15562916  46.4865896
  47.80789917  35.49034993  45.34409639  38.97218109  44.87751081
  40.37935875  46.87157497  48.72015508  43.65797727  43.07757668
  37.61931092  44.16993563  51.09020045  49.77304374  43.90857197
  52.70684216  43.84119638  49.09512753  52.55899003  38.96039757
  36.68230632  37.08745787  50.15260775  43.48285141  41.38781902
  46.29252646  42.70666695  38.67053922  44.36061724  46.13851253
  38.99545714  45.21924556  47.76634962  41.81318941  45.15024494
  42.35974518  31.90499949  39.98365556  47.7292429   45.89910567
  45.40888792  48.96910475  39.4884777   37.17792424  38.26789483
  45.74751863  49.22715138  48.30772456  37.11508461  46.55680046]","[ 51.75714914  58.39981256  60.15779744  57.69630239  55.99931261
  53.94589758  52.74784259  52.66950904  55.83452551  53.50247228
  56.47666113  53.47160226  52.2864362   56.41280631  57.43338484
  53.42795106  60.21364824  47.83704606  51.44549249  51.22370387
  50.38593359  48.3148725   61.76415968  56.749077    49.52962871
  55.15360405  54.63537077  58.43071841  53.81867233  58.2175024
  56.05302865  52.72992946  54.68459332  50.60511162  52.58346226
  53.74181663  51.17801797  49.20415961  53.21606392  60.0350509
  43.85060842  58.53341523  48.70112899  56.83027346  57.69630239
  55.99931261  53.94589758  52.74784259  52.66950904  55.83452551
  53.50247228  56.47666113  50.45505252  48.51651607  53.88672904
  53.88672904  56.94353292  56.11985231  59.83580427  51.3018581
  54.65364838  55.95490167  54.15044188  50.79134485  50.78980701
  57.02862838  58.34784008  51.84755345  54.27652834  48.57766785
  52.16596271  55.41508068  50.6720642   60.0557349   58.84557177
  55.7840604   55.04767364  52.74784259  52.66950904  55.83452551
  53.50247228  56.47666113  50.45505252  48.51651607  53.88672904
  56.94353292  56.11985231  59.83580427  57.27179367  45.9514284
  55.82212009  52.03568679  56.65178781  52.34413455  56.98603295
  47.43475064  54.76488863  47.48004804  51.52739879  58.93986294]","[ 42.23501262  32.06821106  38.6639805   31.18100996  41.37534368
  41.67571941  37.93761292  44.08326804  43.5977303   39.72697917
  38.9789736   42.04090457  34.71452835  46.97556945  45.42009858
  45.2780328   35.57770012  38.53825215  43.8475496   39.92403183
  43.86625084  39.41717784  41.33896772  45.52480008  34.48407798
  35.05281182  42.121158    41.62343579  44.27144848  39.05507129
  37.71297746  48.24969993  46.15433175  44.69068286  46.6013373
  42.58719245  36.49051213  41.98760974  49.65444611  37.22928367
  40.54585394  34.43915122  39.84085757  48.64128825  44.23655168
  36.08270991  46.19593274  49.80633226  41.73307966  39.50899768
  45.35751602  40.22185422  39.35623158  42.39077511  42.33545019
  41.45593055  35.0878839   38.17317717  33.0465609   40.199724
  42.36806757  41.80865302  33.56244533  41.7308625   42.63881267
  43.99017087  36.98057694  42.75527681  40.30484907  39.92862393
  43.43537731  50.57619815  49.45994577  42.53458257  41.51268274
  42.91961168  34.48407798  35.05281182  42.121158    41.62343579
  44.27144848  39.05507129  37.71297746  48.24969993  42.93071349
  40.59891458  42.33545019  37.78165595  48.50021613  48.64128825
  44.23655168  36.08270991  46.19593274  49.80633226  41.73307966
  39.50899768  45.35751602  40.22185422  35.72384949  52.34090758]","[ 59.96970336  54.58305337  62.72830645  59.17972358  61.22809916
  56.86725328  61.82351779  55.13976518  58.24153352  51.65595027
  62.20013083  49.37330792  58.3429825   57.96864229  47.38566102
  57.59338799  47.39763566  58.12452375  58.94186169  61.31630243
  55.9552796   58.2201358   55.22013874  54.693102    55.46553787
  55.14623712  61.24886803  54.82754131  49.08897828  58.88635081
  53.19687877  52.97822127  50.84859317  56.29608264  64.72018014
  54.93828213  60.84671103  59.56036281  63.0527534   59.11617689
  54.02120045  57.54382188  52.43496359  61.28893898  47.76377144
  56.75409769  55.90915193  53.20751748  60.72488527  43.89441307
  54.07369506  55.27257391  55.19581772  59.46058519  59.70077494
  57.48773458  56.85114077  58.28283807  58.40788143  55.22013874
  54.693102    55.46553787  55.14623712  61.24886803  54.82754131
  49.08897828  62.50715224  62.81925507  58.4263698   59.15923813
  55.00769558  60.58354835  53.62123365  57.22800143  60.08073911
  58.74461088  52.6300452   56.75409769  55.90915193  53.20751748
  60.72488527  43.89441307  54.07369506  55.27257391  55.19581772
  59.46058519  59.70077494  55.33562687  60.97480587  57.54789817
  62.04891678  64.66213591  54.21737021  55.48644524  54.80583373
  49.02074372  56.75696637  53.08443165  48.26389679  56.81050559]","[ 28.86768559  20.58857028  34.22143365  40.93281853  26.25365538
  29.27559774  36.41380648  36.21691737  40.3194874   32.84627323
  34.1908748   31.19808467  36.16535297  26.2899272   38.87473484
  41.44786726  38.25563581  29.8653386   39.2393637   40.76326586
  37.3384682   28.5382618   27.01262017  35.17480854  29.67827414
  34.16295198  31.88498808  32.57465044  29.74210768  35.25733857
  28.9403858   39.02511212  34.94438658  35.28829477  42.26197107
  29.79746627  36.68709864  30.8361968   38.92642744  35.50897369
  29.86320946  38.57060841  32.02176993  33.14623912  33.96600352
  34.94066085  33.28945672  36.85756157  32.49884729  35.77420084
  35.28829477  42.26197107  29.79746627  36.68709864  30.8361968
  42.05278252  38.35050858  32.50833804  35.5891531   37.99846859
  23.40103952  30.60368187  30.24146742  28.60375471  30.57280458
  35.40662103  40.14866415  33.23176889  29.34277188  31.19789154
  24.48442659  36.38121844  37.1460996   30.05882276  37.84919085
  32.33323157  42.25602001  29.32405058  30.06288677  36.97723485
  40.78629502  34.79269186  35.39554288  34.08717728  36.90935064
  31.84363276  27.37608736  29.32405058  30.06288677  36.97723485
  40.78629502  34.79269186  35.39554288  34.08717728  36.90935064
  31.84363276  27.37608736  29.7292462   35.96026959  30.35644136]","[ 48.97286898  49.85115962  47.42900436  48.35104808  51.03154832
  49.72258105  44.64251215  38.00933871  47.60842871  50.13174874
  42.07738612  45.77389882  48.85133508  41.76932753  47.24119084
  47.8885003   44.40514266  47.52708141  49.78498297  46.31239001
  39.84403221  43.48446469  40.86311585  39.30510784  43.03405489
  46.38103837  48.70717301  44.98346245  45.04247633  44.07616516
  44.48973807  45.94216198  49.17589923  45.70556398  45.60465853
  44.58389683  40.60123903  44.46328556  48.72890004  38.97478677
  41.50873085  51.27336302  46.88773708  48.1794617   43.60435908
  50.72072511  41.37141419  41.85198362  44.91038645  46.61140404
  52.6627881   42.46571618  43.90101074  45.68574521  45.29635258
  47.80031622  50.30016936  42.69082129  41.10049064  42.41714274
  44.24347719  45.70556398  45.60465853  44.58389683  40.60123903
  44.46328556  47.17017633  49.53400417  53.056095    46.77392676
  41.49354756  42.61172709  42.51766512  42.83951144  33.06984257
  45.48495699  40.90136849  50.92417491  46.98284971  42.35816669
  44.05441972  45.99424366  45.06650051  43.87552258  38.97807514
  41.45801763  49.41615975  45.91172645  53.36430521  48.55977548
  49.01890505  47.54133745  45.55269904  52.17091339  47.00822567
  50.24378879  38.58572018  43.3325711   48.97286898  49.85115962]"
"[ 25.12761769  24.08839069  22.02704571  28.00275385  28.87199124
  27.41259259  19.05443145  22.80675883  24.75572924  25.35988889
  30.42155201  25.69409266  18.17400358  21.12291876  29.10205114
  24.09931106  14.31913858  30.1650774   33.82564891  28.64402095
  25.56859521  21.19976331  27.27885482  27.85143429  23.98233417
  24.19268903  26.88694409  25.69409266  18.17400358  21.12291876
  29.10205114  24.09931106  14.31913858  30.1650774   33.82564891
  28.64402095  25.56859521  21.19976331  28.46606404  29.70005316
  25.93065922  30.80187962  29.27185855  25.12761769  24.08839069
  34.69799073  26.44139661  26.13100996  21.15893383  30.76967031
  26.45466089  29.49305365  17.7909665   27.67020647  22.59328813
  29.87233673  24.09931106  14.31913858  30.1650774   33.82564891
  28.64402095  25.56859521  21.19976331  28.46606404  29.70005316
  25.93065922  30.80187962  29.27185855  26.83074274  27.4520364
  30.2632617   31.22477933  27.27885482  27.85143429  23.98233417
  24.19268903  26.88694409  25.69409266  26.83074274  27.4520364
  30.2632617   31.22477933  27.27885482  27.85143429  23.98233417
  24.19268903  26.88694409  25.69409266  18.17400358  26.2803471
  26.66865227  26.01570539  23.9953443   30.30013244  29.83887423
  23.35414567  26.84145486  27.70001079  23.33390652  24.52112671]","[ 20.01354074  19.51259837  18.5347169   27.40410131  15.40016372
  26.90212363  17.62169913  18.86646345  11.71544142  25.572189
  20.93164637  18.57929524  14.7661455   19.07135019  23.58138739
  14.03301443  17.1997041   20.55855094  21.98813712  21.0894821
  20.0824078   20.09926114  21.76594104  20.0824078   20.09926114
  21.76594104  19.25629594  11.37112258  23.06397496  12.93828989
  23.0963069   23.07816111  25.04987488  17.91659613  17.70992454
  16.75496865  23.07148298  12.14441652  13.34162784  16.13908673
  15.1791479   19.89677944  12.79079114  14.82871789  20.09926114
  21.76594104  19.25629594  11.37112258  23.06397496  12.93828989
  23.0963069   23.07816111  25.04987488  26.43655785  19.46613034
  28.23643324  16.56789935  24.58421092  17.45861526  14.76993044
  14.82501366  18.51364796  24.23093471  16.6670129   24.41899809
  22.31774438  19.89677944  12.79079114  14.82871789  18.57929524
  14.7661455   19.07135019  23.58138739  14.03301443  17.1997041
  20.55855094  21.98813712  17.91659613  17.70992454  16.75496865
  23.07148298  12.14441652  13.34162784  16.13908673  15.1791479
  19.89677944  12.79079114  14.82871789  19.44854158  21.98067555
  14.23162002  25.82293997  22.60697834  20.0240587   18.88705608
  15.27998393  19.83846728  21.70686902  22.69214043  20.59751526]","[ 48.30308155  47.95130743  52.50343534  43.5224961   48.28022673
  45.258157    50.04047149  41.67061626  43.77666526  51.85493673
  47.35530221  49.07674256  49.02704405  49.12584628  44.21153426
  45.16581871  41.6629837   40.535756    45.79305349  40.06775188
  46.37238026  51.96153341  48.30308155  47.95130743  52.50343534
  43.5224961   48.28022673  45.258157    50.04047149  41.67061626
  43.77666526  51.85493673  43.77220556  40.8156015   49.72646744
  46.52089782  51.75150292  49.31932701  45.43653444  46.40907719
  43.55695305  48.48998052  48.06986565  49.0185477   48.49646872
  52.53846121  44.00933122  43.42678041  45.90126904  47.5196643
  48.40505041  50.17315551  41.66316577  50.27349359  46.54676727
  47.93559106  49.08256014  47.15758756  47.59218111  40.83384207
  42.73316858  47.52402712  47.43638198  48.178078    45.563994
  47.03675429  48.23733805  45.97240329  46.93947774  42.22635699
  48.52771523  45.44964042  48.7423035   50.83565594  46.82869424
  52.47760348  46.54676727  47.93559106  49.08256014  47.15758756
  47.59218111  40.83384207  42.73316858  47.52402712  47.43638198
  48.178078    45.563994    42.31991966  48.32993267  50.89914236
  47.35530221  49.07674256  49.02704405  49.12584628  44.21153426
  45.16581871  41.6629837   40.535756    49.20790036  41.71702176]","[ 54.88039396  50.69228739  49.60107657  49.95846399  46.5824753
  42.83475328  48.54790567  53.11518573  55.80759053  41.06144548
  41.80475211  48.83859215  50.76521069  47.91581312  44.25520324
  46.00469472  48.93777431  47.81816557  41.65169666  48.11536809
  51.18981597  50.09078282  52.44546634  49.05359522  44.15468786
  53.01146173  48.41067912  56.45497844  48.04650608  56.10702014
  50.61052209  50.76521069  47.91581312  44.25520324  50.88587847
  42.87541245  49.05359522  44.15468786  53.01146173  48.41067912
  56.45497844  48.04650608  56.10702014  50.61052209  50.76521069
  43.27554271  50.01920144  52.30907054  47.4180853   50.78148091
  54.32598575  47.42912618  44.02021919  43.65230795  47.35305705
  50.30114377  44.12377877  41.56028561  57.61450172  50.50358625
  48.67705542  47.78258564  43.76528663  50.08747003  50.88587847
  42.87541245  49.05359522  48.54790567  53.11518573  55.80759053
  41.06144548  41.80475211  48.83859215  48.26110783  41.6013196
  51.55378304  51.35023409  48.3902093   46.2756599   47.70864659
  46.2140639   50.28148708  47.10410772  51.54866732  46.74805322
  41.6676521   50.21577744  57.33148481  53.19630172  47.66829279
  46.26790712  51.95548186  49.98534016  43.92417677  45.91526182
  48.98755535  46.6187078   49.73477045  41.44005137  49.06034936]","[ 39.66242755  51.93011606  41.12207277  41.01431681  42.78809867
  34.6851577   45.30088881  36.0694217   37.80374643  39.55144497
  40.25015943  33.60371349  46.06304045  48.2526836   38.76422882
  40.9167575   39.17788054  43.31191159  42.61449453  41.25337944
  32.36094203  35.63355137  38.92294834  38.42400782  34.81367374
  38.39055814  37.74596777  33.60371349  46.06304045  48.2526836
  38.76422882  40.9167575   39.17788054  43.31191159  48.88285649
  45.82372634  33.8706459   44.74857059  39.28955064  47.02740527
  39.62058713  31.1035745   47.20797482  47.57586544  34.61992694
  43.0876515   43.65055882  45.8330294   48.34114517  32.86561407
  48.10496645  51.33320641  38.80374812  43.10414293  43.05649516
  32.91730166  40.41647324  51.54234332  34.56537835  34.6628183
  36.96174697  35.17423059  50.36810549  43.07404319  40.11321166
  42.83844485  49.87632506  47.13583426  40.24661956  43.36588276
  38.82653264  42.04246082  38.42400782  34.81367374  38.39055814
  37.74596777  33.60371349  38.82677963  41.64128779  41.47771104
  38.93308155  43.24457902  47.85439007  38.94289705  44.94237447
  37.32650938  40.29205689  29.50735676  43.45515904  47.41822331
  36.44126707  36.67347252  34.62398279  49.47389734  46.71145391
  43.66344406  42.86188184  42.09039104  43.24457902  47.85439007]","[ 58.42134585  55.15446832  55.674988    58.4360262   51.97532764
  50.66167249  66.27965627  63.50310525  54.63372194  61.15789088
  56.32955497  57.01493365  56.55509886  51.23047519  56.72977672
  60.9084206   53.06200103  54.94783547  55.15286362  43.40374627
  58.46899124  60.22818838  56.72977672  60.9084206   53.06200103
  54.94783547  55.15286362  43.40374627  58.46899124  60.22818838
  51.19803584  66.60487891  59.77541254  54.51934663  52.78054054
  56.09133363  59.15430927  51.28847327  60.40688975  57.65701418
  59.85311329  59.5366095   57.24224484  63.60153969  59.69197394
  49.94442698  61.44884783  55.81411641  51.6998445   55.61102265
  52.88122505  55.85537552  63.34267355  57.28726106  55.75494821
  60.22818838  51.19803584  66.60487891  59.77541254  52.0506884
  59.91057693  55.67231065  53.07127489  59.1399717   66.02657884
  57.4950419   52.9594762   55.36608378  55.29589047  58.94204146
  48.9688532   54.60848799  57.01588013  48.42884922  62.04893672
  57.63291272  58.5740762   54.31201345  58.37007557  58.06602707
  52.39190016  54.785512    56.83481569  52.73988307  55.63352882
  55.91059037  57.14194808  60.65808244  63.95050675  54.15043485
  58.20454324  59.20235337  53.90888212  50.83867679  59.75646305
  47.55310541  61.55700959  60.63750995  59.26092509  57.97255147]","[ 40.27358063  44.24273545  45.59403777  39.7086996   42.22666459
  39.53121368  34.40988543  37.81948919  45.96334842  34.47824172
  32.88782887  32.79706386  47.80994018  46.21638366  41.39294581
  43.89104183  47.5768356   48.48571618  40.89298164  40.33376821
  41.43893963  32.31824504  45.17494783  37.53716092  37.1259176
  42.11558841  42.10607276  36.27949999  39.18903065  36.80191725
  38.8441123   44.95297205  41.43893963  32.31824504  45.17494783
  37.53716092  37.1259176   42.11558841  42.10607276  36.27949999
  39.18903065  36.80191725  39.75363811  41.78907244  41.89494448
  44.03070485  44.33712485  47.13856354  33.75816743  41.04849087
  33.25090312  37.59486681  43.67339759  47.80994018  46.21638366
  41.39294581  43.89104183  47.5768356   48.48571618  40.89298164
  40.33376821  39.05604494  39.94832696  39.90437923  39.75363811
  45.41016385  37.8144321   42.86032742  41.67319508  46.52042053
  47.57839708  41.5856932   46.00472377  39.96532695  37.43385464
  42.65421644  40.29136086  47.6677404   35.17468534  37.99521972
  36.14827378  47.45008266  43.47379405  46.82758799  31.49396107
  44.09272571  41.66614485  38.18664722  40.23723122  46.06347691
  34.91693439  40.19352208  42.61359212  39.11142144  39.96075059
  45.8428949   41.3687343   34.21947608  38.01443467  44.8077308 ]","[ 56.83030685  62.4389989   52.50488973  58.44477479  53.50793492
  53.88567624  61.07863438  56.42700778  56.60844038  50.67054314
  60.96431394  62.40607912  55.01645751  52.71535598  56.45852213
  53.52689274  51.90558307  52.68785142  59.56456369  58.07084256
  57.50487167  50.57297584  50.55704615  56.03530464  48.8087883
  57.21773688  53.068315    58.00997238  55.32499989  55.25567156
  55.55543672  54.64948608  56.20428277  59.99266723  63.27253586
  57.48272065  53.68374577  56.68552672  50.86599852  61.05799568
  58.31944657  59.21252306  58.25698586  52.40259113  52.91163581
  59.91332085  47.71093739  50.06074585  56.22485007  56.91729276
  55.31067852  57.39289217  55.84286178  54.0981703   57.073972
  53.45866716  48.01112863  61.9789808   55.39215915  44.03629163
  59.86718028  58.32407547  54.94278268  59.7556794   50.65218968
  57.3294021   56.03530464  48.8087883   57.21773688  53.068315
  58.00997238  55.32499989  55.25567156  55.55543672  54.64948608
  56.20428277  56.8555714   58.27786616  56.30468588  62.9394623
  58.34792067  55.13559152  62.92197312  56.3121628   51.54422073
  50.95075706  56.81696308  58.77858703  45.97654794  58.44274293
  53.76509004  50.14488461  61.64668052  51.13889928  52.9078653
  53.23049869  57.03269642  52.22380343  53.88567624  61.07863438]","[ 31.03817705  33.24367427  36.96341521  31.03987868  36.43011434
  41.11334965  39.21995959  27.94291831  36.04606422  39.10772003
  33.96802583  33.80532885  33.56170779  28.97770004  33.52134895
  35.184349    36.01519961  38.27635836  24.86216234  34.90919735
  34.39371639  33.48856652  34.65138302  36.06213963  29.22125872
  28.86104689  32.06240401  36.19568359  39.39684194  38.39187882
  31.712466    34.39369977  24.41554945  36.04887663  32.95139419
  36.39825654  35.47392653  39.33698246  35.10273566  30.43614169
  33.79349018  29.21264158  38.13014018  32.06445646  35.5479692
  28.88479283  37.96863525  30.70261475  35.97084112  37.35651959
  34.49947417  37.33152195  38.425967    29.43384817  35.82495958
  37.76310434  35.09149381  33.26733339  36.02077193  32.0378128
  30.38611408  33.88002851  37.31975476  29.83434848  37.86585295
  36.22018418  27.09370135  30.53976562  39.30753529  40.18160426
  35.17934464  38.43970662  34.96863496  37.35958368  31.69961352
  37.28096621  36.04887663  32.95139419  36.39825654  35.47392653
  39.33698246  35.10273566  30.43614169  33.79349018  29.21264158
  38.13014018  34.96008987  28.27339367  40.38925229  29.82183213
  39.36345066  39.28807739  36.48113739  36.01361416  32.57899465
  40.28891229  36.28729965  28.36254612  37.89020137  31.00730812]","[ 45.79037674  41.35375582  39.29570898  42.33450922  32.62614754
  39.92541513  39.29766089  52.76630298  42.63848849  47.78944508
  45.01891559  45.35167428  44.28494841  39.01057184  48.59923226
  44.84806168  48.77017958  44.32139651  39.51880421  47.62706811
  46.48618025  48.03360515  45.76645146  39.99952968  43.35675897
  40.69956593  43.75022036  43.37424655  37.99711377  53.42237455
  50.07049974  47.46281659  43.45209831  45.79037674  41.35375582
  39.29570898  42.33450922  32.62614754  39.92541513  39.29766089
  52.76630298  42.63848849  47.78944508  51.70758886  52.71410704
  42.88173824  44.07880569  34.61458507  48.98261441  42.66405123
  38.12810871  43.65407202  46.87822569  42.30868766  44.81497613
  37.53874129  49.09612347  41.99642879  39.89752762  45.76645146
  39.99952968  43.35675897  40.69956593  43.75022036  43.37424655
  42.62852044  37.51645704  44.47120658  45.73840154  43.95825176
  36.35616794  38.98683022  42.12818461  43.57959139  45.43625757
  47.26528475  49.58365539  46.99853721  39.97738573  47.06818844
  48.10951856  44.2229756   43.66000784  43.23100428  30.6015451
  49.17276349  40.09228906  44.63430076  40.86603352  55.15797377
  45.19189757  47.5873258   42.34264895  38.73622826  38.2737257
  40.70473778  36.74576294  52.11391242  46.01205281  46.55860829]"
"[ 29.08833986  28.24920555  17.12051387  23.39211736  31.86553041
  33.93212259  26.17855218  23.38477582  26.53743858  30.95687669
  27.64182073  25.69162024  27.95542336  25.28169732  24.45438485
  31.65866329  30.42387612  25.4175293   26.07515108  19.71398746
  28.91507084  27.35728824  27.90546206  29.91718072  17.90332355
  31.0354176   28.49236148  21.28429635  23.66503144  30.4766526
  25.0885201   24.30685014  21.79154463  33.93212259  26.17855218
  23.38477582  26.53743858  30.95687669  27.64182073  29.81929443
  29.39596299  27.42332497  23.39457456  31.62067638  28.24920555
  17.12051387  23.39211736  31.86553041  33.93212259  26.17855218
  23.38477582  26.53743858  30.95687669  27.64182073  29.81929443
  31.62067638  24.51040234  28.86857611  33.95623285  22.26997291
  27.94601075  25.40130853  28.80490925  22.67400692  28.89907752
  28.86857611  33.95623285  22.26997291  27.94601075  25.40130853
  28.80490925  22.67400692  28.89907752  27.39954965  27.90546206
  29.91718072  33.06540027  27.53379091  24.57970004  24.98964719
  23.65326478  30.58682797  27.71747414  22.53444115  27.04031084
  23.83960335  28.32968778  27.64182073  29.81929443  29.39596299
  27.42332497  23.39457456  31.62067638  24.51040234  28.86857611
  33.95623285  22.26997291  27.94601075  22.55317671  29.34238624]","[  5.76109412  24.21799002  11.75849684  23.82210686  16.74869744
  22.92397173  18.58017816  19.58617318  19.18742601  17.68015587
  14.94883464  20.10258286  18.5286014   14.10041656  11.79609592
  15.75196191  17.48820489  22.08952666  19.3117068   19.23349253
  16.32128285  26.28386093  15.12492418  18.05733919  13.17974472
  16.50613237  24.85587252  17.73922774  21.60926365  25.03276113
  14.75359126   9.43260307  13.58333295  15.12492418  18.05733919
  13.17974472  16.50613237  24.85587252  17.73922774  21.60926365
  25.03276113  14.75359126   9.43260307  13.58333295  19.18742601
  17.68015587  15.68786702  13.29847075  21.35399537  15.09357786
   7.58266044  19.64265144  10.1725952   13.29854563  20.29001626
  22.83502526  23.49056188  11.65334817  16.98422418  20.13654872
  16.31416641  11.9946241   19.7291062   20.59072576  21.64067379
  19.0358082   14.75359126   9.43260307  13.58333295   5.76109412
  24.21799002  11.75849684  23.82210686  16.74869744  22.92397173
  18.58017816  19.58617318  19.18742601  15.68786702  13.29847075
  21.35399537  15.09357786   7.58266044  19.64265144  10.1725952
  13.29854563  20.29001626  17.77008903  14.94883464  17.73835631
  18.96873856  13.61543597  24.41382537  22.95797859  19.7677274
  11.74990001  21.43481868  28.53064386  15.82815002  17.11188978]","[ 46.95887067  53.33578796  45.24369672  47.65825083  44.36984738
  47.62293584  46.70753979  49.82634389  47.22026504  50.78728417
  52.02341332  42.38344345  46.5308076   39.84374343  50.11951296
  44.54382461  46.24606607  51.26721393  46.23858356  44.94087055
  44.45328562  40.49618342  50.95145771  40.18776252  49.54358652
  43.47322236  47.81636556  47.36371753  41.87783278  46.82467031
  44.86346927  44.62268258  51.28080806  49.88906282  46.70587023
  44.56626902  41.19715105  47.87871496  49.57378954  44.66114969
  41.62509744  45.46246407  44.90076364  43.11339242  47.65134836
  41.0867377   46.63251553  46.50897824  50.61862625  44.18322627
  42.17987851  45.69571654  51.85228996  44.95956752  44.83518076
  49.18945329  46.12926591  45.45476836  45.69100144  47.1921533
  50.62141265  42.59177729  43.92610599  47.33876944  44.75980754
  50.28315215  48.94218212  47.2227575   43.73760369  44.77095475
  47.89664984  47.20658764  45.81822208  50.43435978  49.42850403
  44.14755694  46.83608694  43.11339242  47.65134836  41.0867377
  46.63251553  46.50897824  50.61862625  44.18322627  42.17987851
  45.69571654  45.45476836  45.69100144  47.1921533   50.62141265
  42.59177729  43.92610599  47.33876944  46.82892404  46.32669677
  45.41843026  50.0754352   44.95698848  42.38344345  46.5308076 ]","[ 46.79428824  47.22740013  52.84602687  50.97052574  43.22805248
  46.40618653  49.35815442  47.14416873  49.28699288  48.40307471
  49.12244213  41.96957634  52.34933021  45.69515418  52.23600659
  42.57777466  48.38346021  50.52297731  52.51137635  53.33551963
  49.18204744  52.35379982  49.86217821  46.93740758  45.80072086
  49.06594493  50.61458849  52.44406112  46.05482048  48.41855141
  52.46308323  39.80523852  48.97095664  45.21147207  44.2139563
  40.42889405  46.80301986  54.38819547  55.08919517  48.40907106
  46.3904224   51.09871027  54.24787355  48.77154901  44.36679544
  50.59122094  49.86456988  49.73078064  50.19138749  54.51483583
  42.13378408  48.36126828  49.89906922  46.60883212  50.00225571
  50.47922274  52.35379982  49.86217821  46.93740758  45.80072086
  49.06594493  50.61458849  52.44406112  46.05482048  48.41855141
  50.19138749  54.51483583  42.13378408  48.36126828  49.89906922
  46.60883212  43.38850229  50.65452895  45.73360481  51.00338529
  48.64304201  53.19361929  48.48379081  46.53959783  42.48611598
  44.85181282  41.49023128  43.92381556  43.88833483  50.00225571
  50.47922274  52.35379982  48.41855141  52.46308323  39.80523852
  51.84696167  50.94987409  55.38959826  54.35545761  48.08501908
  49.58952509  41.74909711  46.94603423  51.1010791   54.39234562]","[ 38.10713584  36.62316397  45.83457021  39.40021162  41.86329397
  37.24641851  41.51510355  32.88987511  36.63112683  40.72623989
  34.82419172  27.67851105  35.54900879  42.15471496  35.51896936
  38.64592108  44.69304683  38.38634584  41.0957355   32.77055577
  39.63121452  32.4294708   32.40812181  33.54442538  39.14586871
  37.24821394  36.56443059  35.54900879  42.15471496  35.51896936
  38.64592108  44.69304683  38.38634584  41.0957355   38.21832049
  33.49400176  44.44015889  36.6769451   35.08541575  40.50804569
  41.23744711  43.21652924  39.77139705  35.1508597   38.45620151
  35.53843617  35.9864028   36.66843092  28.31251828  37.78788804
  35.91220761  38.21832049  33.49400176  44.44015889  36.6769451
  35.08541575  40.50804569  41.23744711  43.21652924  39.77139705
  35.1508597   38.45620151  38.88411428  41.63135257  36.34644617
  43.4168247   37.62227597  32.40970932  38.85333393  36.76225451
  43.50539035  35.19501953  44.57251955  42.89193584  44.8684349
  37.60308819  32.82209228  38.10713584  34.55728826  44.59888527
  34.75715858  31.71153063  41.0598184   37.88531545  48.59699933
  28.56380044  39.79398428  41.88133885  35.91234536  28.8583332
  41.8364105   39.48043246  41.26874911  43.28888908  35.42691349
  33.31606819  35.17106758  41.60850102  39.3227461   42.39625937]","[ 54.05525907  61.62522799  58.16502123  58.39553132  53.10328405
  66.46297788  57.33763077  55.74180705  47.42978291  55.51987041
  53.64138316  58.88239699  60.66592656  47.1451434   66.8934066
  59.73852141  54.3484698   59.92420047  54.60718439  63.30004375
  58.98928059  59.75517199  59.56279523  60.52407973  64.05450481
  58.76657723  57.11592672  59.36359339  56.97707185  56.38741696
  53.7263861   60.3336165   64.67197092  57.22515267  65.72142066
  61.34415528  60.25482344  64.077865    60.65388839  57.77451495
  56.98367442  63.01997745  57.74981321  59.45745434  54.4521774
  66.75754121  55.18038791  55.85855639  56.56252364  53.03088963
  54.34115477  60.70530884  54.05525907  63.06517236  53.4345383
  56.06331479  48.40916727  61.63165601  54.32340951  60.12779262
  56.59761809  60.80906514  58.76508061  54.86083977  65.80208805
  63.30655028  58.95937991  57.74981321  59.45745434  54.4521774
  66.75754121  55.18038791  55.85855639  56.56252364  53.03088963
  54.34115477  55.18038791  55.85855639  56.56252364  53.03088963
  54.34115477  60.70530884  54.05525907  61.62522799  58.16502123
  58.39553132  53.10328405  54.7720724   58.54029215  62.48236174
  57.29456345  61.04097114  59.32064051  60.6850617   48.10412735
  54.08186509  62.13331842  62.7485979   54.95543313  50.2464644 ]","[ 43.34733145  45.10760077  36.3509273   43.96185145  45.39717613
  49.38353185  40.24936978  38.1119983   35.48959423  34.87953848
  45.48218564  40.43912558  46.95503203  35.98159594  34.49869532
  44.57069188  38.40528802  37.5417091   41.37804565  41.34646826
  34.83887627  41.45210871  50.37108309  42.43434792  43.70234503
  38.11859102  38.84235709  38.10028701  41.37370725  38.21073914
  41.1565823   44.97400252  34.35114471  35.60281568  38.06145465
  43.00010348  39.83855665  39.37065927  46.22362374  38.44008299
  37.56171928  38.76875781  37.65676661  36.84771901  38.18360957
  33.81456745  42.15081529  39.61820873  47.61873806  43.91894389
  45.88618134  40.43208282  44.815178    46.18003507  38.94319782
  37.15838021  38.18360957  33.81456745  42.15081529  39.61820873
  47.61873806  43.91894389  45.88618134  40.43208282  44.815178
  46.18003507  37.52609466  42.81717086  42.96921204  46.16875925
  46.71177717  40.9582328   43.54490071  33.56132341  37.83050435
  44.10077657  38.31013707  40.60391525  42.4735434   40.33869176
  42.16187869  33.57938972  30.19009175  43.13125752  46.90993288
  46.13184132  45.2616881   45.07755757  39.86132501  40.01594391
  40.92706728  46.71019613  42.48007427  42.93504243  48.23413365
  47.68135042  38.67687919  40.67903863  46.71177717  40.9582328 ]","[ 53.51825655  47.11279342  57.06739387  56.31764301  58.44278715
  55.03362573  55.78546156  52.6142984   51.02251131  58.84190021
  59.81217251  58.27378963  48.80254224  53.67241356  60.80452478
  54.91756334  51.43878079  52.64430835  62.11654981  55.62280527
  61.28426368  50.4068009   51.79167973  59.55010224  56.27426398
  56.64660783  60.96228828  52.90293914  53.44999306  55.33500862
  56.98190248  58.44567969  50.99524862  52.90293914  53.44999306
  55.33500862  56.98190248  58.44567969  50.99524862  52.74141546
  54.17951529  57.10296786  54.58689409  56.94248581  54.70972172
  57.33931833  56.61584121  53.99882396  57.19827438  53.35403716
  56.29613379  56.10348087  58.39532711  59.64533167  59.88217943
  58.20147672  55.47813034  61.54632128  54.35622225  58.83686079
  52.23562394  53.47062651  57.12200297  57.13224841  53.5243161
  57.14091034  53.99532933  58.27378963  48.80254224  53.67241356
  60.80452478  54.91756334  51.43878079  52.64430835  62.11654981
  55.62280527  53.88551735  56.43330208  56.90499493  56.11086482
  59.1183671   59.60348468  59.37605891  56.68780547  57.59686243  60.17573
  56.76913745  55.21407033  60.24156888  51.2561061   54.00140072
  55.52095635  55.09842717  54.43059123  52.83515881  54.00769756
  53.78173255  53.7487147   56.83288862  50.11621079]","[ 37.60090179  35.17030368  38.99640105  29.39453651  39.77603989
  40.70173927  35.60483724  35.13127471  37.42541151  35.14186539
  33.9023513   39.07864209  31.07780753  31.54163309  31.32423075
  35.54158761  33.48436075  43.10800513  39.89801242  24.15958961
  32.09789171  35.87733195  36.02001901  32.00893758  35.62719353
  36.47020855  39.65152953  33.78961714  38.383592    36.90006314
  27.38972775  42.8151551   33.44319389  26.75542604  32.88240951
  37.86611468  38.42240914  33.42742271  38.27732543  39.9453899
  36.97455178  33.91202149  33.46613909  35.66609178  32.56870254
  36.02001901  32.00893758  35.62719353  36.47020855  39.65152953
  33.78961714  38.383592    36.90006314  27.38972775  42.8151551
  37.26157646  30.40167179  36.9938125   38.92539348  41.1073262
  37.60090179  35.17030368  38.99640105  29.39453651  39.77603989
  40.70173927  36.52598089  36.60476829  37.42198178  38.39636774
  28.64558465  39.13924255  35.93478335  36.32661847  37.72836378
  35.17063619  32.90432213  37.32288139  35.67578005  32.76194124
  41.86899539  32.44147651  36.32380704  32.58024106  30.10538197
  38.05772156  33.7619838   36.41906368  31.54091986  27.92901098
  36.76030615  36.75128337  39.02277265  37.33680722  27.75757724
  27.81100984  32.68021854  35.30259752  34.92993433  32.18481014]","[ 46.4658383   39.193482    47.35195902  49.61071854  42.38055576
  39.64589743  35.38671523  37.71643707  44.75326021  39.9274512
  44.63355185  43.61389546  45.32502969  47.58053504  41.43073675
  45.00131873  42.61285924  46.16248439  36.3487575   48.59135674
  45.83123104  39.5039594   38.79219798  42.85572671  47.55567387
  48.61725492  46.90669735  41.34217425  41.21204995  43.70793436
  37.80227166  44.86450246  43.69816358  39.95137962  44.29765405
  42.89242492  39.5334973   40.98956904  45.43593915  47.74333458
  45.61841236  44.38921995  39.69872183  39.32534772  44.09254265
  42.62272455  49.23661032  43.4596817   46.59371443  33.97177533
  47.2090225   39.31122655  42.3608497   44.49813921  45.62337431
  41.73082348  39.95137962  44.29765405  42.89242492  39.5334973
  40.98956904  45.43593915  47.74333458  45.61841236  44.38921995
  44.12667534  40.56821573  38.70265016  48.03992329  43.94995555
  41.08121198  43.72529956  41.65958616  47.60612439  48.51508113
  49.2371906   39.64589743  35.38671523  37.71643707  44.75326021
  39.9274512   44.63355185  37.82567686  41.88904217  44.7967779
  49.49108028  36.86076928  44.10688145  42.35942587  45.20929618
  47.32236113  50.01314091  40.7284322   35.86148891  38.60112545
  41.18014071  45.28522599  48.64521812  43.72719051  40.29407334]"
"[ 31.54767142  26.35468739  27.16457518  28.35874863  28.58396551
  32.65788019  28.47014346  27.00815548  30.78713659  24.96990876
  27.19945016  23.16859923  21.53986831  22.71188025  30.57632537
  34.54863156  30.46980776  27.37379689  25.54423332  21.01303248
  14.79914849  32.72177996  32.72177996  29.08329981  18.4834345
  28.96987479  28.22992517  32.5359043   29.39868811  31.54767142
  26.35468739  27.16457518  28.35874863  24.96990876  27.19945016
  26.65174768  23.893749    27.64123101  27.90281394  29.49457249
  28.39207004  23.86691107  30.83903714  28.06188294  26.4987089
  19.69523554  23.48138869  28.19692871  27.02496369  24.05179189
  28.27060243  28.83979785  31.0968476   32.36892331  31.95803347
  21.53986831  22.71188025  30.57632537  34.54863156  30.46980776
  27.37379689  25.54423332  21.01303248  14.79914849  32.72177996
  29.08329981  18.4834345   30.46980776  27.37379689  25.54423332
  21.01303248  14.79914849  32.72177996  29.08329981  18.4834345
  28.96987479  28.22992517  28.22992517  32.5359043   29.39868811
  31.54767142  26.35468739  27.16457518  28.35874863  28.58396551
  32.65788019  28.47014346  27.00815548  32.15873722  23.90508643
  33.11517214  34.55392226  25.49355356  26.06716723  37.95236614
  30.26313218  26.22470356  24.82306876  23.20885125  30.30898612]","[ 15.29717958  12.24142592  14.47404776  18.21924676  18.39294441
  18.7414781   24.07700321  19.38556559  23.61978187  19.54676724
  23.8904384   23.59344549  14.09897739  20.20421305  18.95426915
  27.04841292  22.19140024  23.37620658  20.93375803  19.13077107
  21.19196626  16.11834568  23.45356093  23.76197595  25.93389443
  27.86997306  19.40263582  20.32020137  19.68406931  17.83639129
  14.03485803  18.85708116  11.85975757   9.29627006  17.66384803
  26.45482065   9.36180142  20.59955384  24.92479404  16.84615543
  16.41588502  19.18989357  24.8636368   21.34817537  22.02571386
  19.60193313  15.80253828  21.97696629  23.00332351  23.66307166
  19.05145397  18.8699646   16.5898225   18.02409403  18.85708116
  14.22861224  16.20301454  12.22018997  19.09900817  25.56519573
  19.53575543  22.75108609  17.69151321  23.59133122  21.29232222
  16.11834568  23.45356093  23.76197595  25.93389443  27.86997306
  19.40263582  20.32020137  19.68406931  17.83639129  14.03485803
  18.85708116  23.59133122  21.29232222  15.29717958  12.24142592
  14.47404776  18.21924676  18.39294441  18.7414781   24.07700321
  19.38556559  23.61978187  14.03485803  18.85708116  14.22861224
  16.20301454  12.22018997  19.09900817  25.56519573  19.53575543
  22.75108609  17.69151321  23.59133122  25.53712823  24.80911311]","[ 49.63234753  47.73553364  46.53160522  35.78998387  45.6073063
  40.20623832  50.13677442  45.07030825  33.80598869  43.85720937
  42.30792331  46.41101819  43.30696106  44.71264618  39.17442697
  48.964789    46.33414536  49.91048504  46.95226845  37.47468636
  47.16868975  43.03294031  43.89708586  49.99459816  36.10455992
  47.67146442  42.36947663  38.39564959  45.06867387  43.74537486
  48.98363156  44.06510507  44.59430887  45.14657717  41.80031517
  47.29873663  45.39867894  49.40272321  39.96606785  42.21430362
  45.69318288  43.62732559  43.81691305  48.29412721  36.10455992
  47.67146442  42.36947663  38.39564959  45.06867387  43.74537486
  48.98363156  44.06510507  44.59430887  46.00916829  47.48880687
  43.62732559  43.81691305  48.29412721  46.31212955  47.29413282
  40.36370649  46.94289942  45.16014682  43.56713151  42.96021432
  46.76669482  39.85614785  48.72832307  44.24563275  48.55163704
  45.22762301  45.70152762  47.26233505  42.54835424  42.24154068
  39.74940933  45.8722465   43.23355206  43.14344287  44.15889724
  49.71834458  41.37957455  46.46279519  43.8855044   42.71245495
  47.72738008  48.43783664  46.24214565  46.15893057  37.62694585
  46.35805263  41.47029597  44.69110625  50.72356835  46.92502305
  50.69693407  46.82246285  45.36302613  43.23355206  43.14344287]","[ 45.46206636  50.48570623  48.51148099  42.20892147  47.17305747
  43.8810364   44.74685938  47.94130524  49.70236005  42.78391546
  42.83113626  54.35198713  49.2078261   51.49664234  58.88531554
  50.63315384  50.32963759  50.23017479  48.65432224  37.48257544
  46.58790416  51.71151091  41.50142249  49.84081478  50.85812907
  48.38239928  53.939884    52.92491342  49.00608574  53.88143121
  45.84528117  49.06531716  53.62700258  50.10688778  47.76619519
  49.53719508  52.98130442  56.38515751  52.18441518  45.56013752
  46.82967078  48.10133025  54.35198713  49.2078261   49.44694905
  44.85800681  48.46184088  49.13005663  50.3650136   43.07798802
  42.81369308  50.10688778  47.76619519  49.53719508  52.98130442
  49.94435784  47.94579161  49.00821327  51.5426455   50.02090961
  49.74716978  44.39622368  50.09995852  56.04489485  41.50142249
  49.84081478  47.86189962  48.6699693   43.68237019  39.62125583
  45.55837244  50.19947172  55.05343855  52.42727104  50.49739981
  49.1017139   53.44463545  50.48292536  53.25359598  48.46696671
  50.01019157  45.46206636  50.48570623  48.51148099  42.20892147
  47.17305747  43.8810364   44.74685938  49.53719508  52.98130442
  56.38515751  52.18441518  45.56013752  46.82967078  48.10133025
  54.35198713  49.2078261   51.49664234  47.1167562   43.92187201]","[ 45.1280763   36.98997743  41.26300973  48.19605201  37.99952397
  45.60356043  42.52927118  44.5284101   39.26059446  44.5953864
  38.56672544  40.32153396  34.20190193  43.1100831   43.95681729
  42.25498117  44.26500082  35.37374129  31.37209618  37.38537142
  34.45570666  49.30155777  42.75171503  45.24061894  39.40537939
  34.98376254  45.12696461  37.55348218  53.12695993  43.8458402
  44.69314603  40.56434059  41.00358804  38.13215498  48.47967247
  38.03373394  32.63393948  46.62131539  48.81565539  40.14422959
  40.47099207  43.57551969  41.77050562  35.85545653  43.50959316
  41.96553138  45.37642977  52.64817681  37.81597814  42.75171503
  45.24061894  39.40537939  34.98376254  45.12696461  37.55348218
  42.52927118  44.5284101   39.26059446  44.5953864   38.56672544
  41.15029803  48.09695023  37.62421186  45.1188475   45.73171671
  40.33843893  38.40018989  43.94603897  47.70945097  40.5716651
  48.33621771  47.64920121  44.04236066  37.00961216  31.44336712
  47.84149748  47.05642497  45.9355781   43.56969     46.8621477
  39.24081202  51.72151252  41.94889065  38.08713604  42.61160215
  34.09824321  35.8486844   41.15029803  48.09695023  37.62421186
  45.1188475   45.73171671  41.94016167  42.80331387  42.58251247
  42.033303    39.17602148  42.34069387  45.04666214  49.32293712]","[ 65.17892866  61.42509977  63.24631698  57.18034523  64.06423556
  53.61356996  59.67043915  61.85032805  57.22755392  54.98105022
  58.76962565  54.29573093  61.16896643  62.41147629  58.83723387
  61.35062508  58.79537803  55.00091986  57.35850309  62.73418957
  59.55881733  59.52673797  45.1070344   64.240375    54.78144016
  56.67973141  59.75901678  62.6369852   55.14908043  58.36837978
  61.15302683  65.54646576  54.28950843  62.48158378  66.16941629
  62.46279116  65.17385889  58.19354472  65.50500295  62.71767218
  64.95694016  58.62372764  65.14526697  64.81993958  69.20231921
  64.37457872  58.93415259  60.15502538  59.15715001  59.49694216
  66.76187405  58.03795946  58.05432408  60.8229975   46.4762843
  61.63196941  45.1070344   64.240375    54.78144016  56.67973141
  59.75901678  62.6369852   55.14908043  58.36837978  61.15302683
  65.54646576  65.54646576  54.28950843  66.1938303   60.29311829
  63.00958984  56.78652601  60.50378682  62.88982232  60.46901039
  57.45579569  54.31894945  67.26833192  60.28302359  64.07071302
  45.66547107  56.17654035  51.13877931  64.09133936  62.57293893
  56.87655234  55.49051481  57.71755506  64.87351041  62.87472674
  60.4055489   56.4927393   63.15860567  50.81986635  51.00141143
  64.95979442  49.87379104  57.37327331  58.74367653  65.54433663]","[ 42.29795481  33.43542673  40.19125475  39.15284371  44.85155904
  46.23093236  43.07762344  48.97761954  46.88403208  37.8218269
  36.15702773  51.27217812  38.4208324   45.21323402  33.01123021
  31.05744135  41.43707913  46.24815601  49.41255742  32.41593813
  41.36060446  43.82184031  41.80494904  42.02636284  41.91780357
  43.34917925  38.63710636  37.13806241  47.51249428  43.77315565
  44.41489158  42.70588743  34.2335904   42.05213022  43.06701762
  45.74087859  46.32661881  44.95211207  46.36541686  46.18990357
  47.27542421  40.46339517  39.30560082  40.5315867   39.98157825
  45.34669289  39.12885155  48.23703094  42.34165336  40.61491821
  40.11478966  44.27282814  40.30928722  38.02356366  44.56930767
  41.15460765  46.87429472  41.74317527  44.22938177  37.22957368
  42.69891079  40.7926508   44.94611094  45.37181294  50.80910413
  48.63291336  39.37898696  45.11929958  50.85376818  43.69943983
  36.20602546  45.67480449  41.19974396  42.44977129  44.04930149
  44.9042909   40.1343357   43.48531694  46.29044878  46.0293265
  39.93388595  39.55891574  37.5895752   36.69641389  39.50664155
  46.61017922  53.63601834  47.08154145  45.11929958  50.85376818
  43.69943983  36.20602546  45.67480449  41.19974396  42.44977129
  44.04930149  44.9042909   40.1343357   45.70757711  39.95296606]","[ 56.73414632  57.57530767  51.99968843  60.41397988  54.38461412
  57.05198069  48.25489538  55.2758768   58.47451353  53.53251205
  58.41743422  55.07585843  59.11288837  59.61452739  52.40464774
  54.11430406  57.79902094  59.63980619  53.27003134  59.60193709
  55.55311436  58.96121511  57.05198069  48.25489538  55.2758768
  58.47451353  53.53251205  58.41743422  53.02237215  53.61265264
  58.889191    51.41581629  56.30692457  57.2307305   58.65709741
  54.50755258  60.06392924  48.92679052  59.84833379  58.90520377
  54.57608858  53.38789034  56.52381166  55.45666284  55.73052486
  57.24864458  54.88817002  60.11101984  57.17540302  54.59832239
  49.71482556  53.62360935  55.45946153  61.20743709  59.99429571
  58.68167049  56.37250432  55.58732265  49.53900416  62.33704828
  50.8283439   56.10669825  55.25726762  51.90106608  57.59764495
  54.03184653  52.09990192  51.13260322  57.58841754  54.26143099
  49.50113533  56.74244422  57.39482029  56.15915146  57.17522436
  49.85494619  56.75091097  52.59372163  58.28162203  50.51041177
  53.6617161   55.48324336  59.11838844  60.07878148  62.02323163
  52.42961976  54.93874344  54.03184653  58.6408518   58.44155917
  54.44739547  54.57256402  55.73052486  57.24864458  54.88817002
  60.11101984  57.17540302  54.59832239  50.77206919  57.60982839]","[ 29.35075383  26.28247499  35.67022443  38.45120993  37.84319293
  33.12594351  37.90784227  28.43518111  25.46410688  38.53975291
  46.45102673  37.47553636  31.56455899  43.05000255  38.46267253
  33.58666353  41.66445076  38.37733374  38.6402777   37.40097189
  31.96805404  36.8894323   33.32297872  39.10543194  39.28103233
  30.00212579  31.05650713  31.46114226  38.65423711  35.63498881
  33.39469407  30.80564286  34.21073765  33.58666353  41.66445076
  38.37733374  38.6402777   37.40097189  31.96805404  36.8894323
  30.39838299  24.53706019  34.14117291  32.57674807  37.81549767
  26.5499494   36.28896072  33.20838285  34.63853616  40.11607099
  35.17039842  36.68513387  30.87737418  42.23600349  36.68004294
  48.2370249   41.19262121  31.89345853  33.72537212  33.34625293
  44.15340691  38.3108901   33.22227545  32.12565735  41.82746409
  32.25547868  32.69785358  36.21357992  37.34907761  37.79766616
  33.95846503  33.9751473   35.91775334  36.45057947  37.57630651
  34.21196263  35.31594396  29.35092031  38.31305492  23.62315421
  45.77590585  34.05083037  27.03967261  41.91716569  36.2760964
  30.72601497  44.59011335  29.35075383  26.28247499  35.67022443
  38.45120993  37.84319293  33.12594351  37.90784227  28.43518111
  25.46410688  38.53975291  46.45102673  42.41234361  34.50487398]","[ 48.70310227  44.14390132  42.33497456  44.15854587  46.87393281
  50.83639562  40.11461823  39.70780593  47.01416648  44.54562488
  45.31710178  44.62594424  43.61247253  45.29828571  45.59856406
  43.41040956  47.90496557  48.45332228  51.83801193  49.59456567
  41.61655043  47.35635147  44.938865    42.93967267  49.7896043
  45.04566358  46.11135811  44.46585694  47.8968703   45.98195485
  40.58792394  47.67651687  47.67599925  47.34902133  42.77125007  51.31375
  44.57721171  45.20501594  42.17851707  43.16103578  56.29200811
  45.17149464  39.17377343  48.50733676  48.14350773  40.15241472
  46.54507083  44.10702095  44.96315321  38.11759468  43.43431694
  47.88150214  52.79232296  55.81007302  46.51585214  46.11135811
  44.46585694  47.8968703   45.98195485  40.58792394  47.67651687
  47.67599925  48.91144001  40.37830558  47.89229193  42.08246929
  37.95691278  39.19287149  37.1250257   45.18213232  38.21415483
  41.76704886  46.62499224  41.07980251  48.39128973  44.47791107
  48.20525172  38.3035656   36.08194031  37.5202391   39.75830723
  44.29678333  45.39624638  44.77351497  56.32749361  47.88952945
  48.90022365  50.81175889  49.22648548  48.65700656  42.74353501
  40.50700816  47.58549144  50.19883172  47.78417517  48.96466264
  48.92627566  41.41697368  44.57721171  45.20501594]"
"[ 30.38667416  28.02426661  24.60318088  30.29450676  31.13525855
  31.37690811  31.93617337  24.46539317  29.55227579  26.93767348
  26.85514768  24.46539317  29.55227579  26.93767348  26.85514768
  28.55988578  27.23331781  24.62157738  29.99762677  26.72608288
  25.73463129  33.25839026  26.72107041  29.99762677  26.72608288
  25.73463129  33.25839026  26.72107041  27.6031438   28.38596771
  27.15365853  26.77930555  27.8834001   29.39386032  28.55988578
  27.23331781  24.62157738  29.99762677  26.72608288  25.73463129
  33.25839026  26.72107041  27.6031438   28.38596771  27.15365853
  27.8834001   29.39386032  24.81371198  30.00784907  32.13510712
  26.62519222  27.94395965  29.06196442  26.78446456  31.0728      28.83818803
  33.39671227  32.5673988   22.37235036  30.38667416  28.02426661
  24.60318088  30.29450676  31.13525855  31.37690811  22.37235036
  30.38667416  28.02426661  24.60318088  30.29450676  31.13525855
  31.37690811  31.93617337  24.46539317  29.55227579  26.93767348
  26.85514768  33.70907143  22.36127987  29.01343975  30.70036982
  30.49731442  23.80243443  28.07982802  28.15982389  28.18816112
  28.53876819  30.55571767  27.55679436  32.06973387  23.78917782
  23.57235782  25.93116782  25.23509186  30.20298238  27.44840907
  28.5771706   25.75392818  25.5854771   31.37474273]","[ 23.60776009  19.09729195  24.73984183  22.99617057  19.74228974
  15.91633676  18.82884386  22.51241398  19.3288333   19.30854623
  16.50097881  20.46552083  22.75040881  26.22967668  22.54230354
  20.33640155  18.82248369  25.02371196  18.26266039  21.74225735
  18.4113275   13.13727203  21.07699123  18.29093325  22.57526567
  19.29416796  16.80943264  22.80516425  18.68298159  16.10164072
  15.5821992   16.39006635  20.46552083  20.5897709   17.10200099
  31.54301707  19.11327563  24.07296169  24.75441486  18.81976947
  19.09797699  16.71603337  22.38634047  24.46550484  18.4113275
  13.13727203  23.60776009  19.09729195  24.73984183  22.99617057
  19.74228974  15.91633676  18.82884386  22.51241398  20.05372782
  20.15826687  19.24941681  21.80952544  25.68289159  18.89578083
  23.98917356  19.0557802   17.29079224  25.31479811  18.30819276
  18.97527223  19.91285377  25.28916849  21.63158942  19.14814725
  17.43426282  17.78727326  21.08844573  15.95685342  19.87700515
  20.74326469  21.55637557  22.88755847  23.62472801  23.62511639
  19.3985698   20.07169409  17.67784768  20.50857637  19.83458231
  20.86943523  23.1070945   21.07699123  18.29093325  22.57526567
  19.29416796  16.80943264  22.80516425  18.68298159  16.10164072
  15.5821992   16.39006635  20.46552083  16.39006635  20.46552083]","[ 44.99964244  43.8707114   40.03881798  47.07238003  39.83638102
  45.04043373  43.86836171  44.196865    45.21024035  49.48616961
  47.06224562  40.62861082  39.09711722  39.79916973  43.59088889
  44.08939376  41.46592232  40.63031639  41.65626162  40.90977951
  43.3598834   46.86262686  40.7825833   48.51343276  44.77236333
  42.62559214  44.99845005  43.06197733  46.11878026  40.21946524
  40.08449471  46.26408372  40.67548825  45.88597868  44.0868312
  40.6471495   48.00479659  42.37951088  41.24984369  44.72463902
  38.83675285  44.68812852  41.50624665  47.52786237  41.90370239
  43.57900574  39.78873402  44.86697058  44.0822652   43.21494756
  39.93924705  39.83829397  45.06688456  47.48421182  36.02754139
  38.78089744  42.92588744  45.76534014  42.46022792  44.93725876
  38.85250966  44.27402326  42.73985926  40.7825833   48.51343276
  44.77236333  40.6471495   48.00479659  42.37951088  41.24984369
  44.72463902  38.83675285  44.68812852  41.50624665  47.52786237
  41.03748436  41.44200266  41.90370239  43.57900574  39.78873402
  44.86697058  44.0822652   43.21494756  39.93924705  39.83829397
  45.06688456  47.48421182  36.02754139  45.71823541  38.50201923
  40.46557857  39.25258896  47.80772698  44.5153844   38.677475
  49.01329679  44.05308277  42.12775806  42.53441392  46.33736507]","[ 57.55640862  58.52763884  51.76760861  47.11913198  54.06997164
  59.50293125  56.46413077  52.67091754  53.95774429  51.30653607
  58.05756991  52.34588344  46.85946049  53.87722571  53.80650466
  52.01540666  58.7751073   53.12263288  52.80474037  51.19429584
  54.26703118  53.16576794  57.74579898  53.36669426  52.13767771
  63.570332    49.12404528  57.4199701   50.83199305  50.49188549
  58.34410408  50.03737569  47.65354598  52.39624226  57.330406
  54.36479836  48.98310946  55.8529299   48.05345921  50.51762146
  49.02835982  58.04814293  53.89720714  54.07643331  48.48817578
  52.34588344  46.85946049  53.87722571  53.80650466  52.01540666
  58.7751073   53.12263288  52.80474037  51.19429584  53.05053125
  49.82101862  54.72487517  50.06055531  59.82321242  50.76524622
  54.07643331  48.48817578  52.34588344  46.85946049  53.87722571
  51.19429584  54.26703118  53.04501728  53.10629421  59.90613507
  53.87081574  43.98844093  49.07288514  55.83592161  50.71011916
  56.32484542  54.54572938  46.8427147   52.23974918  51.7049825
  54.68271494  55.75575603  53.38488278  44.30362713  60.18243131
  52.01572372  52.05179427  58.0186119   54.15287315  57.15302669
  51.20801881  47.65354598  52.39624226  57.330406    54.36479836
  48.98310946  55.8529299   48.05345921  58.34410408  50.03737569]","[ 47.33600129  43.22058142  39.81019072  31.15450711  35.07359962
  39.16995132  47.40489997  44.46775778  37.98157021  40.57687551
  47.9018034   43.90077598  44.85242429  42.30337283  41.73153632
  47.50243213  45.16775891  44.37038408  35.21254509  48.8273059
  39.60741035  42.51789355  41.99260397  37.20017574  43.96305272
  50.50115848  44.41437108  49.17865744  42.21504005  40.15347482
  38.84963103  38.57372068  31.82389946  48.95712983  43.82700537
  46.29660021  43.71992313  49.25035731  46.23789685  44.06443573
  50.2279746   54.52886107  45.1248114   42.06497184  37.16997396
  36.60221094  47.66261909  44.32865425  53.10563198  45.30567012
  44.89920285  41.84695004  40.42331561  46.50765794  32.76883798
  42.91690152  47.55139703  40.40927247  41.78848633  38.9752896
  42.11934183  43.43539734  43.67526665  48.32802474  46.41897857
  37.14945674  33.17367189  34.95566101  37.83893185  45.29605302
  42.44392451  42.81757174  46.68711805  34.70142393  39.64163408
  35.00577732  45.27139933  46.68711805  34.70142393  39.64163408
  35.00577732  45.27139933  52.41939576  43.90077598  44.85242429
  42.30337283  41.73153632  40.15347482  38.84963103  38.57372068
  31.82389946  48.95712983  42.65175891  38.37458137  41.99976834
  45.97487977  41.58740831  42.93437623  42.71806339  37.93830831]","[ 61.37231074  62.26862708  60.48975756  57.67766746  44.90710101
  63.54552439  61.16932829  52.26595106  51.65574219  68.03927526
  65.66493114  59.44807177  60.21425016  65.13572444  60.55428718
  48.64489307  65.87827264  58.14285912  62.12963133  52.9116882
  64.55549375  60.8099745   62.88787323  54.32081569  64.90918363
  61.97510892  65.01510037  60.58551729  63.24518898  57.10054553
  63.06050516  56.5927122   55.32951219  64.01444918  58.57582723
  59.39512076  61.25198697  60.84616342  59.56221969  59.57772786
  60.69161514  61.95446901  63.61485282  64.24316975  67.30281616
  64.45371898  61.13058363  59.04495729  62.60227903  59.19417338
  61.2399178   60.77892084  65.77976391  62.62007439  59.05814013
  58.1350716   67.22464543  66.33194929  66.25011075  63.14283705
  61.33539853  55.89848378  57.94703013  56.16856626  55.79366584
  59.50778274  53.99063021  56.16856626  55.79366584  59.50778274
  53.99063021  57.09221406  56.67366493  65.31736186  63.59575437
  62.26925047  61.58637047  57.37614613  44.74577011  67.22464543
  66.33194929  66.25011075  63.14283705  61.33539853  55.89848378
  57.94703013  56.16856626  55.79366584  59.14064229  62.42420472
  69.29429324  56.98539734  62.25753763  61.41508323  63.89003867
  61.31107871  55.25778683  66.020435    59.9116779   44.74577011]","[ 43.19347324  41.65756333  47.13890524  44.19684156  49.7437831
  42.97096513  39.18633645  43.73902869  41.86614449  40.67019829
  44.65198985  42.40196404  37.99498192  50.63472343  48.70488085
  41.83443446  33.88737472  38.3493662   41.13469496  45.11743084
  40.15012197  37.6299141   45.69449247  42.88516172  42.05248129
  48.59808145  41.05797755  41.72925374  37.00541272  46.43075224
  41.38345786  41.11864397  41.05322146  47.76568513  35.79679363
  46.69058143  34.85639517  43.22094678  38.39687355  54.2290311
  37.53684762  39.11895827  44.79977417  45.22859937  35.37282251
  43.88287201  47.85224635  47.26512548  45.48156314  38.47894869
  44.50895729  44.30041287  40.74824599  39.95872656  41.67823383
  36.46863851  31.84181643  40.85993527  43.07895085  40.56455008
  48.04817376  43.08812728  45.69311994  44.91070491  48.73632251
  42.2728237   45.48156314  38.47894869  44.50895729  44.30041287
  40.74824599  39.95872656  41.67823383  40.17645729  44.59488699
  37.36667409  43.71089537  43.41879485  42.72176124  36.86119477
  41.49957865  42.4072018   43.84431705  39.53193198  44.88998007
  42.9544155   36.74228429  31.25822021  46.9117911   40.53387033
  35.39142741  34.57878868  46.15292346  43.26043714  37.51051613
  46.16577783  42.20430879  39.90314106  45.14192064  47.76568513]","[ 51.57436048  55.98820925  48.3988737   56.67548846  55.68062748
  56.34816719  52.22993307  54.44115198  54.87594016  59.54542878
  49.91256493  57.22443728  52.97349579  55.47683134  59.68015914
  54.95625162  52.70641864  49.30719191  56.28100525  53.24581994
  53.5054564   51.07790656  57.61825654  58.97638237  52.3731572
  55.04204168  52.60806925  56.24486858  50.53399106  52.35893907
  52.33687007  58.44442264  53.69269335  56.27857534  54.10421574
  60.91747007  52.85567537  50.31646815  52.79659565  57.4874132
  58.69210688  54.48837747  54.91906743  55.4553053   56.24486858
  50.53399106  52.35893907  52.33687007  58.44442264  53.69269335
  53.23528637  56.77307985  55.09807581  47.95150464  58.54596524
  57.04133826  57.91830778  56.46997969  55.76736583  54.11202482
  57.87345387  48.77004395  55.22868361  56.37504509  55.85795888
  51.34795157  54.95625162  52.70641864  49.30719191  56.28100525
  53.24581994  53.5054564   51.07790656  55.06816075  55.55105219
  50.57426095  57.35824183  51.3101893   58.36802265  50.22945677
  57.12631248  57.93346332  53.69781893  48.99943435  56.30211937
  56.40806673  51.1784      54.91803276  57.33060699  55.5640994
  57.80294656  56.52323888  57.24669141  49.16381409  50.97854421
  45.1953055   50.64264308  52.06299175  53.36624865  58.20336242]","[ 31.55489051  27.65809574  38.973346    45.43073114  43.41325375
  42.88722556  38.50955031  38.7401405   41.50907179  41.34704562
  44.47876066  34.17646607  35.95424414  33.30825102  26.02026182
  38.15857016  36.02167598  40.04642166  42.09130494  35.31474675
  34.39285571  29.35981864  36.15839302  42.87115197  30.44064481
  34.52271555  31.99778205  36.2033913   39.6868303   37.23712706
  34.18595056  44.61395079  43.70471065  39.76566938  34.39043633
  40.0237223   34.53336553  41.43723315  32.69575198  38.81414998
  35.37500519  41.6373734   36.06280452  41.54251647  36.66754306
  42.3666871   36.41401451  38.5979028   36.14566262  31.91708269
  33.55674084  41.71576725  34.44502227  32.52871308  40.21895815
  33.47529914  31.46828416  38.94373981  40.46835415  37.10194789
  40.3780167   37.41618742  26.80458506  37.61316885  32.79739134
  37.35146617  36.10350658  36.56134572  37.0389091   42.05079031
  43.59322241  31.54807642  41.92863129  35.35478638  38.08694649
  34.91467128  36.14156334  42.16577376  31.55489051  27.65809574
  38.973346    45.43073114  43.41325375  42.88722556  38.50955031
  38.7401405   41.50907179  36.81268511  38.14175869  38.42109391
  39.53103619  39.37012084  33.61125409  35.6070182   47.26542604
  37.65409256  33.85957239  45.74623554  40.21895815  33.47529914]","[ 42.44101578  52.18175057  32.52296042  48.30030652  34.88010018
  38.35339931  45.7957824   41.39526041  34.91871372  48.67443674
  46.67428634  44.72892951  46.31274433  50.58376889  41.50472665
  44.991076    40.34628926  41.30497613  49.23420687  39.12827356
  44.88218675  46.31368518  45.3661144   42.58584229  48.03303646
  43.67117071  42.36775621  43.62854325  42.4122234   47.56459722
  45.24760575  40.09255866  43.51509668  43.74850269  51.01255852
  41.37401017  38.53874427  34.4550168   45.61152252  41.2367184
  46.52997357  41.19829184  44.11329837  46.52212234  36.82473118
  34.79133998  46.28486371  42.07865031  46.28012035  40.23462276
  44.11543226  43.12938124  41.05112201  39.15984108  49.30307622
  48.23083294  46.0481236   49.60429209  42.84665506  43.74850269
  51.01255852  41.37401017  38.53874427  34.4550168   45.61152252
  53.58768201  42.62311643  45.8278944   43.65666364  39.88745632
  45.43621371  39.97985721  41.16927705  42.90129152  39.45929008
  44.49913097  44.991076    40.34628926  41.30497613  49.23420687
  39.12827356  44.88218675  46.31368518  37.17676597  35.8771525
  31.82125079  37.19867497  36.26097393  38.01535891  41.47657636
  44.73894939  47.46518881  36.08527292  38.42263565  44.23559802
  43.34077952  42.52668998  36.70928143  45.55041993  42.05405251]"
"[ 29.11479095  25.51452944  22.30298146  23.50504865  29.12374715
  32.42304569  30.77858928  26.72309989  25.71214335  26.74188492
  18.36977162  19.42552341  28.5639641   25.38690864  26.11020681
  26.42736659  23.39276443  24.76218215  29.55390926  30.97746478
  25.75813385  25.50650067  27.66473394  30.30762122  26.56983462
  27.863658    27.80743096  29.71478452  28.5250444   29.66505388
  27.72764273  26.7852069   30.59594977  28.79754092  23.36557948
  22.97539557  27.49763832  29.90028337  27.93339403  29.30439288
  19.42552341  28.5639641   25.38690864  23.39276443  24.76218215
  29.55390926  30.97746478  25.75813385  25.50650067  26.3037819
  28.11472694  26.21398629  27.92128163  30.36591357  25.54761125
  30.62715846  28.25999286  28.80358768  30.05389619  30.59594977
  28.79754092  23.36557948  22.97539557  27.49763832  29.90028337
  30.36591357  27.36907412  26.80692084  23.94601016  25.26720376
  30.23336351  23.3092121   30.11091911  29.66557895  24.73954766
  27.06017138  30.66524938  26.73737913  20.11603155  29.5307324
  32.46228703  30.68245807  23.31252512  26.19519821  28.26176011
  34.11045927  28.23620592  26.11020681  26.42736659  23.39276443
  24.76218215  29.55390926  30.97746478  25.75813385  25.50650067
  26.3037819   28.11472694  26.21398629  30.05389619  30.59594977]","[ 25.12779427  21.33753966  20.92895408  19.38754052  24.02268819
  23.52401816  19.09359169  23.84240559  21.45407732  20.63828941
  15.96194632  23.45005001  23.45005001  18.83173692  23.31078777
  25.87564238  17.26215785  21.30102638  19.42073047  18.69532441
  23.13083037  21.41480634  23.15190426  19.99376891  15.47081998
  24.05294555  23.17719489  21.11525168  23.58960819  24.38144347
  22.32758813  24.83253054  22.39218873  22.55144272  22.95512345
  25.12779427  21.33753966  20.92895408  19.38754052  24.02268819
  23.52401816  19.09359169  23.84240559  21.45407732  20.63828941
  21.45407732  20.63828941  15.96194632  23.45005001  18.83173692
  23.31078777  25.87564238  17.26215785  21.30102638  19.42073047
  18.69532441  21.92036649  22.94043094  20.65343297  25.03414391
  20.28331856  20.15498529  21.97518957  20.96833969  24.05920605
  22.95512345  25.12779427  21.92036649  22.94043094  20.65343297
  25.03414391  20.28331856  20.15498529  21.97518957  20.96833969
  24.05920605  22.95512345  25.12779427  17.94235791  23.44012949
  23.34146005  17.74092361  22.43826119  19.62512563  21.96906973
  25.49022599  21.92397268  18.77000896  24.09189107  26.19720199
  17.49554493  13.33965606  24.44542981  20.66087754  23.2495281
  22.11827369  21.38760801  26.53623325  18.24398015  17.40722506]","[ 42.1542503   46.65473543  38.6312162   42.56676122  43.70059807
  42.65609672  47.37638868  38.11948967  42.93280699  39.59189619
  43.6839065   39.09693262  44.05103411  42.88218602  43.37276138
  40.97973421  44.22429335  44.40381553  38.11599796  38.73999839
  44.85455477  45.47558064  47.00424924  44.76212071  44.95748293
  48.07998245  45.28248904  44.07331672  43.36224321  35.76782015
  44.80794257  37.54595529  46.42115089  44.47464431  40.60915981
  45.42978263  44.72583498  41.94408075  39.79680419  35.19414511
  45.86373896  41.96494529  47.90398576  43.1455412   42.37629092
  43.45700688  40.80556912  41.36002388  42.71087045  43.25303564
  43.21117518  42.43841954  40.14500928  48.16381188  37.13169929
  43.64872098  31.91685374  41.99874904  49.53000764  42.81887803
  45.4255148   42.9397791   46.45588504  45.21984231  43.9753745
  42.91877689  42.74377772  43.32377769  41.6860869   47.00424924
  44.76212071  44.95748293  48.07998245  45.28248904  44.07331672
  43.36224321  46.42115089  44.47464431  40.60915981  45.42978263
  44.72583498  41.94408075  39.79680419  35.19414511  45.86373896
  41.96494529  47.90398576  45.21984231  43.9753745   45.06480999
  39.6334426   44.75717842  41.44683637  40.83587257  34.99463445
  44.16934243  43.5398824   41.68835256  43.70872486  45.04017019]","[ 46.78673632  63.12198382  56.86806948  58.74028588  48.34937953
  51.77214897  54.19708134  59.77519275  58.93577355  60.64683431
  53.36566491  46.63944116  54.22229823  54.31438864  56.98605074
  48.23649195  54.3342859   52.69663004  54.69219496  45.98040942
  52.07406468  58.04315365  54.69219496  45.98040942  52.07406468
  58.04315365  57.9646745   54.87269757  58.2846336   56.99283602
  60.21127497  50.08119464  54.7648362   53.6878641   54.14879686
  54.61948331  53.96440636  51.7025938   59.5843949   56.9414336
  57.21140189  52.68312806  49.58658455  51.7025938   59.5843949
  56.9414336   57.21140189  52.68312806  49.58658455  58.33287432
  57.30414566  53.43129307  64.13741131  48.80570131  62.07968084
  57.39046361  49.7206271   50.5950676   56.09630931  56.25213765
  58.65785012  52.27381814  52.70073272  54.05246366  53.43559068
  52.28430081  59.6513451   52.64865708  59.37126369  53.44629059
  51.29142765  47.6227449   58.15670025  57.86873972  45.22296683
  53.74047851  45.98040942  52.07406468  58.04315365  57.9646745
  54.87269757  58.2846336   56.99283602  60.21127497  50.08119464
  62.07968084  57.39046361  57.6236509   56.00050337  55.36987044
  54.0630871   54.28693004  59.95039998  56.4451021   46.96854846
  60.88070619  61.25203395  55.33580119  56.54504156  50.95222225]","[ 52.25751673  46.35013644  42.4249332   41.19367361  47.54760063
  50.80436172  35.35287486  45.750827    39.94206371  35.30839896
  38.69438793  41.67412766  45.74254199  43.97951629  44.57191876
  46.61723601  52.03865829  44.53463203  43.64884696  37.52169813
  44.49648446  43.51005404  41.58394161  48.74020045  43.5668681
  43.94475243  42.23954616  35.38312757  42.91412992  47.99997093
  41.53313094  39.56981331  49.9844096   50.84334645  43.63906479
  44.44897514  50.4301517   51.36593468  37.70934579  46.6432993
  42.52330794  40.54029469  37.04378464  37.58706413  43.13211757
  56.29631739  46.26957333  48.85003856  45.36403907  45.80189384
  34.7790228   44.61616385  41.10671503  43.96831292  42.23954616
  35.38312757  42.91412992  47.99997093  41.53313094  39.56981331
  49.9844096   42.28973805  53.26041443  45.02156192  43.01814357
  43.57782153  48.18689523  42.19873587  49.01241463  49.07478141
  42.90305446  44.38498581  42.16993288  43.10423743  46.22386993
  37.93858084  33.4035118   44.5423228   49.57262026  40.71942183
  42.18455819  51.34913619  45.25329735  54.03453902  44.48495736
  36.60510854  40.69122425  33.33129911  45.83160849  40.14198808
  43.02248595  38.55436576  52.25751673  46.35013644  42.4249332
  41.19367361  47.54760063  50.80436172  42.28973805  53.26041443]","[ 59.73947489  63.85275684  59.2736924   65.29913168  63.21767166
  65.42385378  65.68409566  66.387345    59.23512288  62.3598688
  54.34592095  67.35313319  61.47662471  64.61614924  57.94706102
  57.07041716  55.16988036  65.22676527  58.7712851   55.267037    65.2517356
  60.28253608  64.72841377  60.68198192  55.08276355  54.4627664
  61.35423657  62.28470944  63.23015997  68.02403469  58.55873415
  61.05181751  62.82758014  54.37100463  62.11043594  61.06151437
  58.42022054  57.96019125  56.662858    58.3911812   64.47312681
  52.92468828  57.64390764  67.1000651   65.05122066  58.98646972
  55.35753362  67.43914213  64.80360991  61.68959747  62.57969598
  67.25511227  61.47298771  62.90892944  60.03141249  61.51933162
  60.55809623  64.33352444  60.03474409  66.54651936  62.15868682
  62.67472647  66.49646477  65.59681239  60.04606292  55.33820816
  60.03474409  66.54651936  62.15868682  62.67472647  66.49646477
  65.59681239  60.04606292  55.33820816  64.40753247  64.30718684
  63.09438632  66.49646477  65.59681239  60.04606292  55.33820816
  64.40753247  64.30718684  63.09438632  58.19253843  61.81108824
  60.8487654   64.33352444  60.03474409  66.54651936  62.15868682
  62.67472647  66.49646477  65.59681239  60.04606292  55.33820816
  64.40753247  64.30718684  44.73253291  69.16195609]","[ 42.11835119  35.12108915  40.92899001  44.26952011  40.75616819
  33.65069962  41.77877699  37.83599692  41.71685911  44.01384107
  40.99309322  40.12534603  40.13211522  35.56091556  40.93725203
  37.56321519  45.2998397   38.80726362  38.03395271  47.33034946
  41.91751886  47.63590812  44.26952011  40.75616819  33.65069962
  41.77877699  37.83599692  41.71685911  44.01384107  40.99309322
  42.83872858  37.65204716  39.48816793  40.67454085  38.12892897
  45.26206093  43.80961682  36.16453837  48.17597021  35.27235592
  38.87255464  41.37593279  45.20505953  37.15190739  49.75158911
  38.48549494  37.22201568  35.80028413  45.11012475  34.53202751
  40.11443644  38.74918611  39.49232861  38.66896514  35.66384261
  40.54342657  40.32565934  41.08708446  40.70472668  34.15590198
  46.64029122  49.29388665  43.95980719  37.50231539  44.20259229
  35.94344183  46.32338007  40.39358334  41.96366031  43.54484682
  50.11741387  41.11064506  39.89251209  41.25761065  45.25022014
  42.54576555  41.84860738  43.35475733  49.75158911  38.48549494
  37.22201568  35.80028413  45.11012475  34.53202751  40.11443644
  38.74918611  39.49232861  38.66896514  38.68771235  40.48530913
  39.61101508  38.16706228  39.22414014  45.02452215  43.85800767
  41.67179319  41.69855203  31.46554626  41.39045557  39.45748561]","[ 57.35470725  55.66573574  57.59749443  55.26731881  53.93300407
  51.92733575  50.75836732  53.29924398  52.64293189  53.16224041
  53.44841249  57.20637638  52.21239227  49.60865317  48.32906265
  57.25424855  57.72315053  56.19624159  57.75858961  52.9039404
  49.62899781  55.61231341  61.10905182  56.36504595  53.79490331
  53.38674183  52.5074899   54.83917489  55.51280846  58.64968338
  54.604851    57.69651992  56.41342754  57.35255123  55.50625707
  56.99712647  53.02065055  47.90106318  50.73044567  53.6233079
  53.05106281  56.22481287  54.95507861  58.13190158  48.5352849
  53.68642531  56.74750426  59.86076771  52.50080572  55.88548632
  54.1909273   51.82140723  51.92340993  57.62900538  54.74978493
  59.70966798  54.99907789  58.96865557  60.8180119   51.46505717
  49.01464666  54.87669529  55.28302733  47.58628447  56.41985189
  55.2231599   56.26452195  57.09527668  54.12676577  56.83125789
  51.17281725  53.87257444  56.3680372   54.06364884  53.72444853
  63.02361747  53.55346094  55.51280846  58.64968338  54.604851
  57.69651992  56.41342754  56.85835766  53.99707206  56.39021498
  54.06672672  59.64776333  54.5001303   52.93950788  57.92584682
  56.18056696  59.49251053  59.61800469  54.04047603  54.52810349
  51.34826832  56.60645332  54.15850029  55.35984481  60.6063106 ]","[ 40.12997006  36.33942751  40.78649935  30.77315047  33.97743097
  34.93941262  27.47330483  35.4446956   42.06091515  41.58971749
  30.73104827  42.28712929  31.81002966  28.3601312   39.70877642
  46.12538208  45.57964701  38.62445671  39.30864164  38.87034333
  35.57790774  39.3420188   40.12997006  36.33942751  40.78649935
  30.77315047  33.97743097  34.93941262  27.47330483  35.4446956
  42.06091515  41.58971749  39.6460979   37.14785352  27.86555379
  37.84876307  38.21666215  31.52958088  38.39622757  36.29895458
  28.58672368  38.80374819  34.80370384  40.74864433  37.57784055
  33.24571628  37.46776186  41.16264411  42.70633071  33.54985893
  24.83653748  40.32152563  40.8340585   36.83609093  35.57042828
  34.3576437   43.63899836  30.14909652  40.93004169  41.45395837
  28.10745201  36.26912024  43.75531423  38.27674028  30.93917841
  35.02037984  33.53770046  37.69615473  31.17763745  36.95159701
  32.35196219  38.69763955  38.09186335  35.61634338  28.98451809
  42.2257176   35.81986743  34.80098707  26.17223833  37.36298769
  37.83936321  38.95185607  39.75004263  38.16175005  34.00951929
  27.91294484  37.76414361  35.2528697   35.81793418  39.6460979
  37.14785352  27.86555379  37.84876307  38.21666215  31.52958088
  38.39622757  36.29895458  28.58672368  41.48619103  41.01849174]","[ 52.52591486  42.46080004  48.99800273  45.2385252   44.59096815
  46.51215839  41.72973205  48.10536329  38.55998302  42.21673644
  42.87740878  43.95136869  38.18672772  39.84386327  41.51132078
  46.91102297  44.52835643  42.45064168  38.30568053  40.32602713
  46.97641067  38.68992777  41.13993095  40.17310749  36.72187768
  40.2187536   43.18165568  46.56871     46.57762517  48.39881569
  42.43525282  48.30488392  43.12766796  41.17528038  38.80586057
  37.29002146  40.66699813  48.56315504  36.72595226  46.15322948
  41.43353354  48.34449765  45.568818    48.83649433  40.81351512
  46.80369611  39.30126854  44.66875736  46.26881047  42.01495392
  45.55124693  47.8339005   37.60278699  38.56807779  44.74913554
  44.36251129  52.52591486  42.46080004  48.99800273  45.2385252
  44.59096815  46.51215839  41.72973205  48.10536329  38.55998302
  39.8239261   34.18130276  42.22549041  45.42266457  46.28602918
  48.83649433  40.81351512  46.80369611  39.30126854  44.66875736
  46.26881047  43.98660582  45.21915648  32.06588978  41.81627587
  42.95597665  41.35358457  37.23458038  44.47210066  41.74772175
  42.26483439  48.57436668  34.12230419  38.49282278  47.15336498
  44.01862995  36.85327238  43.68601781  42.64815285  54.269554
  34.59030414  47.457455    38.1356735   45.13994957  44.27394858]"
"[ 23.20068513  26.04095326  28.23865669  17.56964424  27.66552079
  26.32070815  22.98568818  21.84030038  31.18487188  29.20475139
  18.34837357  24.26682535  28.32020536  25.808164    29.14391397
  27.95314208  19.14058079  27.59434218  23.66773391  25.63723949
  29.10355377  21.48343212  26.66588371  24.47087105  31.10422328
  26.44980305  27.66895527  21.41435465  25.46107624  30.7526867
  25.20737381  29.42135573  26.7500995   23.37575935  25.20737381
  29.42135573  26.7500995   23.37575935  28.22659236  18.34837357
  24.26682535  28.32020536  25.808164    29.14391397  27.95314208
  23.37575935  28.22659236  18.34837357  24.26682535  28.32020536
  25.808164    29.14391397  27.95314208  19.14058079  27.59434218
  23.66773391  17.50862808  26.22677028  27.14754465  27.47912934
  25.74924993  26.66588371  24.47087105  31.10422328  26.44980305
  27.66895527  21.41435465  21.48343212  22.80609571  27.27308874
  26.04643537  24.80180695  29.22162022  26.78441733  27.59203444
  31.35489725  29.66695997  25.2498723   25.74924993  26.66588371
  24.47087105  31.10422328  26.44980305  27.66895527  21.41435465
  25.46107624  30.7526867   25.20737381  16.07961155  29.09884372
  24.54647429  24.1887391   28.04037381  14.57545385  26.40140759
  25.77783582  22.89921303  28.10386602  26.57204616  28.01472001]","[ 26.88333938  22.13153728  25.17039859  26.65989033  19.22634152
  19.67742913  23.78689371  26.80674314  15.0987733   27.74331241
  20.74224739  19.44351258  20.31432608  17.87150655  23.40728344
  14.94552704  22.80322866  24.32313013  21.03144983  23.76636464
  22.27612057  21.13875438  26.65989033  19.22634152  19.67742913
  23.78689371  26.80674314  15.0987733   27.74331241  20.74224739
  21.25553771  15.2495711   19.72674481  21.13875438  23.43446721
  21.99049427  28.13803629  18.86098331  14.65664754  24.58429668
  27.76541745  22.56001969  26.88333938  22.13153728  25.17039859
  18.4008373   19.2820702   24.12002993  27.76824857  21.47986875
  23.63745424  15.25097607  24.91147387  24.7224391   20.81841065
  22.7394795   22.21497317  25.90030018  20.4579146   18.69829973
  24.26545776  23.03685984  20.31914596  26.51908803  25.5238555
  21.99049427  28.13803629  18.86098331  14.65664754  24.58429668
  27.76541745  22.56001969  26.88333938  22.13153728  25.17039859
  26.65989033  19.44351258  20.31432608  17.87150655  23.40728344
  14.94552704  22.80322866  24.32313013  21.03144983  23.76636464
  22.27612057  21.13875438  24.56808684  18.07670804  17.96684567
  16.63087546  20.5598533   22.15925972  19.56377349  25.82698431
  15.99467791  23.83862572  19.08469894  22.09431801  23.12107322]","[ 39.6448765   40.67604501  37.30184537  34.16859832  41.2037685
  34.51458163  37.98466998  40.21783299  41.63824738  40.35021757
  41.22371401  43.32229373  46.7876068   38.5221643   41.04676376
  37.74036772  44.56995291  38.59813294  46.54216762  40.57837683
  41.239101    49.25620704  43.02798652  40.13425302  31.78495462
  45.74599861  40.15529241  39.37677052  46.9082651   37.00906538
  42.39982076  38.97460201  37.19854833  43.98355594  42.37999371
  44.08994859  48.17787105  43.02798652  40.13425302  31.78495462
  45.74599861  40.15529241  39.37677052  46.9082651   43.54029629
  42.55438922  33.19446144  44.84567615  41.52743557  43.83334607
  46.24295188  44.16367383  38.72453059  40.80285218  39.03154335
  43.2476425   42.49266649  43.02565203  45.66880017  38.12952395
  42.34133062  47.02650858  38.58022048  42.16158832  43.32229373
  46.7876068   37.28892853  43.53347987  40.70778164  42.56093678
  45.10335645  43.47095675  37.49172485  35.76712729  37.18446769
  43.23689707  35.7983679   40.12557872  44.99917719  41.73847222
  43.41468891  34.18325717  43.68172486  42.75560073  41.56566668
  34.54978588  34.99331915  44.23461533  38.17355169  41.92818353
  37.85279599  42.91537325  39.35750356  38.65550346  38.07945818
  36.38895648  46.34938671  43.98156705  37.28892853  43.53347987]","[ 50.0910101   59.5425932   58.22758208  55.32987746  58.39906296
  52.11367081  56.59287135  63.63320963  50.34302415  54.94893568
  58.16661968  58.22758208  55.32987746  58.39906296  52.11367081
  56.59287135  63.63320963  50.34302415  54.94893568  58.16661968
  58.83638623  53.21020969  58.49951066  59.67315302  63.30050055
  61.36711814  51.09188915  59.08439423  56.77522943  57.06584742
  60.43228931  61.62324786  54.70770325  55.96959172  56.51766888
  56.54829352  62.28149872  60.56977864  55.104338    53.88012592
  59.10171824  55.50509446  56.24785142  60.14194628  56.38987099
  55.69699109  59.97676     52.67705207  53.42919518  58.14642554
  50.0910101   59.5425932   58.22758208  55.32987746  57.06584742
  60.43228931  61.62324786  54.70770325  63.46361849  63.77189013
  59.33850347  57.77294597  54.83207056  49.63501274  64.03091669
  61.20960718  57.66012892  54.97328685  56.42537219  54.26171885
  53.47084446  62.07775117  60.34418287  59.84452874  58.84049267
  61.99563817  54.62459567  56.37092679  56.96819044  52.8312221
  55.39639726  54.28885296  57.56879963  57.18477855  56.97597024
  57.40055774  56.08865175  62.07775117  60.34418287  59.84452874
  58.84049267  61.99563817  60.07590334  64.70867679  49.65501455
  48.55586345  59.13954178  56.31329847  58.16661968  58.83638623]","[ 46.59749394  48.14053946  40.17286929  49.08047418  43.43144301
  42.88220706  50.38224206  40.61648659  45.16337858  48.96983392
  49.35414048  48.38854062  49.80001624  47.75311394  42.90191795
  41.31230998  52.99426215  39.34006595  36.29644768  41.19668545
  50.76714227  54.98630699  43.56821637  48.50723304  45.58289051
  46.52402699  48.15110042  47.14207929  45.99528752  52.11147308
  55.65875597  46.82078206  35.48149778  53.6181131   58.79877961
  53.36812891  47.51642903  47.01211933  46.51018506  53.65171989
  47.49372816  45.56212634  44.97497666  62.1911556   42.90187942
  51.93302568  51.14746613  53.72210222  37.1591503   48.84865821
  40.08675424  53.24844036  45.11863695  38.04865489  41.44021004
  45.5907429   46.70163434  50.50033152  42.82176961  52.51774051
  51.4232109   41.99401785  50.08931136  31.11570533  33.46846941
  58.5796694   42.02428019  42.76253847  49.1563426   39.05721324
  46.29152188  43.47355738  42.50981386  40.85596348  43.13551966
  47.45849314  42.7959786   37.85005148  45.40957839  48.38960838
  49.54633892  43.03432913  35.48149778  53.6181131   58.79877961
  53.36812891  47.51642903  47.01211933  51.90385356  47.64234044
  45.0475033   49.94938984  52.12034598  53.29640215  44.75204019
  44.95063706  41.23011484  49.47638735  42.90191795  41.31230998]","[ 64.96491195  60.1792737   60.79783212  62.38160776  65.14977611
  62.32523712  65.67960717  61.13451857  64.893894    57.87613615
  60.74185435  60.83426597  60.21117504  60.32892655  59.35721204
  57.74071126  64.02637213  58.11648948  58.14809991  60.2870503
  58.72764187  63.29370721  63.04541089  64.81771859  63.79609605
  50.6090853   63.63142073  57.706121    53.37243733  56.11683647
  53.56509915  53.48700203  64.96491195  60.1792737   60.79783212
  62.38160776  65.14977611  62.32523712  65.67960717  61.13451857
  64.893894    57.87613615  60.74185435  63.38606378  58.45753346
  54.59969394  67.39672831  65.76282766  61.65525049  60.83535918
  63.95579728  58.2290608   67.21478782  56.59096918  65.14977611
  62.32523712  65.67960717  61.13451857  64.893894    57.87613615
  60.74185435  58.50437497  62.9638742   62.62976869  53.75457183
  62.15660915  56.24316757  64.02592505  58.36423234  58.8661503
  59.83554578  50.6831447   53.6878323   62.77125841  59.18057701
  61.24867478  63.25314135  52.92252781  63.98684143  56.55109299
  62.48050272  71.46289325  60.81861765  65.2530191   51.80505232
  57.55787483  65.71175394  57.59822945  56.7670538   64.16708001
  53.46640917  70.2977795   57.70182596  61.07160402  63.4031662
  60.34445874  59.68342228  59.49277812  51.82430216  54.48737865]","[ 38.66123147  46.73072039  48.94754458  42.75919314  48.15923998
  37.17126448  35.14381587  39.10990451  51.19141462  46.21169249
  45.28458182  39.46995233  44.50864736  35.05128095  43.89481618
  45.030837    41.17907977  41.66547374  43.25559302  39.91881001
  44.26168337  39.47031811  44.17218796  44.80788973  40.99480925
  34.65219472  42.84690688  46.42897414  34.10895011  43.64663297
  41.2201548   37.81296005  43.43442829  42.59492055  36.05585853
  45.10094601  42.07910046  32.23206597  43.77728435  37.49032864
  40.44817036  43.18804361  46.64228105  40.15870797  45.14878603
  40.76324926  37.70249813  38.26126047  35.60746922  44.34178152
  44.08690382  33.19714181  34.2835802   39.31443023  42.33772038
  41.96134259  43.14821761  36.11152461  39.48739119  46.25971419
  45.04344984  33.21379267  37.25551752  34.84943441  41.87009045
  35.81314017  40.83542635  39.02805022  46.69288629  38.97201989
  47.85273341  43.57279974  33.11698165  41.08844687  40.65341386
  40.71274831  32.23206597  43.77728435  37.49032864  40.44817036
  43.18804361  46.64228105  39.46745993  39.38720214  43.30909729
  43.26263182  39.5299903   45.2828058   45.87458662  40.0710674
  41.33300222  40.52908557  39.22602982  43.03578539  36.70181502
  42.73461445  41.96099241  41.40085094  41.78464714  45.2828058 ]","[ 57.09556596  57.54024888  58.40597951  60.08588148  50.09386187
  55.29004648  50.32472546  53.75489446  52.82557409  49.95095712
  57.51928315  53.70041154  60.36614537  55.60485754  59.01167973
  57.42066655  56.07727804  58.31083596  54.66604821  52.30539891
  59.5152051   54.60454565  56.07727804  58.31083596  54.66604821
  52.30539891  59.5152051   54.60454565  59.13822936  57.34605396
  57.49760741  58.56951266  61.72794154  59.54338649  56.39062051
  56.11343572  60.00173957  51.29278     54.46923057  56.38680998
  53.47769333  60.8124566   54.22378735  57.48008551  51.39970623
  60.09845388  54.610641    56.06068325  58.64311105  55.19850586
  57.63281564  57.40091643  57.3244428   57.3963309   54.86709518
  53.75489446  52.82557409  49.95095712  57.51928315  59.97800496
  61.01268121  53.34814931  59.20720677  61.64073208  50.60537381
  55.32082866  52.70600768  55.94059298  54.84878818  50.56123629
  54.30016893  57.17456583  55.64965939  52.49608014  57.06049125
  57.61966675  53.54656424  55.31433976  51.64067844  58.57723855
  57.58354851  62.6884661   59.50136737  54.2788495   57.50693125
  61.23671184  59.00303076  57.60577264  53.21824486  56.22010708
  55.64749653  56.84900062  57.94194628  54.550717    55.01008926
  63.53311051  54.60615227  57.96981377  52.87011245  54.752567  ]","[ 35.78470501  43.8640243   36.92162571  35.19491412  31.53316274
  40.94463311  39.63497991  42.77236782  40.58704374  35.80331626
  26.63813436  40.17895254  39.23686058  27.84933226  37.97677083
  38.12170467  32.19237709  34.79344737  35.93756449  29.15574146
  41.58498106  35.70400333  32.48710014  36.36364709  36.90654414
  36.92815703  38.77303808  41.77814581  38.8233116   28.34611574
  41.86353188  43.61045118  41.73683359  41.99498028  43.55583796
  37.43415635  38.43265946  39.61225574  37.39083186  43.44767346
  30.9091443   35.45705031  48.66372679  44.23714865  34.42197171
  44.62002207  35.35853594  44.75869155  37.2099298   37.39585001
  35.85687816  37.91599927  32.99912119  39.14255128  38.84797824
  39.21810112  32.48710014  36.36364709  36.90654414  36.92815703
  38.77303808  41.77814581  38.8233116   28.34611574  41.86353188
  32.71276942  36.11120643  33.14463017  36.16095938  42.45829864
  33.80618507  43.99704849  31.64212945  40.45447153  34.67071452
  38.17956987  43.55583796  37.43415635  38.43265946  39.61225574
  37.39083186  43.44767346  30.9091443   35.45705031  48.66372679
  44.23714865  39.7357147   43.66221912  35.16588974  44.91697926
  40.12486248  36.43459574  40.38532783  37.66419474  39.3678619
  36.14355953  31.95026472  34.52236498  35.38144928  49.75951323]","[ 46.95859455  46.14000486  36.97809267  41.01994052  47.62071133
  38.81029537  46.89149615  54.00705684  44.55539928  45.58846182
  36.66649831  43.22522071  41.60397869  42.72722676  46.36069522
  39.89688616  43.97846977  40.72977875  39.95844228  43.15939839
  38.38321575  35.8335204   45.69642895  47.59991233  42.70113166
  34.56863637  47.80041486  41.78203333  34.85510009  43.39863164
  40.47796836  37.65817509  45.45559016  48.44658277  33.79628472
  34.8098378   43.63623822  44.85469346  40.16023678  48.55993207
  45.43675805  46.07991467  43.54517195  30.61310328  49.78201585
  46.16651447  44.20085319  51.48847417  39.25410779  48.45336041
  40.60737677  43.80309182  41.92561201  43.10301192  43.34179981
  43.22522071  41.60397869  42.72722676  46.36069522  39.89688616
  43.97846977  40.72977875  39.95844228  43.15939839  38.38321575
  35.8335204   44.85469346  40.16023678  48.55993207  45.43675805
  46.07991467  43.54517195  30.61310328  49.78467187  47.51856297
  47.63271038  37.7019863   39.32565758  47.26605615  34.05695153
  36.88643858  42.48656612  44.60371382  45.61135176  34.18007595
  47.15129957  40.09089273  44.43309498  41.82395045  51.44197645
  43.49322621  39.33887326  41.93107456  30.02510871  44.15085691
  41.56698401  47.872359    41.3260442   40.11683171  47.90874809]"
"[ 25.56550828  21.50965944  27.50097226  24.23389606  29.21317125
  28.20645765  23.81717621  26.09453332  31.02647253  28.71084621
  27.71956771  23.6234205   28.14435334  25.72767064  31.59217858
  26.0389802   27.6058525   27.1941279   29.16093931  27.38039201
  24.79303554  28.35226203  24.85690796  28.51363896  26.7178809
  26.76296825  25.56550828  21.50965944  27.50097226  24.23389606
  29.21317125  28.20645765  23.81717621  26.09453332  27.50097226
  24.23389606  29.21317125  28.20645765  23.81717621  26.09453332
  31.02647253  28.71084621  27.71956771  23.6234205   27.79814401
  27.71956771  23.6234205   27.79814401  32.16467542  29.82811603
  25.98559854  28.14435334  25.72767064  31.59217858  26.0389802
  27.6058525   24.85690796  28.18035762  26.54238902  26.70743912
  29.51509403  25.00055169  30.25992115  24.37400417  29.70032226
  26.04046461  31.16347175  32.16467542  29.82811603  25.98559854
  28.14435334  25.72767064  31.59217858  26.0389802   27.6058525
  27.1941279   29.16093931  27.38039201  28.77325357  25.99408273
  26.37322905  26.53705297  25.65665272  28.43460653  25.2636615
  26.93335688  30.5342297   27.93777058  23.18334456  29.73448734
  25.76865058  26.21078695  32.19960366  26.18825722  28.52436522
  24.05475281  25.67226077  27.44838869  30.32738055  27.99413882]","[ 22.53226671  21.89266516  26.61660479  18.14590175  24.76054403
  21.54853797  26.36126056  16.19185483  19.8928477   17.90349476
  23.7316436   19.85165139  19.35339393  21.81820954  21.01087991
  24.57535589  20.56830506  23.25219533  13.06238538  22.54858283
  16.91854435  23.50592668  16.35396592  25.92582855  19.89068663
  21.17009668  25.69150954  13.11832863  21.42867974  19.9693233
  20.86087313  20.26343289  20.94001339  21.38552194  23.21179222
  12.07520808  28.35902927  13.50449276  23.52310426  18.94600057
  19.67818689  20.50268351  23.75931789  25.14759239  18.60542785
  18.2752738   15.69928707  21.49684973  24.2945402   15.5130165
  15.43603174  16.35396592  25.92582855  19.89068663  21.17009668
  25.24855054  21.52732708  21.53193426  24.07833961  26.07189814
  25.7540376   13.33992734  18.36000259  20.41973366  20.37015448
  25.24855054  21.52732708  21.53193426  24.07833961  26.07189814
  25.7540376   13.33992734  18.36000259  20.41973366  20.37015448
  21.22665038  21.17009668  25.69150954  13.11832863  21.42867974
  19.9693233   20.86087313  20.26343289  20.94001339  21.26052013
  21.423495    27.48423885  30.85549347  18.60542785  18.2752738
  15.69928707  21.49684973  24.2945402   15.5130165   15.43603174
  16.35396592  25.92582855  19.89068663  22.07411935  22.93038798]","[ 36.36758961  42.29160744  46.31353713  41.7981874   42.26802591
  38.8874291   40.754586    42.32557781  46.88699024  31.7958742
  41.33038934  39.0126346   40.63292374  38.76553656  42.97823949
  35.29606255  47.58134834  42.44139186  39.19472454  46.03949656
  45.3900199   45.18680054  45.21567596  40.61774168  30.16686623
  41.27226682  46.06538232  43.5931468   39.49533994  40.70994099
  48.82871043  39.59123661  46.37401458  39.48194827  40.30017586
  39.63362057  32.72814082  47.37090199  46.75197816  35.98027343
  41.55772368  43.04214702  45.45084703  47.54075956  41.5919387
  38.50280779  44.3896191   38.1825329   38.02071696  39.84586989
  38.88042854  45.90732366  44.44740093  34.98951371  40.39476038
  38.93746567  45.95698706  39.56878279  37.03852517  39.8175817
  43.60829283  49.45030924  48.58427346  45.77021679  39.0126346
  33.49057891  36.70709504  35.53590426  48.61976621  45.21567596
  40.61774168  30.16686623  41.27226682  46.06538232  43.5931468
  39.49533994  39.48194827  40.30017586  39.63362057  32.72814082
  47.37090199  46.75197816  35.98027343  41.55772368  43.04214702
  45.45084703  47.54075956  40.78458723  41.4863668   40.56822662
  40.54818842  33.31056653  49.12992235  41.15044816  41.64077172
  48.3384045   39.60082194  42.04924781  40.88051458  42.29820964]","[ 57.22091928  56.06633657  55.33855067  58.69726824  65.87590604
  56.86699865  65.22324025  61.91464125  62.62302621  57.18158948
  56.65014653  51.20233698  61.91426209  59.7285701   63.59414033
  56.65318898  45.50619863  58.67765168  53.49427685  56.75122959
  56.8054282   55.15572514  46.88948018  60.70152603  45.54680369
  51.10518385  58.65299883  49.79169615  54.24371419  49.75445995
  59.24071954  51.20233698  65.22324025  61.91464125  62.62302621
  57.18158948  56.65014653  51.12568416  57.44932825  59.54667962
  55.1696296   59.90819821  55.67248718  46.88948018  60.70152603
  45.54680369  51.10518385  58.65299883  49.79169615  54.24371419
  49.75445995  59.24071954  51.20233698  61.91426209  55.17369842
  55.1211664   55.01319592  61.88266497  58.07955884  56.34017152
  58.03134292  55.58499674  55.96541831  56.70488779  56.8575637
  66.09115422  60.37991593  51.97902626  55.62142309  48.82331063
  56.84637774  61.0943724   45.14584348  58.1959916   60.02208937
  61.04280209  56.34017152  58.03134292  55.58499674  55.96541831
  56.70488779  56.8575637   58.33943244  64.93625909  54.03691772
  57.90651541  53.89858405  55.97077414  57.68359881  58.42140461
  61.98735602  63.79198169  51.64147025  52.33670914  53.88126362
  60.56338359  57.55127741  57.21671095  58.68722658  55.76116782]","[ 50.66417636  51.28719856  40.30050211  41.9873776   44.22206607
  49.15559247  46.87329892  40.00592456  47.76782622  47.04899943
  46.82924851  55.41871913  38.64194256  54.10622755  47.17380968
  45.17942977  48.73838985  48.9344568   49.43150618  49.79147276
  45.99086076  54.37650262  55.0102006   42.8332879   50.27027653
  43.01086873  52.36593991  45.89603697  53.53995996  38.13222725
  53.87139262  49.79839828  41.94387524  53.45312278  42.28694168
  43.65016216  47.49558471  42.138199    46.72957333  38.29410919
  42.8332879   50.27027653  43.01086873  52.36593991  45.89603697
  41.48214535  35.27698285  48.77952291  53.07976019  44.2792409
  54.27930421  54.34802038  45.7672073   51.09907741  52.74776521
  48.77091045  46.29667699  38.67404403  44.74857805  38.64194256
  54.10622755  47.17380968  45.17942977  48.73838985  48.9344568
  49.43150618  42.15855031  35.19625304  37.96215266  49.2607253
  42.48971022  45.64281138  46.04970666  52.48792044  43.47627879
  52.11635525  50.26173161  46.88461739  48.35869232  35.52169595
  44.68859899  45.05304594  47.36614982  38.80396425  44.87337399
  40.35743859  44.02841792  38.17249016  49.43150618  49.79147276
  45.99086076  54.37650262  55.0102006   46.6625107   46.41570099
  48.5143646   49.7594314   39.7429905   43.55086437  42.46253619]","[ 54.58783326  59.75288111  65.20337465  65.83054451  58.67053607
  56.58254654  56.75490718  60.33913528  57.14899786  59.26408497
  61.87227466  59.50125873  50.94898546  65.39414498  47.52258116
  54.33644013  51.84316219  69.19567321  63.27174657  62.54956077
  58.491121    58.83233884  61.43286767  59.68375693  63.10576863
  62.48914053  55.9766647   63.14564957  56.53336379  56.28365181
  53.44574645  63.10576863  62.48914053  55.9766647   63.14564957
  56.53336379  56.28365181  53.44574645  54.88256179  57.54784861
  59.8793244   63.23178294  56.49241419  59.4118854   58.40892489
  55.93871991  54.99393628  59.05016047  63.93209877  62.30674086
  52.58017163  52.44682629  56.59285184  64.52397261  63.14564957
  56.53336379  56.28365181  53.44574645  54.88256179  57.54784861
  59.8793244   63.23178294  56.49241419  58.23632767  67.65987949
  59.68375693  63.10576863  62.48914053  55.9766647   63.14564957
  56.53336379  56.28365181  53.44574645  54.88256179  57.54784861
  59.8793244   62.8322652   64.54302195  65.63956489  68.19084233
  58.52973598  60.86621541  60.03055322  60.85942244  59.26899794
  50.12047433  65.16129264  59.17423185  55.02902888  66.58612266
  56.61391616  58.31761126  63.00836505  56.34071342  58.07345515
  57.27496169  62.2878028   62.02234001  60.66974629  60.43940481]","[ 40.01131783  38.91153178  39.70697356  45.94481694  42.66656177
  38.64656723  36.57449519  33.09231054  40.73943111  30.54885982
  40.72727051  34.78926766  38.82923044  38.9669942   39.35738362
  44.16976143  38.04737435  41.48117198  38.68335192  36.14794604
  41.24682301  38.33348453  42.4296085   44.73593789  40.23397767
  37.28548491  32.37008371  43.07321607  34.05808778  47.22826032
  39.32896531  36.26481752  34.05053158  44.58308119  35.56390531
  40.007889    37.31734579  33.64860468  38.73195388  41.38662297
  51.01013255  39.45022035  37.34925221  37.58380995  34.0545713
  44.58308119  35.56390531  40.007889    37.31734579  33.64860468
  38.73195388  41.38662297  51.01013255  39.45022035  37.34925221
  32.13615726  40.66465977  45.51182932  39.40983579  36.6035381
  42.52777495  37.15371985  34.00339923  45.58006834  38.74701089
  36.30796371  42.83292516  37.68597904  44.28751801  41.97773566
  37.38141758  33.96693143  45.49655079  50.34832768  43.66533059
  35.35645719  33.53723782  39.06900933  33.34993251  43.14232223
  40.50336635  38.70053668  39.3197969   37.1182523   37.28287258
  36.21463455  36.52211884  34.54641615  39.82013548  38.15634085
  40.94833897  41.16160772  24.93491363  40.73378121  39.38772512
  38.57992109  35.52772461  39.55169948  42.66656177  38.64656723]","[ 63.53165051  65.06554993  62.57542051  63.5226898   61.01170969
  58.89816012  52.76932317  57.15242821  55.36950856  53.79946738
  61.84795504  57.28420593  56.49427043  59.08920126  55.6468949
  55.68234079  58.36013539  58.01611814  62.74480803  55.91838055
  59.87227492  60.49505926  56.80450692  53.50882622  51.38848102
  58.22728375  62.37839949  61.03696291  57.33146389  58.04445288
  60.58027991  57.04484377  56.11612979  55.2851718   58.19771995
  57.48507955  67.12266923  62.84932739  53.25249796  57.79744792
  52.32577271  57.55548662  62.19098979  60.3794851   56.69360328
  58.5283466   56.87868979  57.60326434  55.4120004   62.67996414
  58.37943795  59.98067294  61.17810332  59.60014859  61.17595645
  62.65282282  61.65371302  61.39880383  55.94073787  58.90233752
  52.16286952  64.52401234  62.24077521  61.57823807  59.04036537
  58.73880507  62.08474056  53.22149368  57.99501209  60.80552203
  52.6306155   53.04899617  64.13841124  58.49899223  57.39208525
  63.53165051  57.35468139  50.16822426  54.31556238  56.13735419
  59.99463583  61.23584572  56.08731915  60.44340637  56.5908885
  60.45086368  59.6059815   52.76932317  57.15242821  55.36950856
  53.79946738  61.84795504  53.82525541  60.88980447  59.9762224
  62.98354448  56.40490458  59.61883254  54.76572632  59.36611757]","[ 38.14844661  39.37904441  37.65640662  37.0072992   43.30517913
  36.87383866  41.13596612  39.31536284  42.42805897  39.84821695
  37.48142941  31.59148101  37.87563267  40.66099218  40.34327697
  38.41309821  37.20860793  41.09862568  33.68641752  34.78680784
  41.03029945  41.10181743  48.26035835  40.88302118  37.31443257
  30.47317357  38.33048264  34.98052782  42.08542233  42.05324043
  38.53325664  38.45083281  38.31655449  45.36226222  37.15642425
  44.21909227  43.86440484  34.05921957  35.28959024  41.90101556
  41.50644434  42.83570777  35.16353944  44.21909227  43.86440484
  34.05921957  35.28959024  41.90101556  41.50644434  42.83570777
  35.16353944  32.24357804  47.74944403  43.65799055  37.89352125
  36.36865029  34.24214122  45.95231439  43.86408525  33.79215058
  41.94063778  39.70472388  31.06314377  38.33321484  33.93052215
  47.94962392  42.46623522  42.10178493  44.14008957  35.88084562
  33.40875672  39.43350185  35.30727301  39.15914441  40.67803429
  44.13668484  40.88302118  37.31443257  30.47317357  38.33048264
  34.98052782  42.08542233  42.05324043  38.53325664  38.45083281
  38.31655449  43.41375121  36.88933513  42.17747468  37.2431494
  41.24104048  40.19006979  24.30536993  28.33124383  35.32210786
  43.65177836  36.961307    39.33544944  39.50613669  50.47061027]","[ 42.75177723  44.32771474  42.29602626  40.71865896  47.07599928
  55.86094196  47.93233556  42.73201781  45.74912918  41.68013919
  41.86960322  44.39807297  40.63429314  40.82342149  46.13803749
  40.04971174  41.3559      45.56073129  43.3652675   47.05913165
  38.41938052  39.34017074  41.28010629  51.28473808  40.97649444
  36.42259081  52.9281935   43.96357887  38.20946477  45.59341116
  43.21268728  43.05496412  54.01678489  41.62714236  40.96135012
  50.20053355  45.29696576  49.05236936  38.27178     39.27418105
  44.72183776  40.09522013  49.96351283  51.54633106  45.69848309
  38.8331485   46.61730389  54.46391657  43.31421369  47.27793607
  46.76881827  49.36316632  38.72862727  45.34047867  47.63338827
  44.91402736  47.43734287  43.43105103  48.10430913  39.08128976
  41.17730096  44.15521378  41.46610937  45.02566273  42.90278314
  32.295624    42.19113399  49.86026197  42.82185245  45.28022117
  34.39257693  49.53053188  48.76657506  49.65497082  38.60984408
  39.59474259  33.12623437  47.13118495  44.16343039  45.33464939
  42.94136986  39.73102234  32.60458182  44.39807297  40.63429314
  40.82342149  46.13803749  41.18785503  38.78708059  43.70447003
  46.62584425  43.27245186  39.2989937   42.68872792  51.90666732
  47.20977869  50.08443265  43.37158499  42.75177723  44.32771474]"
"[ 30.24336747  26.86999346  27.34670079  29.47933742  30.48166422
  23.70039657  31.97989614  28.36510748  29.63290606  29.03022595
  26.66510718  23.97747974  24.50880468  23.17759662  31.71557547
  31.27572346  30.28003159  29.79078477  26.26089109  30.86158681
  29.30120609  24.3315079   27.63251337  23.43455706  28.65590425
  26.90246154  28.98658147  26.6084812   30.08862225  27.57811725
  26.742211    31.69408128  19.23242552  29.03022595  26.66510718
  23.97747974  27.63251337  23.43455706  28.65590425  26.90246154
  28.98658147  26.6084812   30.08862225  30.77651275  25.12479457
  24.50491655  27.71914639  28.41810122  30.28450111  27.41863095
  28.32938122  35.16097962  28.96980255  28.40139025  30.24336747
  26.86999346  27.34670079  29.47933742  30.48166422  23.70039657
  31.97989614  28.36510748  29.63290606  29.03022595  26.66510718
  23.97747974  23.43455706  28.65590425  26.90246154  28.98658147
  26.6084812   30.08862225  27.57811725  26.742211    31.69408128
  19.23242552  30.55521206  32.60758448  27.04838609  28.9638211
  27.38651793  30.24336747  26.86999346  27.34670079  29.47933742
  30.48166422  23.70039657  31.97989614  28.92240144  30.27432185
  28.02133245  28.76848183  25.32149557  26.19454928  31.30252825
  32.28877783  28.24765189  29.37415446  27.57481647  28.95910784]","[ 26.41720394  16.88860751  19.12377656  20.4741082   18.54841759
  17.79458877  19.46432521  21.49495343  28.17177115  24.167847
  19.85391556  25.25130002  20.52852097  22.26795635  24.34937958
  23.28494657  26.58302414  20.77826162  22.3604229   17.03947219
  20.92631171  26.00712732  24.61092478  20.64313015  26.41720394
  16.88860751  19.12377656  20.4741082   18.54841759  17.79458877
  19.46432521  21.49495343  19.79444511  27.59375963  15.22244862
  21.99837528  18.48848608  24.84206142  22.04107321  20.24169093
  20.60194128  19.17790879  25.91696874  25.91696874  18.95246651
  23.43481913  25.8147732   17.21338663  17.39207413  21.66755162
  23.12583694  24.67051951  21.63525894  24.61092478  25.8147732
  17.21338663  17.39207413  21.66755162  23.12583694  24.67051951
  21.63525894  24.61092478  20.64313015  26.41720394  16.88860751
  21.1135106   17.10424634  21.969452    22.72986065  22.02313583
  21.06067108  20.27095528  21.09388878  21.31495517  20.20757832
  22.3834185   19.43754356  19.79444511  27.59375963  15.22244862
  21.99837528  18.48848608  24.84206142  22.04107321  20.24169093
  20.60194128  19.17790879  25.91696874  20.23600156  19.94598051
  24.33786796  20.08853971  20.78964227  22.57989598  26.24044053
  26.63154263  23.13602715  27.00313004  25.95696096  19.5888794 ]","[ 43.48088406  38.56907271  43.40307481  43.91771089  40.81259993
  45.9625595   41.72278995  44.94417981  36.40782513  37.38507796
  46.28292374  46.60602754  41.77016776  48.27654068  44.30488656
  43.90797859  41.91056931  36.83067012  45.59095636  46.74963933
  43.9880364   41.28680428  42.51435579  40.85598282  37.74441776
  46.50400962  41.82636682  44.79044623  46.57234635  47.1326097
  46.40009784  42.52636     45.42562411  36.39024388  47.40200218
  43.68824484  39.96203936  47.90528562  45.75180746  47.14559441
  40.00124008  30.80499124  50.07211614  47.02847973  42.42856151
  46.91969925  42.73987466  40.76921225  46.99586934  50.21884232
  47.32401853  44.59150018  42.5615547   38.98480468  39.19690511
  43.98375638  43.37866861  44.79398249  43.87771606  45.09304385
  42.33596087  40.5961944   49.05383721  44.40879741  44.42853003
  43.08022781  33.97160036  49.53864065  40.32881743  44.35966722
  43.47554019  38.39387434  48.51108561  39.1749858   44.73906621
  51.97099079  46.60602754  41.77016776  48.27654068  44.30488656
  43.90797859  41.91056931  36.83067012  45.59095636  46.74963933
  43.9880364   41.28680428  48.06179525  41.30295203  42.97974729
  42.56746871  45.14646285  46.26128828  43.89525489  49.04867177
  46.33734053  48.68232688  47.02847973  44.35966722  43.47554019]","[ 57.37253375  52.76070414  54.9131906   63.98629073  51.78020365
  50.31787352  54.71942494  62.0063456   57.34727859  56.85520573
  57.33974797  56.44668037  59.21111953  64.00821242  50.64181073
  52.60934993  59.45453287  53.85196327  52.46034586  51.7404324
  51.47807757  59.84951506  63.8736641   59.86567133  54.63219982
  62.55523557  59.28350231  55.75149499  60.08816974  58.53988638
  59.31826058  66.0271549   51.18169798  57.92332078  50.786787
  51.81630717  60.53919393  62.30699161  55.92500209  58.22058222
  57.37253375  52.76070414  54.9131906   63.98629073  51.18169798
  45.2364436   58.37772301  58.01819436  54.95548495  52.66758052
  59.32573607  59.25999149  58.96424986  53.671468    63.43794976
  58.22882775  61.97372836  62.22419224  54.22311965  57.99277739
  55.96531698  49.72768832  59.86567133  54.63219982  62.55523557
  59.28350231  49.94582091  58.69640781  58.73388987  62.08876825
  59.94914417  57.40344043  48.89946195  50.15774807  58.05731891
  57.74808251  54.68196342  55.83229033  60.64450237  55.63657001
  63.50173864  52.56679563  54.50810406  49.94582091  58.69640781
  58.73388987  62.08876825  59.94914417  61.49469985  51.59177082
  53.07162416  58.86009013  63.1877966   53.53090414  56.88896166
  56.81380329  60.12467122  60.53178156  57.63713173  54.63219982]","[ 51.6157875   43.70422658  52.5064738   45.46453683  46.12985629
  53.1633262   44.79974211  48.72332155  50.72869697  46.14983416
  52.19425441  53.98150459  51.38554381  48.3095043   51.6157875
  43.70422658  52.5064738   45.46453683  46.12985629  53.1633262   50.600266
  43.00791806  39.64523916  48.62411603  49.52013256  49.13488444
  42.27320286  51.728552    45.3082658   46.13655707  46.7678454
  45.45592833  46.48626798  50.93248573  41.69399114  52.19425441
  53.98150459  51.38554381  48.3095043   51.6157875   43.70422658
  52.5064738   45.24611423  51.61691179  49.34342496  44.91766367
  46.54993548  43.16975371  42.48670319  41.09467855  49.69163385
  44.19484909  49.45782802  44.08605293  42.79053617  44.91407253
  42.37545353  48.88064783  48.4990139   49.17755927  45.17611015
  46.46330668  43.33709883  49.27750771  44.23424234  49.1765037
  43.82404963  41.9933384   48.61806148  50.64579938  50.32435742
  40.43015715  49.18986149  51.21816187  49.46787604  43.95841358
  52.2264089   48.48426681  41.32567418  45.09157038  48.06006071
  46.77502704  43.01965611  47.98006271  53.65788734  56.72444353
  46.96638195  49.13488444  42.27320286  51.728552    45.3082658
  46.13655707  46.7678454   52.48768827  45.39566394  46.82068237
  42.61678724  40.82274489  51.90703861  55.16107979]","[ 58.10589408  60.34571081  65.90062363  60.89173812  58.40875313
  57.07940776  55.66444379  62.4343924   59.87273723  50.19462842
  58.07737197  55.895483    52.25882106  59.80741267  66.34096095
  62.83385844  63.71250184  61.0855891   65.34946052  60.99844621
  61.97265369  61.81635811  64.24401513  54.88837118  56.83361598
  62.60901349  62.0829181   63.37521838  64.44743491  56.36981183
  64.53504832  66.21502701  65.14340974  66.51017982  53.6302443
  62.13210959  61.25029962  57.51430209  64.4485625   56.55182993
  60.32322492  58.16420504  62.74199161  60.36682213  66.69799247
  64.34949684  62.73575925  62.65218629  62.74126532  64.41832119
  64.69380702  51.54741283  67.66621317  61.49871409  61.25029962
  57.51430209  64.4485625   56.55182993  60.32322492  58.16420504
  62.74199161  60.36682213  59.16202229  62.33117218  65.93082215
  53.6302443   62.13210959  61.25029962  57.51430209  64.4485625
  56.55182993  60.32322492  58.16420504  62.74199161  60.36682213
  59.16202229  64.07753986  58.8218672   62.12553598  64.67099948
  51.7586563   62.17278372  65.35240375  61.68033171  61.47631942
  54.6938675   60.35050203  62.69616315  56.7991097   63.9333903
  66.51017982  53.6302443   62.13210959  61.25029962  57.51430209
  64.4485625   56.55182993  60.32322492  54.84614089  58.4692152 ]","[ 43.2754881   28.08250245  42.48449332  41.00339021  33.2942067
  27.3606913   33.38232648  39.297193    43.31756155  47.46071167
  46.50108806  43.95038748  34.51443113  32.66037663  39.09986404
  40.01934402  40.14864218  37.14578847  29.45502594  35.82587573
  35.43616341  42.41103739  36.34548476  37.26711554  37.63261597
  40.91246623  37.13196063  39.84070636  34.35200833  34.25273645
  37.82747427  40.49478755  38.94714655  37.7097051   40.50736029
  40.75854064  34.42758747  36.34548476  37.26711554  37.63261597
  40.91246623  37.13196063  39.84070636  34.35200833  36.33751467
  40.46778149  33.720166    38.68964442  36.65330298  31.22651221
  33.72880826  37.06756661  29.21697857  37.44502027  40.16926029
  41.41083316  42.88177015  42.92123365  37.29103728  37.0262423
  40.00179852  40.29292944  35.28486007  38.43502064  33.63982753
  42.48449332  41.00339021  33.2942067   27.3606913   33.38232648
  39.297193    43.31756155  47.46071167  46.50108806  36.52153038
  45.41435232  40.07644082  35.10714332  41.2938587   40.65436801
  40.57032193  36.79400798  35.48940383  29.34518001  39.06695925
  41.00791542  31.11964555  31.51300188  43.83758145  33.84161168
  37.09221035  33.86889142  45.73912566  34.39362616  33.74606236
  34.51786577  34.02890143  36.62505975  29.60590428  45.45633222]","[ 63.72694389  61.76889152  63.81228801  57.96790845  61.304735
  63.81618933  65.4464431   58.20432767  59.08236853  54.61279055
  67.5552476   56.54172803  59.72246295  56.83589588  58.5760773
  61.4521845   53.72343022  62.68307104  54.21475343  63.72694389
  61.76889152  59.08478953  56.96847355  61.07941967  56.34956737
  62.22313603  56.54577997  55.24609265  58.52373859  57.8283424
  55.5572221   58.2746694   59.14691308  64.69977529  59.72494689
  60.40310564  60.40697221  56.08077774  50.0498625   62.19425541
  59.67177672  56.26750291  55.11177151  58.5019656   64.16029475
  56.62753003  68.59369276  57.66359067  59.02532724  66.49508629
  55.74722881  60.05497079  64.59978661  60.84222608  62.19425541
  59.67177672  56.26750291  55.11177151  53.09302169  68.46831176
  68.35006134  60.93039275  63.18448967  56.23844336  59.24787865
  60.19888179  54.1723108   60.82662303  51.48668749  59.26460635
  56.73327131  57.84824618  57.40571976  60.08678971  60.47666007
  54.38509922  60.09715252  59.47148924  63.3217253   56.34132798
  61.30512368  59.48288102  61.59401552  64.06466473  54.57960729
  58.7753024   58.73651842  59.17832725  58.20432767  59.08236853
  54.61279055  55.22433739  56.97584297  58.3447233   62.06376548
  60.9884711   64.29335943  54.99705704  65.27651087  58.61945804]","[ 32.5309133   43.2982455   40.98070835  46.0726536   45.56851191
  40.77075795  40.16947936  37.27274659  46.2770882   45.49761308
  39.5094028   40.32979434  35.31602152  40.45322979  42.54804683
  38.68724785  41.73219559  44.69535303  45.90816668  36.03610539
  45.51407088  45.00816068  32.45707441  42.19082131  39.53986829
  43.34999237  41.88935543  43.9082735   47.83640236  46.64376732
  36.69643555  40.35979499  43.30425348  43.04117233  38.08504869
  32.5309133   43.2982455   40.98070835  46.0726536   45.56851191
  40.77075795  40.16947936  37.27274659  46.2770882   43.35918051
  42.5486435   45.59320753  41.29456543  42.38624123  42.12639217
  47.64610938  39.38341336  45.57281255  41.0822236   45.77046609
  41.07286363  51.26991569  38.84205751  38.8214711   40.39774299
  39.16378919  40.77265882  36.52957897  39.87986038  41.8409643
  39.6181813   44.44107976  38.87238094  38.44694096  41.87140736
  43.59437131  46.67541097  33.43199057  39.87590132  50.39423236
  47.72553672  41.14392109  46.03233873  48.86047973  36.84114493
  46.7508479   45.64631024  40.31586261  46.08148012  37.51042151
  43.35078854  42.72744938  44.9885793   36.26241182  41.14392109
  46.03233873  48.86047973  36.84114493  46.7508479   45.64631024
  40.31586261  46.08148012  37.51042151  44.6729381   42.96167647]","[ 28.93348597  48.2920144   47.59516808  47.22105521  45.65123257
  47.20331489  42.32730813  44.23736438  38.33338807  44.38918694
  47.52078618  45.19784762  42.92653791  40.40065744  43.50374145
  43.45597122  46.33739343  40.59816774  46.14140971  42.87556736
  44.87831808  48.20338663  32.99339718  41.93036297  41.2679601
  40.9557031   41.74010623  43.42968895  48.16998393  48.37042234
  46.86951109  45.81487216  38.47695444  47.50095571  47.67239519
  45.45252087  45.18319239  38.68097959  49.14851527  47.34188105
  37.7360861   46.86242548  49.66295434  44.1431499   41.68573046
  44.95181822  43.90821446  40.66420678  36.4367697   47.51725217
  45.65944391  49.20770899  43.06328477  39.79280781  36.95891059
  48.37042234  46.86951109  45.81487216  38.47695444  39.15003812
  31.7451939   43.28686438  46.94078116  45.00467019  43.24304353
  45.64744031  43.66817159  45.49701099  50.98038845  35.20715113
  47.35629031  46.39856053  42.10158714  38.54956936  44.08323459
  45.81785845  51.74970952  44.95181822  43.90821446  40.66420678
  36.4367697   47.51725217  45.65944391  49.20770899  43.06328477
  39.79280781  36.95891059  42.24455255  46.3831993   40.7894133
  48.58022128  41.85799798  43.09325113  38.63826187  50.47511833
  44.53369525  47.53009848  47.14126832  48.99206921  40.39827081]"
"[ 31.1361995   27.23054749  27.45475847  28.25613569  29.04882061
  26.03460641  26.4802502   26.25870916  30.14005787  24.69954107
  21.60689516  24.66298726  21.45846424  27.54809889  31.85727922
  29.15094007  25.65525958  27.05300767  29.22269574  26.5999792
  27.84949701  27.07712331  28.07932597  29.29604536  29.25704276
  30.10135094  24.83280486  27.53746847  24.6918671   28.88319887
  32.23609389  25.31171899  25.80669759  24.83280486  27.53746847
  24.6918671   28.88319887  32.23609389  25.31171899  25.80669759
  18.87941723  32.88363455  26.80984729  30.14043934  24.66298726
  28.48669857  28.1369608   27.82197129  29.31482446  27.70228059
  26.06071629  24.9153428   29.2480674   29.61865121  32.82559906
  23.28197127  27.53746847  24.6918671   28.88319887  32.23609389
  25.31171899  25.80669759  18.87941723  32.88363455  26.80984729
  30.14043934  24.66298726  21.45846424  27.70228059  26.06071629
  24.9153428   29.2480674   29.61865121  32.82559906  23.28197127
  27.76834057  28.07932597  29.29604536  29.25704276  33.18204862
  28.9965319   29.51611459  26.56572525  29.31563052  27.27815022
  27.83552364  28.73171037  25.50289234  27.77857915  29.59524283
  29.7757269   32.5363592   29.16673037  23.35362305  28.04509824
  24.22250636  25.08247096  36.55638708  27.17253358  26.06071629]","[ 23.31765007  18.83545225  19.5616735   24.29768541  21.77320337
  19.0115569   18.55352324  23.8713814   16.19032721  19.56634938
  20.76709651  19.01197557  19.33312647  13.59748839  20.45668269
  12.46691667  23.10082535  18.2882891   24.17741541  22.40284268
  21.64090978  20.16930983  21.85714586  18.4706989   20.55904005
  22.94733021  25.88181652  23.52644534  25.26382978  15.22783151
  19.11053751  19.88373514  19.5526985   18.21791268  24.20975198
  19.67076133  22.25777764  25.40914372  24.0596407   18.43752796
  22.45922137  22.15934457  17.32296157  20.74449324  16.87027544
  18.55352324  23.8713814   16.19032721  19.56634938  20.76709651
  20.56833943  18.74362041  22.83861478  21.02830061  21.36150838
  23.34983549  19.56634938  20.76709651  20.56833943  18.74362041
  22.83861478  21.02830061  21.36150838  23.34983549  22.88903928
  21.59981571  19.01197557  19.33312647  22.44627498  18.50698284
  18.04042473  22.9917214   21.16079338  19.93602601  14.6260286
  24.54004018  19.83034287  20.02124063  20.47118775  21.85714586
  18.4706989   20.55904005  22.94733021  25.88181652  23.52644534
  25.26382978  15.22783151  19.11053751  19.88373514  19.88373514
  19.5526985   12.51245311  20.64400559  20.26893491  23.31765007
  18.83545225  19.5616735   24.29768541  21.77320337  19.0115569 ]","[ 42.26565526  45.88249204  45.72482749  37.16884483  33.4420236
  48.80526019  48.18986809  44.49452705  44.60208064  40.71060613
  35.99394091  45.65706893  47.36996216  35.13119917  41.86305889
  47.05520986  43.2276632   43.92927428  37.4413572   38.98568041
  43.75055072  44.13500824  45.72482749  37.16884483  33.4420236
  48.80526019  48.18986809  44.49452705  44.60208064  40.71060613
  35.99394091  42.53566349  43.79232905  40.30654646  43.55037763
  45.43201071  46.84358259  41.89047651  43.21599971  46.96115732
  41.76323244  39.56427372  41.08805674  28.66154744  36.90792679
  39.14556537  47.09495761  42.15448787  45.82221553  46.80054718
  43.17922461  42.74544776  44.28086358  45.20763048  50.65849599
  35.77041002  30.98324715  47.41122626  46.91256239  43.60383765
  42.66482609  39.11999191  43.01136156  44.23794425  38.16252263
  50.77688572  50.77688572  41.90475748  36.53444514  42.74942599
  45.86942108  36.80230439  44.23089432  35.79252634  39.84607213
  42.43454759  41.86545241  44.5610273   41.32107053  41.99886645
  36.83996366  39.1945334   47.88176137  41.69975267  42.43104274
  36.18088235  41.18386266  44.69240367  44.01451249  47.85205543
  47.08208599  40.30654646  43.55037763  45.43201071  46.84358259
  41.89047651  43.21599971  46.96115732  41.76323244  45.28324132]","[ 54.25160592  54.16545907  47.642517    50.05614923  55.43296454
  55.07634168  55.64308311  54.35684472  58.37478372  55.27576824
  59.1433298   54.32988895  56.62682642  56.84935379  60.57516119
  63.66200817  54.32018915  50.98755138  59.06240384  51.00236161
  64.15191448  57.72990912  52.52849708  56.77805862  54.73409334
  52.93195942  62.17935478  44.92738707  55.17581792  54.32988895
  56.62682642  56.84935379  60.57516119  56.70641395  55.58186781
  53.53787186  57.2047981   58.20094978  52.92656989  56.36998697
  54.70968133  52.33868518  51.68112818  61.05764848  55.28751806
  55.92703649  56.66832433  50.15048332  47.66628535  58.6709262
  59.16657549  53.73987562  54.96006965  57.12192711  57.53329554
  54.28642325  52.68793505  47.14767237  55.86845528  59.04198743
  53.32028745  57.77138978  50.84185143  52.72730634  53.08189087
  57.12192711  50.5105902   48.72998171  61.76218069  46.34113828
  47.8378833   52.26992138  55.23483794  55.85726275  49.62641097
  53.89154576  61.05764848  55.28751806  55.92703649  56.66832433
  50.15048332  47.66628535  58.6709262   59.16657549  53.73987562
  54.96006965  57.12192711  62.33594906  52.29772173  58.63622094
  55.42452865  42.33173936  61.9408533   52.86691481  47.91688595
  61.05764848  55.28751806  55.92703649  55.86845528  59.04198743]","[ 40.33970655  41.87918731  36.49416368  40.45230154  41.61169036
  46.18671709  41.23731183  36.43899327  36.08276307  48.36052988
  43.56080319  44.22247505  39.17168195  48.34287604  39.7712015
  39.79751267  39.53976167  45.01401911  46.48283319  41.78668839
  41.28361158  44.06323928  47.35900941  36.08276307  48.36052988
  43.56080319  44.22247505  44.7807837   41.54301743  36.10764743
  42.36446757  47.11682115  39.95240358  47.61391852  41.61978552
  41.75742513  46.34300199  43.58275773  41.58370567  46.13944877
  45.23702524  50.35556619  39.71618371  41.61169036  46.18671709
  41.23731183  36.43899327  36.08276307  48.36052988  43.56080319
  44.22247505  44.7807837   41.54301743  36.10764743  46.82592129
  39.4979185   42.4918788   41.87952991  39.31656589  43.98442871
  42.46606173  47.92127698  47.80509386  35.26335758  42.77349649
  43.98442871  42.46606173  47.92127698  47.80509386  35.26335758
  42.77349649  42.53939978  41.59202866  46.77351709  41.64324622
  40.08189334  38.14900222  44.53928283  44.68206468  46.22767764
  43.93264243  46.64292749  45.21966023  45.60528264  43.97118533
  44.22339741  37.37542945  38.33270138  46.29261764  43.9267322
  43.47282076  43.48317108  44.07108747  44.10853322  36.6949238
  44.67009434  41.05914046  48.46067365  42.32912438  41.44708825]","[ 54.43860461  58.91752306  56.85190105  59.74697555  56.46314392
  67.88516478  61.80021536  63.8483987   60.99188111  61.70249568
  56.29316333  59.05087452  66.2656213   58.63532745  63.3871884
  62.71738135  68.65541833  55.50517023  62.66667397  61.24497151
  60.87588806  61.61642496  66.74766638  62.50605462  58.769027
  66.44439728  62.77931316  54.72058789  59.21704115  53.53346662
  66.12566635  62.8381567   54.13482853  64.48564021  59.08541106
  64.85586648  63.37717284  54.25150784  61.06325773  57.62740946
  56.09050689  58.06833612  62.47098337  63.15681235  62.784742
  67.49438494  56.79995563  64.50031139  54.39177399  60.49572389
  71.26676618  56.3473645   62.75179939  66.81136931  61.08391677
  63.6199192   61.07583468  62.54460673  58.8969267   64.07778566
  63.18966414  55.81293503  57.6147641   61.10199738  63.21217941
  59.43486368  59.08807854  66.80310695  67.24534046  64.37023989
  60.51844625  62.23625482  58.14370352  54.61668609  64.53418115
  60.44661644  62.54460673  58.8969267   64.07778566  63.18966414
  55.81293503  57.6147641   61.10199738  63.21217941  65.56326816
  60.16515771  63.04447985  63.6199192   61.07583468  62.54460673
  58.8969267   64.07778566  63.18966414  55.81293503  57.6147641
  61.10199738  63.21217941  65.56326816  64.37229843  68.52697396]","[ 36.33219464  39.68398234  43.90090152  41.15367252  35.18404364
  44.03812677  34.50081262  37.44146245  32.56479298  35.80134664
  40.50660629  38.38790455  35.48012805  39.18931573  39.04986994
  28.80890784  40.19176955  36.64936013  31.01007035  36.33333832
  39.88651705  39.85165902  39.45005837  40.87735447  32.57687018
  39.84708957  41.66840814  38.46470045  30.85341725  34.32332462
  39.52092965  36.98645461  45.80532537  43.6675179   40.00299747
  42.78469614  44.53536974  32.60177646  33.03366543  35.95801411
  38.78120249  42.1088651   42.2719348   32.29259611  31.08219778
  39.08719589  44.13138856  38.40052676  36.49731597  36.17448532
  31.20617709  37.85263543  37.04343801  32.39989134  38.77973879
  31.47565083  32.26764995  31.53030744  40.67603427  40.71960188
  38.54433824  37.70349332  34.35507244  31.09806789  32.00786312
  35.08406551  31.53030744  40.67603427  40.71960188  38.54433824
  37.70349332  34.35507244  31.09806789  32.00786312  35.08406551
  34.43486078  34.64751461  32.60177646  33.03366543  35.95801411
  38.78120249  42.1088651   42.2719348   32.29259611  36.86718979
  38.85850857  43.47700622  36.70593199  38.81635239  31.53668912
  40.03912664  35.51625758  34.13219321  42.11665795  36.54394221
  39.76793974  41.48915218  42.62793574  46.39055786  39.40427828]","[ 59.18317     53.2484439   57.56201052  57.56017911  59.5325619
  60.13741049  58.72320701  56.31254094  53.45088113  58.69176599
  56.53499002  65.66307315  55.85554416  61.87579558  60.71645855
  57.11091699  62.37656863  55.12836427  59.08427975  61.15517407
  58.66505628  58.19838947  57.19499316  59.1432251   60.4271572
  58.60709426  58.81166314  57.91222107  56.54120863  57.47370612
  60.45009099  53.65501917  52.74192105  59.03983562  55.24021518
  59.61292783  60.58353749  61.84170074  58.84963654  60.15192943
  54.72997066  55.97485731  58.31694561  57.57097554  64.2705955
  58.01406757  56.58935898  62.28649284  64.84904643  62.61557466
  59.34228117  60.38384137  57.0990316   54.44996689  61.40078676
  64.02974592  58.41844004  60.39530428  55.07465336  57.08412532
  55.59012874  52.41270255  58.63485875  60.65869958  53.84184956
  58.15436534  62.44316737  58.12785043  59.8009477   56.67030765
  55.73344572  58.50223524  55.72602123  61.92332112  61.27333967
  63.73341084  57.81502709  62.00174057  59.07501322  60.23797626
  54.66152854  58.88403779  59.18317     53.2484439   57.56201052
  57.56017911  59.5325619   52.41270255  58.63485875  60.65869958
  64.19870263  51.92803811  61.30395633  61.21416602  58.19838947
  57.19499316  59.1432251   60.4271572   58.91067027  58.58592486]","[ 33.64664302  37.59424636  39.8096616   41.57260402  44.61963217
  42.55029369  41.73201267  41.2233844   46.86776598  40.54107665
  47.58595623  39.0877538   42.19944754  44.31296252  41.35003459
  37.18430615  42.99159082  40.5060431   45.75428327  36.4054383
  41.68874393  48.90755946  44.70042238  37.74397638  38.77728265
  44.68750106  45.11886495  35.62044432  46.18006883  45.56209884
  39.08408426  45.1606381   43.37063518  39.34336673  43.71953447
  43.22582515  43.58694111  40.14070752  42.04025777  38.56668504
  34.77731956  39.6810716   41.10655933  38.73212597  40.14286206
  44.70042238  37.74397638  38.77728265  44.68750106  45.11886495
  35.62044432  46.18006883  45.56209884  39.08408426  48.64490767
  43.34292813  35.38603949  29.55224201  43.6225526   38.08328177
  47.62771969  42.92093504  39.68822671  41.04514107  36.51732171
  38.56911098  38.36503302  38.497578    43.8830537   39.97146173
  45.67233245  30.54416334  40.26735445  46.74624553  37.88182282
  43.52544332  43.71953447  43.22582515  43.58694111  40.14070752
  42.04025777  38.56668504  34.77731956  39.6810716   41.10655933
  38.66889748  52.39318091  36.89183598  32.72017039  44.88646839
  41.79214333  39.49114803  42.60696664  30.71103434  38.23327666
  42.55215308  38.01184141  39.26956432  42.55996394  49.27210413]","[ 52.67423339  44.39769779  39.89437279  46.98775419  41.99876263
  43.73268563  43.08038592  42.91460502  44.94272024  44.95322919
  42.35229014  36.08460672  47.81959341  42.16510747  44.02717088
  49.72101988  41.62946765  44.78433435  49.11645379  41.17337533
  46.38462484  41.00721251  38.45778798  30.62571798  47.9710721
  39.27891364  44.7255168   40.6364397   35.99010746  42.49992237
  39.55237032  47.12182874  45.40269344  40.46998389  38.04673011
  44.7059437   40.47518886  47.45015033  41.32036945  36.99828656
  35.63515277  42.72290047  40.10328018  38.88586923  40.23862939
  48.17179407  47.45711445  42.85985789  50.69916498  51.60874515
  35.33986115  42.38442578  44.45772355  51.48223123  39.56975255
  41.30537778  40.05680341  42.09649805  56.01052447  45.24350461
  41.86630756  44.09889667  42.60518459  47.15626346  40.20335229
  38.77413434  41.92306172  39.13794117  51.59980949  46.36558357
  31.80619304  40.45960307  46.13754235  44.92432921  48.21319102
  40.06301946  45.17573164  44.8081775   46.83238751  41.04270834
  42.01069366  42.73132699  31.29072403  47.44761427  42.71170579
  46.8304981   42.26919826  46.22818862  44.42365493  42.59182983
  40.72831084  37.20455039  43.36240402  49.91816224  49.84635636
  40.23862939  48.17179407  47.45711445  42.85985789  39.89437279]"
"[ 27.2837721   19.53494832  26.87873188  28.08295539  29.42381196
  28.88603489  26.54954412  31.7814791   26.67382362  26.53423956
  27.02772876  28.71946495  22.98185518  30.76437667  24.51917093
  27.10349818  31.50506005  28.19695795  25.89931006  23.26087213
  27.4826811   30.51783867  33.51129242  17.33987079  29.48656293
  26.38457658  32.20574839  27.2837721   19.53494832  26.87873188
  28.08295539  29.42381196  28.88603489  30.51783867  33.51129242
  25.11336101  28.0992492   23.46482089  27.7615446   27.6489318
  27.88154459  20.89242558  30.67124618  26.80421671  26.0372659
  26.81143782  29.11814706  30.17384795  24.7393277   27.54260145
  25.95839553  30.7647156   28.91511465  31.89439044  26.76059192
  16.63374491  29.19625878  26.85027239  25.73480293  25.53912791
  28.23010726  25.7289394   29.83827858  32.17041167  24.97964911
  26.38602396  27.2837721   19.53494832  26.87873188  28.08295539
  29.42381196  28.88603489  26.54954412  31.7814791   26.67382362
  26.53423956  27.02772876  30.76437667  24.51917093  27.10349818
  31.50506005  28.19695795  25.89931006  23.26087213  27.4826811
  30.51783867  33.51129242  25.11336101  26.67382362  26.53423956
  27.02772876  28.71946495  30.38789309  22.98185518  30.76437667
  24.51917093  27.10349818  31.50506005  28.19695795  29.5710773 ]","[ 17.16710898  21.76729417  22.90497683  16.99450117  27.16166392
  20.54705161  29.16831651  24.75766558  23.66303352  19.80951248
  19.66225343  22.62465234  20.02829107  22.85497321  15.15490817
  20.6931489   20.28710888  16.83438604  23.19519631  22.04109284
  16.25166128  22.03092585  16.25166128  22.03092585  22.66413331
  24.83090148  22.10204166  23.04061874  19.94635982  18.02274073
  19.38219907  18.42328705  26.47748961  27.16166392  20.54705161
  29.16831651  24.75766558  23.66303352  19.80951248  19.66225343
  18.03348425  20.47014007  23.99344855  26.78102995  22.07914285
  23.07045595  23.77095319  22.62222035  21.21149498  20.96963967
  23.41955833  24.09634232  21.15823865  14.39069541  24.40107408
  23.99344855  26.78102995  26.34472193  22.07252585  21.93004965
  23.74716375  19.70295962  23.68419419  19.06684231  20.60531857
  19.76526094  23.04061874  19.94635982  18.02274073  19.38219907
  18.42328705  26.47748961  17.16710898  21.76729417  22.90497683
  16.99450117  27.16166392  23.22644037  22.0813027   22.62465234
  20.02829107  22.85497321  15.15490817  20.6931489   20.28710888
  16.83438604  23.19519631  22.04109284  21.79753069  22.97136905
  25.94731176  22.50584162  24.67894863  23.33957457  24.51987553
  14.8333722   20.46121943  20.71430988  13.64556867  24.70193568]","[ 45.14243873  52.1209063   46.61834144  49.10699331  36.58436201
  43.66345609  47.58979784  39.72205087  35.86981384  48.81753161
  43.85652127  39.02015063  42.14123803  39.77647909  48.3614957
  39.45626299  43.01843072  49.32310355  40.92861038  39.80852877
  42.7675403   32.64558605  40.40836713  45.42797194  42.23302405
  43.13039922  38.74063388  45.31698749  46.48706601  41.44683596
  41.55179086  31.46426469  38.86436592  47.05301814  36.19084575
  43.34855109  42.83290104  46.13354739  49.5567829   40.40245142
  42.15857855  39.8355549   42.34625322  43.91830674  49.10699331
  36.58436201  43.66345609  47.58979784  39.72205087  35.86981384
  48.81753161  43.85652127  41.94386364  45.24546089  42.22779896
  49.7851425   47.41922053  47.05301814  36.19084575  43.34855109
  42.83290104  46.13354739  49.5567829   40.40245142  42.15857855
  42.32085255  41.78710454  47.06611242  47.43000572  42.54671265
  43.60938846  41.95756031  43.22118316  43.27041052  47.34125332
  43.88842814  41.12243758  42.36290637  46.43840778  37.33539782
  45.82251505  42.8029569   38.96847898  42.03351159  39.36421263
  45.53819359  41.83938499  38.86436592  40.61808727  39.91763432
  41.59929874  47.73433996  48.80582464  42.84462491  47.62562396
  44.54858616  46.46569577  41.87262731  44.49795141  41.32023978]","[ 52.84897371  50.13256872  49.26182781  56.148849    52.71176285
  60.61834552  57.11258442  56.29150675  57.9070034   53.43814057
  55.14701754  54.49400865  51.8613363   55.42540727  52.2727261
  54.21611874  55.94622846  50.98851802  52.9344062   56.98396512
  52.9224648   53.49305292  58.69889095  54.66679493  50.35921826
  45.23114554  55.3461315   52.92663909  58.04734841  50.96756996
  59.25105036  62.33371697  51.80917306  51.36233472  56.715179
  57.48577378  60.1592237   47.95400807  49.57119038  53.62459881
  54.49400865  51.8613363   55.42540727  52.2727261   54.21611874
  58.18984823  47.16356581  47.05214466  52.36319981  48.80624993
  56.05025981  48.12150543  51.05638529  52.96786463  55.34781015
  57.59182526  58.18984823  47.16356581  47.05214466  52.36319981
  48.80624993  56.05025981  48.12150543  51.05638529  52.96786463
  55.34781015  57.59182526  49.23393471  58.52485485  55.30433801
  52.677368    58.40960587  52.96087443  60.06867793  53.59066903
  58.18984823  47.16356581  57.59182526  45.99630927  62.45155349
  54.67738635  52.20741919  50.79932266  55.67607125  58.19789923
  55.38218893  57.32354994  47.73638434  60.61834552  57.11258442
  56.29150675  57.9070034   53.43814057  55.14701754  56.81037877
  55.53110793  57.24815849  56.27821407  51.64337255  57.72560759]","[ 42.68272331  47.30356679  50.04300722  49.00617498  46.08805675
  46.01548608  50.1285303   44.47763252  52.26025109  53.36623008
  54.59309162  47.1102159   51.05340833  50.31935241  50.61899331
  51.5054214   57.05729378  40.18002843  45.44844326  49.24960595
  51.19518518  46.8354991   44.90742548  42.31965928  52.63190931
  42.12325313  44.89019744  45.91766324  52.72794557  47.93816293
  39.96748269  42.69497189  41.59663537  48.49272635  45.91766324
  52.72794557  47.93816293  39.96748269  42.69497189  41.59663537
  48.49272635  44.2532537   42.24271413  51.23278845  47.19020577
  49.40037541  46.79790642  49.60894893  41.21534907  40.23176285
  42.36634619  44.19517994  55.15572626  52.54787663  41.51403841
  46.74881633  39.96748269  42.69497189  41.59663537  48.49272635
  44.2532537   42.24271413  51.23278845  47.19020577  49.40037541
  50.02827409  50.74936267  47.61267466  46.1652362   43.98628133
  43.64164725  49.98380585  41.13504779  53.09066133  49.01359198
  54.79095464  42.38747846  50.78812916  45.35686235  44.48358163
  45.15249251  45.29697136  51.05340833  50.31935241  50.61899331
  51.5054214   57.05729378  50.44691762  54.31298302  51.29635232
  47.68706541  46.40667437  40.30352681  49.75704251  53.54349761
  43.48818989  47.25367975  43.5257868   40.55660204  50.46009116]","[ 60.67138088  58.94608095  64.67281041  65.66986772  63.80651422
  59.36679075  63.00473818  55.75044295  60.54947875  60.80006987
  59.7215947   62.8402561   66.48009699  61.98662621  64.1253061
  60.29292243  61.90589602  69.34740112  52.26036754  61.93050875
  63.73602126  58.80682899  62.02492307  60.31182366  67.43500838
  66.72886209  51.46667516  61.9674218   65.66477312  60.99516846
  60.64658875  65.07603115  56.56811545  63.24464897  63.21198711
  62.45032699  61.87366761  57.82337797  63.70868487  57.46807801
  56.50171534  64.69288375  62.4075522   64.87675235  67.22051555
  60.94870789  62.78542555  59.2605096   65.33942287  63.9693056
  62.8402561   66.48009699  61.98662621  64.1253061   60.29292243
  63.9693056   62.8402561   66.48009699  61.98662621  64.1253061
  60.29292243  61.90589602  69.34740112  52.26036754  61.93050875
  67.93540944  68.00970727  65.62582176  60.67054209  61.94466234
  63.81703892  56.38392516  56.85963199  58.96241914  59.92220319
  54.62196885  69.7377024   62.66880183  66.15606889  53.43606481
  63.29906536  53.74935537  63.54860637  63.14889166  58.64203756
  65.65570713  61.39861518  65.33942287  63.9693056   62.8402561
  66.48009699  61.98662621  64.1253061   60.29292243  61.90589602
  69.34740112  52.26036754  61.93050875  63.45816688  68.21335222]","[ 25.32026418  37.87561716  42.77409055  41.47030067  42.40552349
  29.5306874   32.17644643  37.07814171  37.14834629  33.95326309
  43.01158007  41.84344391  42.97101917  32.43195     27.36977422
  32.40184159  38.85307293  36.86361685  42.25850392  45.13329425
  37.78642871  40.33712977  30.32932002  27.06209671  31.84227307
  36.53648207  28.50092366  32.89888842  35.38054988  31.82362783
  30.67067242  31.13119455  36.07238809  32.50948003  37.92314673
  30.32932002  27.06209671  31.84227307  36.53648207  28.50092366
  32.89888842  35.38054988  31.82362783  30.67067242  32.58310525
  31.27103299  36.95251764  36.03631399  34.11801131  33.8433891
  36.76543805  34.62553961  28.60601185  29.00008132  30.8533642
  31.23587674  31.02287414  34.83484205  40.84663734  37.69131675
  36.59419378  29.21844321  43.14401911  34.59195863  38.9777046
  38.52966417  43.39745229  33.83093514  34.0986635   34.45407     33.60381516
  38.67749576  35.93617397  37.42843744  38.01380056  46.01455879
  37.9824599   28.09042449  23.62151292  42.98992257  42.44808726
  33.23452337  30.18476342  33.74820797  36.14423367  34.23197161
  30.53430402  34.23802927  29.22329155  32.93517295  37.9924531
  35.22603644  39.93234717  31.25335041  27.60545921  30.24674739
  32.09038447  35.64127982  34.47276977  36.7008655 ]","[ 50.91891648  58.63071484  58.70187066  60.3938047   60.46039589
  57.85488628  53.42827723  57.06721431  56.18598578  66.85121662
  60.23872953  58.81977385  60.59378458  59.90823667  61.7352448
  61.7264691   58.25891265  46.26795019  50.83254757  54.31599404
  52.22397207  51.33889814  62.15789806  55.73841415  59.73984446
  57.33471859  57.27336643  65.91593232  63.13993471  62.85138061
  58.6528951   56.23754028  61.24102443  57.78005835  49.74119941
  62.47416141  58.62160758  50.39366723  56.70087669  56.2931686
  60.04291406  58.53930271  60.61784705  57.52593533  58.7716358
  59.19297248  64.34193393  59.06294601  55.15511312  58.28920689
  50.52629681  58.64960771  62.05290717  61.830135    59.47137659
  54.87499236  56.8289128   57.05701016  55.91877219  59.91604739
  53.85713719  62.55186775  61.75978444  62.42649183  62.24005587
  56.95679549  50.83254757  54.31599404  52.22397207  51.33889814
  50.21900031  67.97348063  59.33029502  57.73120188  60.06483723
  55.22278583  61.47188845  55.24567645  65.76479239  54.09087978
  56.06013064  64.54022685  63.03546869  59.12223259  58.90138422
  59.27321231  54.46945803  56.89290097  60.06483723  55.22278583
  61.47188845  54.94803573  56.43479353  61.31717462  51.49144339
  56.85534509  59.93998271  62.45482399  57.49192242  54.42698558]","[ 33.90771579  34.32510795  37.24240397  37.76572741  44.69882043
  34.32012683  37.87804373  35.77249233  39.10125136  33.5769284
  33.39360251  36.97957267  36.43110527  39.08493487  39.05239364
  46.82107313  41.00857101  38.94937104  41.54867266  42.29388614
  39.46650226  35.50960867  39.08493487  39.05239364  46.82107313
  41.00857101  38.94937104  41.54867266  42.29388614  39.46650226
  35.50960867  38.64594603  32.27259726  41.0053475   40.66804851
  39.89696818  37.96356128  35.05415983  42.88651494  40.16752348
  37.04173951  35.81850888  40.6766616   39.03770921  42.50826037
  35.81707905  36.92758296  44.34917278  39.78344392  39.2552362
  40.64173073  40.12816273  35.03871587  37.66803617  37.55972273
  36.72882602  35.68258254  43.86889943  37.06006819  35.03406285
  41.81769011  43.45804057  30.37518764  40.07984397  44.78283001
  34.25572552  39.82122856  36.60325984  32.27375049  38.29713989
  33.68567314  34.3169399   40.38470229  31.8590724   29.87879817  24.93222
  38.14348227  43.86553447  35.68272832  39.83250811  40.52432901
  37.89337954  34.97900735  32.54736882  30.54284048  34.15959676
  33.7550203   29.86205778  46.28761473  39.23240839  40.23938178
  26.49666942  41.76545642  34.74695592  41.01954305  35.87506086
  38.98938987  35.93364923  38.19448127  38.14348227]","[ 41.5686627   37.68128569  38.66773783  44.4946265   35.8318745
  47.20042098  36.73827981  44.02650569  40.97738784  47.19791083
  43.6640035   45.71005215  36.36807     41.43365034  40.7076047
  40.24116118  52.84529809  43.52543724  38.3321722   46.45610917
  47.36594246  38.01802704  42.12647964  45.86414535  40.76773106
  39.83413449  46.27292101  39.15398178  34.37077917  46.28857978
  42.79511593  41.90213097  46.99034337  50.26257775  46.07164999
  48.77406974  41.79667134  44.77434202  35.53067267  45.67308274
  44.80939607  41.89266156  54.97603825  44.83595907  42.3681863
  45.75519795  42.68717483  45.73970543  40.42803987  45.63222831
  44.72318712  53.99359522  42.21471432  43.09113468  37.81455714
  41.23710409  46.33829908  52.01815969  51.92296     39.23705302
  41.55959399  42.42433715  42.3681863   45.75519795  42.68717483
  45.73970543  39.99646595  32.26288867  37.31129298  47.89022009
  44.08267286  54.29005627  40.44539452  46.04874967  43.50210225
  47.38952517  42.35285951  48.89668813  42.12647964  45.86414535
  40.76773106  39.83413449  46.27292101  39.15398178  34.37077917
  46.28857978  42.79511593  41.90213097  44.48294341  44.17797624
  50.09038712  45.86740017  47.92469952  43.14504907  43.95683602
  40.79970983  36.40541321  55.0731289   39.28392436  44.65506154]"
"[ 24.28007237  29.85568856  20.80703429  27.80955145  27.81033154
  25.82729893  25.65835003  29.68834637  27.48412132  30.74855432
  30.93976485  29.68834637  27.48412132  30.74855432  30.93976485
  28.51958888  24.8085607   32.59139956  32.77977522  31.41589844
  23.17502371  27.99017786  28.87333235  21.21246912  27.48625524
  22.74775243  27.26545883  30.19942575  29.7658493   24.28007237
  29.85568856  20.80703429  27.80955145  31.41589844  23.17502371
  27.99017786  23.72673812  30.61125235  35.16178442  23.16883489
  28.12944259  32.35693869  28.75434036  28.11670549  26.38117982
  27.60193018  31.04745714  30.10410513  28.84053722  31.96905725
  28.37457671  26.87257105  28.85121679  27.88758592  27.15767989
  28.87333235  21.21246912  27.48625524  22.74775243  27.26545883
  30.19942575  29.7658493   24.28007237  29.85568856  20.80703429
  27.80955145  27.81033154  25.29752686  29.71204343  32.85342679
  22.74745501  27.45581585  28.87333235  21.21246912  27.48625524
  22.74775243  27.26545883  25.65835003  29.68834637  27.48412132
  30.74855432  30.93976485  28.51958888  24.8085607   32.59139956
  32.77977522  31.41589844  23.17502371  26.40495205  26.93173152
  27.52930626  33.94498486  30.93389099  31.67710622  31.91433714
  29.18214795  28.42495857  30.56575879  32.4734575   31.9569287 ]","[ 20.09163745  21.80486616  17.77700341  19.51005215  21.42996827
  18.04531434  22.25390364  24.61368104  22.68989668  22.62937769
  24.4129488   25.61661727  24.62843783  23.56594868  23.11066865
  18.94991682  26.91953172  16.21607814  24.7955861   27.12915967
  29.68701107  19.38991662  20.14184838  14.57267926  25.61972277
  19.36263289  24.74141661  25.44721135  23.09308273  24.01091408
  19.0161099   25.55846911  20.09163745  21.80486616  21.25020761
  23.28498289  21.14729777  25.43861516  25.37184297  23.91131859
  21.3955328   18.09358099  20.56743949  20.31243549  21.08122101
  20.19343604  19.12597226  15.22679983  22.11221689  20.86599725
  23.57116192  24.89362769  26.55303334  19.00643806  18.94991682
  26.91953172  16.21607814  24.7955861   27.12915967  29.68701107
  19.38991662  22.4845867   16.7600394   15.32088723  17.69073455
  16.7600394   15.32088723  17.69073455  16.8742935   20.79367117
  27.54782492  21.23326526  24.13610364  25.63626343  23.14718296
  26.75757966  23.43544478  21.24724444  24.61652751  25.69365578
  19.78071138  20.57716997  22.55081862  23.04721844  25.94795456
  25.92652147  12.34935605  25.61972277  19.36263289  24.74141661
  25.44721135  23.09308273  24.01091408  19.0161099   25.55846911
  20.09163745  21.80486616  17.77700341  18.04531434  22.25390364]","[ 44.4267888   43.25942424  41.46660012  32.64852402  41.41203411
  45.50146436  42.321664    50.46442836  47.16874047  49.74998875
  47.20258189  46.88171481  43.66692281  47.29163882  46.0730121
  42.12326282  47.97396182  37.3559908   47.94157612  38.24781518
  43.83558578  46.44141931  39.89478783  46.27572339  46.32467263
  45.2523049   39.51368953  43.30092894  49.29197283  46.7705325
  40.91179928  44.51509088  40.52255125  41.58712411  44.60116533
  39.41062268  48.36348773  44.78295376  50.51361155  47.29587014
  47.35581919  45.27177963  39.41316368  45.58122624  46.66328382
  46.16298611  38.42033732  44.33787629  35.36240072  44.98277763
  44.36275158  45.51605136  47.83064794  41.28782923  31.57106437
  43.6040629   40.9558069   39.5884099   51.08599977  41.08983706
  42.1657775   45.7276942   35.54269806  47.1039121   40.59316217
  48.26198711  36.93584138  43.05156738  40.57063022  52.0453698
  44.83957318  46.21977243  43.60003174  41.79689032  47.97326123
  46.47707263  47.7801676   47.47389626  50.23030233  45.36368793
  42.37295051  47.56880808  41.41733754  50.91667111  46.76574403
  48.99957487  49.1502584   39.24101116  43.190335    37.69664185
  44.4267888   43.25942424  41.46660012  32.64852402  41.41203411
  45.50146436  42.321664    50.46442836  43.6040629   40.9558069 ]","[ 53.30004316  52.47465177  63.0788364   60.44780024  61.45157348
  57.9824772   56.24060811  59.62987266  57.98517042  63.26584108
  49.13758905  57.98517042  63.26584108  49.13758905  59.51559867
  49.65342328  45.36009205  52.46478878  57.56652316  57.34703132
  62.47483501  62.19979025  52.40541208  54.70449977  49.1661068
  56.72981454  53.12128467  50.43904221  53.02881851  53.86812826
  54.54625524  50.84949261  58.68074713  63.26584108  49.13758905
  59.51559867  49.65342328  45.36009205  52.46478878  57.56652316
  57.34703132  62.47483501  62.19979025  53.6173146   58.51390837
  52.04529862  50.66082333  54.44157746  57.63700401  56.24429817
  59.847645    57.96774504  51.66430646  56.86930059  47.10352588
  59.24485215  55.79944867  59.21436262  55.56761195  55.98753893
  50.44844289  55.31136001  63.7881463   53.0670921   61.56344494
  54.44157746  57.63700401  56.24429817  59.847645    57.96774504
  51.66430646  56.86930059  62.48158759  49.6549377   54.04424694
  53.29063265  50.33600165  53.28799869  57.47261417  59.27899931
  59.64002149  59.3060245   59.60233933  59.39544091  55.3641601
  53.73445566  59.94448     51.99272245  59.9857526   51.40471603
  48.05214698  52.5921376   57.40660091  60.84121655  56.97468907
  61.26064727  56.44633616  55.12141624  50.44844289  55.31136001]","[ 45.27027514  47.31097739  46.26534397  44.67457211  59.35188887
  53.07263056  45.43838937  51.96186653  55.64001782  52.00654221
  49.12793208  47.58873478  50.02264886  53.18715865  56.13246014
  38.31131706  50.47030977  49.82760364  45.63424765  38.54574276
  45.64798924  47.2360147   49.90772936  50.70645273  41.37343359
  49.54418984  49.49729685  44.60319453  46.93371666  47.94252744
  49.37643772  53.63913582  46.34038515  46.00832661  52.90498521
  46.02559069  50.06977016  41.24234182  47.2360147   49.90772936
  50.70645273  41.37343359  49.54418984  44.15468656  52.36797105
  42.75255591  51.39337521  49.80617915  53.98093302  44.67645035
  46.01234872  50.13754807  52.65716378  47.58873478  48.09064975
  31.29959354  47.99916008  50.07501316  52.21468004  46.13465751
  40.68922337  51.08573851  54.75289968  52.65775388  48.21718409
  50.32988714  49.57014505  45.27027514  47.31097739  46.26534397
  44.67457211  59.35188887  53.07263056  45.43838937  51.96186653
  55.64001782  52.56024847  46.0344734   52.70243168  48.52682244
  46.50117063  50.32988714  49.57014505  45.27027514  47.31097739
  46.26534397  44.67457211  46.27349246  52.08834393  42.16113687
  57.5581226   50.77372612  45.88010919  44.01630277  45.4978155
  54.88798004  52.19933934  49.13033554  43.88966315  50.2249445 ]","[ 56.66985768  61.37702154  61.16934675  63.42325618  62.10232106
  54.06318276  60.15514407  63.20073918  55.44847017  63.50334355
  55.50817153  59.0642565   64.21168569  63.56080153  55.21899352
  57.0213149   61.10458272  63.59663026  58.5516982   58.10351272
  64.60181826  63.12383472  62.94901125  66.03757161  64.98425344
  64.21752991  67.58487155  65.17028016  64.80952039  57.13632412
  64.28992835  58.67183228  61.2758198   57.97699905  64.60507882
  64.53755022  59.29394519  66.89600347  60.3300611   65.56867807
  53.4213007   59.51697497  65.23286087  53.19656605  63.27261853
  67.79316671  59.55667101  63.80568917  64.39676351  63.19628467
  50.75622448  66.28393415  63.8939174   63.94105005  62.57000288
  59.0642565   64.21168569  63.56080153  55.21899352  57.0213149
  61.10458272  63.59663026  58.5516982   58.10351272  64.60181826
  64.39613994  60.63872278  61.55485407  56.6658123   68.00463118
  59.80599904  53.95759376  59.70396139  58.75090158  65.60037099
  65.11577626  55.66836131  61.51511296  62.05711574  60.00917532
  61.99211571  69.18925088  61.89524784  62.06415785  57.93824793
  63.61007711  61.51294278  68.61450169  56.24821904  63.81591994
  56.76194455  59.0642565   64.21168569  63.56080153  55.21899352
  57.0213149   61.10458272  63.59663026  63.56080153  55.21899352]","[ 32.8398033   42.51200842  31.07563185  38.23635587  36.37141528
  37.02044751  30.50168552  35.74930604  30.38193229  32.70634787
  37.69072002  34.85749835  36.81017993  35.73587649  37.06340335
  40.09130015  31.87276871  35.94562571  32.76627193  34.12765258
  30.39294723  32.62898394  34.80404497  35.19294519  36.8967417
  40.27617403  32.30232967  27.2010311   31.58320252  31.72354431
  33.6119495   31.08573699  31.84321822  32.10885298  35.97958429
  39.49725903  35.0683079   36.32517629  33.68357797  33.12313961
  27.68836418  34.51218202  33.23119601  34.61923578  34.20288147
  31.35305967  41.31055538  37.76259848  30.50034334  28.62714451
  41.06871313  38.60047199  32.85070096  33.29494474  34.1199445
  27.44363644  33.52751271  30.62406717  39.75172923  40.27799988
  35.38644036  46.34140545  42.57978602  46.36466823  24.45564807
  32.46868066  22.41930931  34.06457509  34.73832302  30.75220186
  33.24984441  31.74636304  30.51133988  30.75473982  38.06844581
  37.87556663  38.30653948  32.30232967  27.2010311   31.58320252
  31.72354431  33.6119495   31.08573699  31.84321822  37.8404687
  37.41318019  38.62201185  35.34247474  31.27082986  47.89172739
  34.85749835  36.81017993  35.73587649  37.06340335  40.09130015
  31.87276871  35.94562571  32.76627193  35.84483067  44.42587272]","[ 58.40611612  59.23968576  57.50175141  66.28931998  59.16813424
  58.32560677  58.79776428  58.17065329  57.38781733  57.69977778
  60.03097261  54.26169928  60.73163263  51.06809018  53.7084133
  61.33854042  54.11756568  57.05492084  57.61740141  61.97701271
  58.43950487  58.48771178  55.86070085  56.75203452  59.06904604
  57.23041507  61.10429425  60.14025686  56.42042933  57.41628862
  56.00120269  62.03329884  55.5495156   61.2696147   59.56742243
  57.32810211  44.67568814  52.63825594  56.97594753  52.53744657
  53.80819536  52.30288417  51.63072378  60.52629338  62.50534445
  62.23925407  60.4579998   52.01654246  58.07908489  56.21897194
  62.58580072  58.20179682  56.27741184  57.05492084  57.61740141
  61.97701271  58.43950487  61.21305414  54.30435194  55.1870576
  60.77818966  56.45188185  57.60165081  56.50368436  60.64217054
  60.23483712  59.99990499  58.87716505  55.83356994  58.98434052
  66.56054931  57.96298257  57.14066474  56.26293837  54.57508351
  58.38770117  57.69977778  47.12547881  56.44536373  58.66033731
  66.30325148  62.03272495  57.09103273  60.45356534  56.17277181
  59.24460572  65.85500398  57.98748903  55.71489558  63.40476694
  52.42621581  61.49613289  58.36213781  57.35395994  57.55653317
  59.29273664  55.21569102  50.14013538  56.45188185  57.60165081]","[ 37.86402344  28.94542804  37.28502703  36.07185738  35.60855987
  34.46437534  32.87026309  36.32578434  35.46548843  31.22414914
  32.21386829  33.23835422  34.72692503  28.93543864  29.8130738
  38.84456432  32.95712248  39.30317714  39.01314576  39.99898746
  36.64417952  31.60664595  37.31638573  34.01714162  38.5629052
  27.15197812  36.60372437  39.46655138  28.54673224  34.39403114
  32.96241068  32.66584578  38.12486103  28.93543864  29.8130738
  38.84456432  32.95712248  39.30317714  39.01314576  39.99898746
  36.64417952  31.60664595  34.19213808  32.12579599  33.15412822
  36.3017812   37.20998872  37.0762015   35.80792802  38.21099951
  35.94815412  43.46271344  31.92791682  38.25071152  34.05125943
  30.9273054   34.10804752  40.35940344  32.76715034  31.53137537
  33.51450105  41.23644161  35.55303847  37.10818106  30.43072025
  36.47947466  29.32988513  33.18940985  37.43206739  35.58671498
  32.82642164  34.30700468  37.83622204  31.88974014  33.51616194
  36.30277565  37.11994812  32.9812853   31.00842829  35.13245309
  41.40908113  34.95077755  31.00931703  39.45304177  39.96710948
  31.45937755  32.76070259  33.79809818  43.79235916  37.06639701
  35.91432972  35.43585985  32.73778152  43.83614162  36.27411315
  39.53714793  36.46427034  35.490949    43.79235916  37.06639701]","[ 55.99731699  45.96413898  43.75439614  40.65906518  49.7762597
  50.18094764  44.36510496  55.15919012  45.10475833  37.66753606
  36.67149819  49.12664693  52.72177618  43.46166389  48.06747614
  52.62797125  53.99758802  51.04584832  47.15819003  53.94528628
  44.54533933  50.8967336   41.46362922  49.24935649  40.88301114
  47.53192484  52.41939125  33.46635709  37.60787028  40.41371575
  42.2158932   54.47176515  46.3665751   46.88896455  43.30354827
  48.36408278  48.78606451  48.42904024  40.8572462   48.98506844
  49.81234785  37.5292919   51.07171307  43.57106796  43.68011004
  42.33564181  42.56799592  45.91487449  40.78608795  46.4494408
  43.50770499  43.74674855  32.31113071  47.80158756  51.70525691
  45.10475833  37.66753606  44.3712013   50.48509281  46.97961107
  46.92026581  48.70106402  42.65498045  52.78045608  49.74876743
  45.24819206  42.71203299  57.93863913  52.22949336  52.16424926
  41.27042567  53.6347405   46.11442726  49.79997333  46.6464522
  49.95715223  48.17576976  48.20168604  45.84031723  50.4807843
  47.55921133  42.35541962  51.04904779  50.34100583  47.74125692
  52.03115382  46.38360449  45.29638088  44.63359724  47.73817589
  45.51469329  47.19513125  45.98231368  51.73538619  53.05947383
  44.61324379  48.48219069  42.75493352  43.30354827  48.36408278]"
"[ 28.51772073  32.93608845  22.20210369  27.69390513  25.73953141
  27.30040102  26.8584407   28.69668938  28.12882817  24.08665292
  31.2637463   29.18566621  28.13759481  29.32903441  26.83435068
  27.40133732  28.95482952  19.35426846  25.50374848  25.41378949
  27.09881979  28.18344447  23.64429712  32.00646234  28.13759481
  29.32903441  26.83435068  27.40133732  28.95482952  19.35426846
  25.50374848  25.41378949  27.09881979  28.18344447  28.9482998
  25.31309793  20.12768119  26.62649103  28.18523888  21.50665139
  29.15452416  33.64840215  33.23641401  35.18081217  29.65281492
  33.23641401  35.18081217  29.65281492  26.93535595  24.7468341
  22.74420238  32.00646234  28.13759481  29.32903441  26.83435068
  27.40133732  25.27552847  28.83589486  24.47892473  23.57472455
  29.78262044  28.9482998   25.31309793  20.12768119  26.62649103
  28.18523888  21.50665139  25.41378949  27.09881979  28.18344447
  23.64429712  28.48573035  25.56933407  21.36168314  33.96718822
  25.85037624  29.23817615  30.66288392  27.22089131  24.74814309
  26.7082855   27.75722884  28.48188535  30.87082368  27.7962474
  33.85876777  19.2597682   28.22139184  20.12768119  26.62649103
  28.18523888  21.50665139  29.15452416  33.64840215  33.23641401
  35.18081217  29.65281492  26.93535595  24.7468341   21.89579201]","[ 21.70838075  15.27927481  26.01161186  24.65553992  20.35675978
  19.13641221  23.38193012  18.99853151  23.57001492  19.84995681
  26.08186848  29.1050588   23.2114522   20.81774527  22.5755602
  25.93656977  23.31584765  23.18976957  21.58595368  23.8082556
  22.56301586  29.37863356  17.44274371  18.05905921  21.31355784
  26.32363011  20.25578008  26.71528152  23.37047308  20.71726281
  21.75997222  25.57300206  21.551534    24.71575306  18.03089456
  23.28040658  21.61370589  21.87141215  23.00860154  18.87802857
  24.68340943  17.19576901  22.63055463  23.19481975  25.13506105
  22.73273546  22.78888657  17.07464866  27.66416836  25.92344045
  27.18036232  25.00131559  18.9779619   14.91019833  19.5290396
  27.78930234  23.5851165   18.08995712  23.90452963  17.46121846
  19.98722703  19.07941321  18.05905921  21.31355784  26.32363011
  26.71528152  23.37047308  20.71726281  21.75997222  25.57300206
  21.551534    18.65212141  26.87296287  25.13506105  22.73273546
  22.78888657  21.58595368  23.8082556   22.56301586  29.37863356
  17.44274371  26.287131    27.78930234  23.5851165   18.08995712
  23.90452963  17.46121846  22.95126639  29.1050588   23.2114522
  20.81774527  22.5755602   25.93656977  23.31584765  23.18976957
  21.58595368  23.8082556   22.56301586  15.2746289   28.98868449]","[ 40.5716896   47.19113311  39.14880961  53.05581887  49.06146899
  41.38788431  43.7712496   47.73877391  43.8572573   42.15885543
  44.35604867  47.13358876  48.74696433  45.61569809  40.49703045
  47.18072854  45.51099646  47.08522107  48.33292528  48.74075375
  45.92189465  48.58115563  47.10491795  48.53760272  44.52367949
  42.55165545  38.16025046  45.17175518  48.36983286  41.47836034
  43.49905723  44.26553572  48.30451236  52.70478993  45.20062399
  39.79457808  44.00177523  46.93825583  38.63358775  52.58478691
  35.35044161  47.81225227  41.87010813  42.24430045  47.05509637
  47.00476044  53.88625871  44.79384629  48.83240908  43.59846043
  45.46307971  48.40475931  46.01608724  32.01779262  48.40931845
  44.61916097  43.25113777  45.88493903  40.91295472  45.47806339
  47.45863232  44.18948651  47.54456459  37.10932206  42.52726413
  52.26006633  46.83293036  47.93578098  45.44966762  42.34695475
  42.26301712  46.52830247  48.33108858  51.14369365  38.91749651
  43.45107134  47.19113311  39.14880961  53.05581887  49.06146899
  41.38788431  43.7712496   47.73877391  43.8572573   42.15885543
  44.35604867  37.85380171  48.10932261  45.64056505  43.77397048
  47.13358876  48.74696433  45.61569809  40.49703045  47.18072854
  45.51099646  47.08522107  48.33292528  47.67216977  45.30934731]","[ 56.34520785  54.28076738  58.73629962  64.4348192   54.47146006
  59.1257187   52.06915851  59.40140527  55.40246675  55.26224452
  62.18694895  57.35625551  59.97162115  58.05245137  59.76281706
  62.1513568   61.25631724  60.30765617  67.046239    54.43313704
  55.0626341   59.58716568  57.71975181  57.18087877  52.44723885
  59.84225598  57.31209092  58.71443681  62.18268103  53.47705656
  57.71845209  51.98011345  57.0054235   57.48432432  61.87219834
  59.91358894  61.76396232  63.2601852   57.35625551  59.97162115
  58.05245137  59.76281706  62.1513568   50.44083758  61.20688276
  60.64755287  54.49777885  59.46328326  54.97436233  65.56869678
  63.38282838  58.56823031  53.37698205  47.33018908  57.89451681
  60.67212605  56.36188757  60.05760428  53.0223737   66.8555389
  63.48476569  61.5347563   59.20934625  57.14505873  62.15102824
  51.9127558   58.74757008  58.63466223  56.33446075  59.83567006
  61.02287609  56.93327348  57.89451681  60.67212605  56.36188757
  60.05760428  60.67212605  56.36188757  60.05760428  53.0223737
  66.8555389   63.48476569  61.5347563   59.20934625  57.14505873
  62.15102824  60.52218532  53.24628234  56.09934976  58.94912013
  61.67508676  55.92177996  54.17942299  62.99041241  59.35472993
  55.88940401  55.94251684  57.14668667  59.46328326  54.97436233]","[ 47.35369466  56.03555527  44.80901219  51.91896593  49.45856296
  42.72155962  49.49361026  46.54652091  56.88160218  45.99381361
  55.699474    42.49907444  50.37222652  48.55768732  51.96046892
  59.64265058  43.94918584  49.0375508   55.291642    48.41189483
  49.3296367   47.60729381  56.16208991  55.08802562  55.77916391
  56.10291215  46.72430554  50.70841534  55.97202018  48.26967713
  51.93245946  49.28902975  48.91253847  47.84407246  40.70088086
  51.12480132  53.69073949  54.57142409  43.40714825  46.72100948
  52.35848712  51.01394842  54.67713225  53.25529532  50.94620006
  54.88447839  44.34493368  51.97607923  52.93973552  54.48141629
  47.71095544  41.15078027  49.29068924  47.84407246  50.63390081
  50.80710368  51.3865483   43.68638778  53.17513799  55.6170288
  52.65973136  53.33276751  55.5639499   55.18762194  45.99381361
  55.699474    46.79267809  61.9365943   37.58401771  48.01571019
  50.77875428  57.8849057   43.22957722  47.36562448  49.88897476
  46.54652091  56.88160218  45.99381361  55.699474    46.79267809
  61.9365943   37.58401771  48.01571019  50.77875428  57.8849057
  55.78163064  58.89538042  46.37056848  55.52851894  52.02296751
  53.94042124  51.97500543  49.09743774  43.29598507  53.34191296
  46.6482219   54.84054293  50.70841534  55.97202018  48.26967713]","[ 60.5835385   65.77153295  64.11738922  55.1703572   66.47143525
  57.90216641  65.65558334  60.03776484  59.85416461  64.69717506
  61.04622447  62.16544584  64.98289422  63.62839104  64.52213691
  58.61642788  56.17655077  62.89194609  64.37869212  68.19009177
  71.78858198  55.37198715  61.53323036  61.31235105  62.41731676
  54.93964145  63.42461877  64.77939389  58.6918688   63.89062513
  63.81976887  62.70336531  62.1411925   56.51690178  63.75232912
  65.69842729  57.21018716  74.52635299  59.67884402  56.09567672
  62.0985603   61.42275492  67.73154635  60.85321986  57.03931026
  64.07510907  56.41659141  60.41083307  62.16544584  64.98289422
  63.62839104  64.52213691  58.61642788  56.17655077  63.62839104
  64.52213691  58.61642788  56.17655077  62.89194609  64.37869212
  68.19009177  71.78858198  55.37198715  63.05653542  60.48552685
  60.41083307  62.16544584  64.98289422  63.62839104  64.52213691
  58.61642788  56.17655077  62.89194609  64.37869212  68.19009177
  71.78858198  61.20865599  65.58102245  63.29012253  68.56357472
  59.17424989  64.37490646  61.10441899  60.23649559  62.99374558
  60.42085224  67.7733028   63.12658484  64.58090552  64.4677168
  67.15660065  62.44249638  67.31081157  66.24519899  66.53086456
  67.89630794  63.08255495  59.51697126  52.69859771  66.67081372]","[ 42.57373671  38.72041103  35.9201272   38.25345395  40.87416734
  42.48966542  41.08766436  39.63496758  38.12973226  45.33215909
  36.76366679  35.92044264  41.11466145  41.59502141  28.57971879
  43.3404401   28.65859083  41.99190983  45.52355809  39.30717656
  38.77033334  38.46613543  33.73923659  37.24754214  32.30751284
  28.0271083   35.26569672  35.45931611  37.6907294   39.46855588
  38.39518739  42.05608927  39.66117662  37.18537678  29.68241897
  37.6081758   35.92044264  41.11466145  41.59502141  28.57971879
  43.3404401   28.65859083  41.99190983  45.52355809  44.90296651
  41.78363935  38.09610541  37.16161067  33.73923659  37.24754214
  32.30751284  28.0271083   35.26569672  35.45931611  38.43923023
  45.11510027  42.90751526  34.42699798  34.09016622  35.79057753
  34.34888101  33.37375141  34.13302963  45.20687498  39.07097398
  43.83761396  39.08407473  37.73269085  32.48148533  41.04427543
  40.57236094  41.14676808  37.44204955  35.38640705  33.49226208
  36.83825206  37.93487814  37.5533134   36.45790691  41.74664442
  37.97347847  32.50033561  35.36643384  35.04808934  39.34484789
  43.66641459  35.71954325  32.72254096  44.02992706  30.72841167
  49.82596353  43.78061853  42.16091571  41.28252209  39.93664811
  38.67817886  40.27454177  41.24419594  35.37530304  36.77335816]","[ 58.09506167  58.1077572   61.41655065  62.29019182  59.18935673
  55.86230284  60.3743591   59.38647694  59.27172732  52.88228602
  57.36049848  59.97920049  62.84390132  51.03413385  60.95492318
  61.52184442  58.06269458  60.8880487   59.32166493  61.97286135
  59.2935293   55.12688879  58.25977783  51.87928668  57.24665759
  54.60178828  59.95714438  55.18107238  58.99635408  60.76174877
  59.97920049  62.84390132  51.03413385  62.74334023  61.87946817
  62.41716045  53.2317706   60.43991401  57.29437027  58.92038991
  67.89959366  63.04483108  59.62343741  58.88952523  58.40531395
  63.95946786  55.96794064  58.33785576  59.52544689  57.66168375
  61.48897069  58.25977783  51.87928668  57.24665759  54.60178828
  55.43646235  61.59689276  54.49210814  59.73405056  52.48482795
  56.83458613  61.49483978  55.61187291  56.79259174  57.95348752
  57.26363057  60.33338482  56.29112405  60.85214443  58.09902861
  58.73784415  56.11170308  64.38183839  53.08515939  56.28937067
  66.46953231  58.88952523  53.98385424  54.72799571  63.55923526
  54.21990374  64.49621316  63.11901278  52.26747201  55.36545361
  55.64489219  60.76832179  61.92601162  61.92335057  56.57403069
  56.64232603  61.58855078  61.28946781  53.34659911  60.96554146
  56.41340117  60.65914315  55.3880844   62.6656184   59.42543522]","[ 36.2559396   41.849458    39.79830745  33.40642155  40.44023052
  31.00580633  33.60145107  38.31696913  37.30863601  34.28601799
  41.26195892  40.80376052  38.58558093  40.4624268   37.23582092
  42.53948795  41.53104676  36.65139885  35.1652941   44.96102696
  34.14223671  31.44094771  33.86032911  49.227724    35.92555639
  37.65240569  40.03155605  33.66021525  35.27886883  46.48993091
  34.22057895  30.12217882  32.5174851   33.83612512  36.44721818
  40.81191746  44.51656615  41.26456482  36.32422791  32.77489517
  36.05842725  41.28841794  27.63503461  33.1489578   37.15003154
  41.33154865  38.62904743  38.92166946  33.64457891  40.34721681
  39.58780135  35.59209773  37.35648435  37.88634775  31.44094771
  33.86032911  49.227724    35.92555639  37.65240569  40.03155605
  33.66021525  35.27886883  46.48993091  34.22057895  40.91670715
  46.23080845  40.57852552  38.7719242   39.70775881  38.12955012
  46.6904152   34.59427816  38.16827188  36.54406437  40.37948796
  39.61756359  36.13489035  39.14606916  37.47797095  42.89685326
  35.46037113  35.12166957  33.82392912  33.650699    37.59546213
  39.57368685  42.96069097  38.7588722   37.01928591  34.45233648
  41.62016662  36.34121976  35.13778962  29.59907836  34.47131247
  42.01201572  36.52233697  42.14675203  36.13489035  39.14606916]","[ 50.87220572  52.76483401  50.31402417  53.67767926  41.76792816
  49.23566671  45.12692926  45.41299223  46.35258609  49.96295425
  53.88204082  50.09626001  50.21060455  48.18460171  47.81246221
  52.8224851   49.1521621   47.88465677  45.24109422  50.34049892
  45.46025143  41.45375898  46.4477855   44.4075878   43.42150944
  47.82611152  45.55344611  51.67289405  43.88779988  49.70400518
  56.7259796   49.02189414  46.53945783  45.77745226  45.08707814
  39.6075886   50.76150672  51.57560126  38.26940667  51.36909676
  44.14461753  35.74818509  45.70086818  47.87923091  41.50776015
  48.01366656  32.35053592  50.95480554  50.32841565  51.03753856
  45.65771938  45.64504134  49.5698444   47.88608797  44.81089704
  43.80243131  45.3678049   47.68317425  50.61169455  46.36014488
  53.91115019  43.75841321  44.33503527  49.30212347  53.5520481
  53.45276571  45.77745226  45.08707814  39.6075886   50.76150672
  51.57560126  38.26940667  51.36909676  44.14461753  35.74818509
  45.70086818  47.87923091  48.18359282  45.15322364  37.70314088
  44.50103185  50.56280337  49.25124371  49.28332774  49.16840891
  47.55090391  49.66249111  42.22030097  47.55867507  51.22738259
  46.8783068   48.87594593  47.36607214  49.57812261  45.89564191
  37.93862563  49.4027713   52.60749335  45.16439721  43.34378494]"
"[ 30.91921017  26.20501476  31.09923864  31.12574827  27.94310054
  30.86799579  26.52738661  30.21983648  31.04575844  32.55257185
  22.92358593  31.90375261  33.71859401  29.75423896  29.45428577
  22.6208323   31.05885193  27.0595174   29.3718389   26.26218911
  32.61444032  28.61235126  26.52738661  30.21983648  31.04575844
  32.55257185  22.92358593  29.22183089  29.51930831  29.22934334
  23.79872233  34.50333245  27.77522871  32.7591384   34.86899069
  32.26381405  25.87099219  35.5691662   29.67439089  32.63420458
  32.11800384  27.46751931  26.86958901  27.9785522   29.82152517
  33.81722154  31.50909925  31.45471555  36.30813546  32.3384637
  31.41171179  32.55019522  26.15859356  27.14819735  28.82091902
  27.9785522   29.82152517  33.81722154  31.50909925  31.45471555
  36.30813546  32.3384637   31.41171179  32.55019522  26.15859356
  32.3384637   31.41171179  32.55019522  26.15859356  27.14819735
  33.50600845  27.65993397  29.1071769   28.43699085  29.39900773
  32.48762149  34.50333245  28.96496014  26.44855615  27.56058172
  26.70652427  31.38376296  28.82091902  27.9785522   29.82152517
  33.81722154  31.50909925  32.55257185  22.92358593  29.22183089
  29.51930831  29.22934334  23.79872233  34.50333245  28.96496014
  26.44855615  27.56058172  26.70652427  25.9216482   31.56910493]","[ 21.50784693  18.99802669  22.95551979  24.23596433  22.74138943
  25.21004058  13.97864774  27.0860089   25.42152216  24.80179961
  26.84376344  21.33937809  26.92828976  25.46347214  27.34266756
  23.1093084   22.31064712  16.51914685  19.05010292  28.87627657
  20.77247878  25.63741177  24.08844566  27.73809281  26.7563554
  25.63751973  22.81672198  25.27113373  24.1713411   19.96182691
  24.90182344  17.23376571  18.62858712  16.51914685  19.05010292
  28.87627657  20.77247878  25.63741177  13.87871123  18.65534022
  21.29377167  13.48643935  14.08688265  23.39737887  16.93392157
  20.52468119  20.71098037  25.02832576  22.02836542  11.70774389
  25.07887858  23.64005819  19.31208902  21.26559442  25.05244073
  21.7474672   16.55535019  25.21283153  23.02774287  20.25366903
  17.52575351  28.15281736  17.20287837  17.79241208  21.19115041
  23.41986369  25.21283153  23.02774287  20.25366903  17.52575351
  28.15281736  17.20287837  17.79241208  21.19115041  23.41986369
  21.49438862  18.24687088  18.65534022  21.29377167  13.48643935
  14.08688265  23.39737887  21.11941153  23.23131445  20.83712393
  21.50784693  18.99802669  22.95551979  21.01195854  24.48724332
  20.67712276  26.64116132  28.29109468  22.00152172  20.69371848
  21.54863204  25.43479866  21.76989636  17.20287837  17.79241208]","[ 45.78403497  45.52672878  45.06319356  42.14503844  47.80790733
  42.24063066  42.82339865  45.028523    40.95790449  48.32773134
  41.40048294  45.06319356  42.14503844  47.80790733  42.24063066
  42.82339865  45.028523    40.95790449  48.32773134  41.40048294
  42.28976474  49.34549496  42.81692057  47.26520941  45.42949328
  50.67570102  47.64470582  43.9653696   46.89436174  39.4706824
  47.67388244  40.674308    46.33514439  51.14110405  48.47999147
  51.25934543  41.91694899  49.47253293  48.73266103  43.65492173
  47.59724864  41.71675535  41.50317591  45.1621997   45.42949328
  50.67570102  47.64470582  43.9653696   46.89436174  39.4706824
  47.67388244  40.674308    48.15139179  52.43692695  40.73111795
  44.32161667  41.67817601  38.99767289  46.28663513  41.83606529
  40.49666529  50.5848449   46.93266337  44.85398574  37.81421539
  43.02471853  45.10036145  40.91111684  45.75369203  47.00853104
  41.29254305  51.13911234  45.74893428  39.28004167  46.64199245
  49.68778849  46.30680975  42.54371135  46.07740197  44.41926776
  50.09629746  44.01712038  47.81329946  47.46610473  50.0009906
  51.50290905  41.07485536  47.60230286  43.2893424   48.27791291
  50.70459821  51.62643387  51.03401219  45.18488836  47.9063809
  53.89293867  48.31198522  45.13500882  52.94146055  43.28947599]","[ 61.738199    49.53369637  56.60028971  54.97597249  48.40098246
  57.26956781  48.47127023  56.0539313   53.45851589  60.38788022
  55.81384933  55.25321047  59.18861231  60.53932689  63.21328931
  56.29867641  62.72529703  57.93216259  51.62918314  69.11974638
  57.81275458  56.01211815  63.49613285  50.65976888  55.83155639
  59.90225204  55.89876762  51.11579021  57.01417018  57.8924909
  59.01715396  57.88665618  55.1607803   54.06864419  61.95829089
  56.66004327  51.8784051   53.40044398  51.74007571  53.38934619
  57.72413318  59.47260688  55.51830603  51.11579021  57.01417018
  57.8924909   59.01715396  57.88665618  55.1607803   51.68610824
  56.50750952  51.15928554  55.83166949  46.83560324  50.01196033
  54.04542346  49.40626885  55.99265965  62.90072753  61.90065134
  54.68473661  58.60327752  53.19290372  52.91701996  60.00854569
  52.84403195  61.70364369  51.72941432  50.78862563  54.06864419
  61.95829089  56.66004327  51.8784051   53.40044398  51.74007571
  53.38934619  58.58297054  53.28763874  53.93137331  59.54636366
  65.95391564  55.10060848  58.99307442  54.24951417  57.57732611
  54.45465293  59.79589388  62.20611626  59.7452104   55.49834557
  59.63836167  51.27903557  55.25321047  59.18861231  60.53932689
  63.21328931  56.29867641  62.72529703  59.01715396  57.88665618]","[ 50.43896629  48.74516083  50.34833384  53.75373801  56.89335212
  54.7151506   53.99719245  42.12423903  47.43807124  53.48209116
  47.00060978  50.01328017  45.20348407  52.05933471  57.37780841
  51.20885764  53.16387182  53.50404418  51.0356828   47.82042805
  43.75830888  48.01149344  32.53384261  43.77391866  52.79733693
  49.92367046  45.66977465  54.82606098  45.11997577  50.46459793
  49.63893239  54.53362212  45.01728715  47.9718414   41.03074226
  52.89183681  47.26711722  45.09447803  48.95424447  50.88971605
  51.32865692  47.96578129  47.78192486  49.63535471  46.50358707
  50.90092565  44.08954398  52.79802324  50.95734115  54.97615383
  45.01728715  47.9718414   41.03074226  52.89183681  49.29232087
  51.4940953   43.47651832  49.04344022  47.43576588  48.42784572
  45.23756328  51.21879263  50.48894401  53.87459421  47.72079225
  53.57949355  47.02937301  51.41826812  49.20731089  44.93958971
  44.7586595   42.04543236  45.08522558  45.40074659  46.01078908
  47.10435423  43.7857985   41.85285723  50.08178891  49.29232087
  51.4940953   43.47651832  49.04344022  47.43576588  48.42784572
  45.23756328  51.21879263  48.44108958  47.23290701  50.75603292
  56.18402223  49.98105147  46.17873998  47.0576901   53.06987847
  51.83143823  43.62701161  40.843589    50.85629322  48.70197096]","[ 61.59016495  55.63495735  61.97613435  58.99383353  65.76729046
  60.930776    56.64533592  56.79513133  61.84110221  54.32800103
  64.48810702  66.18632311  67.98206721  60.80447794  59.07294566
  60.68842454  59.22194679  63.59007438  55.79108791  62.49113325
  55.24193671  71.95124536  65.36279715  51.61863429  61.64867496
  62.81053518  66.59675008  60.01054632  61.13523078  59.86152971
  55.81770763  54.85278321  60.01054632  61.13523078  59.86152971
  55.81770763  54.85278321  61.24035043  66.2194198   67.81034529
  67.21834932  67.61669532  56.01832539  64.0792178   65.57670975
  57.72028461  67.49919102  58.52407588  61.20799994  61.06456518
  57.91705267  57.24613701  60.85454021  56.15864732  61.13523078
  59.86152971  55.81770763  54.85278321  61.24035043  66.2194198
  67.81034529  67.21834932  67.61669532  56.01832539  60.46700717
  58.55035789  58.65119292  65.99092831  61.15746684  59.8048984
  52.74846579  60.65074699  54.36070916  61.27046994  61.32244538
  57.54597419  61.28466503  57.79762284  71.11518596  52.53282391
  54.97693388  59.76947884  60.04926554  58.54845187  60.48469112
  58.71023259  58.94249374  62.81053518  66.59675008  60.01054632
  61.13523078  59.86152971  55.81770763  54.85278321  61.24035043
  66.2194198   67.81034529  67.21834932  68.25766817  60.90338688]","[ 41.66679852  40.92294829  36.10782876  39.33771481  35.43653841
  40.79129109  37.35397321  43.94523808  43.50048336  37.99314938
  42.99230228  40.99481334  39.18849606  48.43415356  38.45716104
  37.3693594   40.65521632  37.05481505  42.50633423  43.34851234
  43.81434922  48.1982453   39.08970165  42.78043329  37.16193225
  46.25498198  43.91549242  36.02838763  39.29460247  41.01516769
  41.4417057   40.97567914  36.20516026  38.45716104  37.3693594
  40.65521632  37.05481505  42.50633423  43.34851234  43.81434922
  48.1982453   40.69381671  43.54477371  43.87253311  35.75835898
  51.32525832  38.49152521  43.31301484  46.34744868  46.64459606
  42.19375337  43.31712319  42.28664331  34.57888607  40.70609999
  34.52315164  37.80070698  39.45261964  34.79953037  40.37338661
  43.49300909  42.77817746  39.53078846  41.72816887  40.92178485
  41.13954857  39.75385278  35.39719446  35.66128139  41.61363099
  37.98744011  38.45229116  42.33996853  36.24645648  42.45778278
  50.58983325  33.63894858  37.35883263  39.75810264  36.54541334
  47.94225284  38.83195889  46.5057346   42.00169949  40.12329541
  39.48726579  43.6529339   41.68116005  40.56631903  29.32009387
  37.77796485  42.84194801  44.67705595  40.23398597  30.52701977
  47.67434601  32.01114147  44.76096841  42.75039245  43.63644712]","[ 58.3830093   55.97072244  56.72325859  54.5168744   58.12387854
  57.29641239  60.09371294  62.15368165  62.74723706  56.55269701
  58.9552891   51.70963417  60.54080605  62.6808003   54.60352466
  60.15758222  56.84327327  58.44615447  57.7874638   52.89114744
  56.43952529  52.6800643   58.94244253  59.9010103   57.90264422
  55.89844904  55.26478854  61.56529954  65.89261334  60.52969305
  54.70873887  58.65745924  61.98041683  54.75132574  58.79967143
  58.54662072  59.66472858  55.34310612  63.38266397  57.92389168
  53.36722245  64.21883492  56.24197293  53.30425978  55.60291711
  63.69074256  60.0463309   58.21591281  57.60314208  58.66672681
  58.20787758  57.81259298  56.88424448  57.42591082  57.14911669
  57.68749083  57.86091976  58.25625898  53.72853811  53.98870855
  56.60752026  62.75358844  63.06054113  64.34702388  52.31177672
  57.83921572  60.77694737  53.68278896  59.99150611  59.85750743
  60.01991178  65.52381599  58.85727353  57.14911669  57.68749083
  57.86091976  59.89153325  60.81807988  59.64620241  63.25899623
  50.26543999  57.66451725  60.30100536  57.83921572  60.77694737
  53.68278896  59.99150611  58.70896725  62.0526302   60.48024915
  59.49837895  60.0778777   63.3481755   52.44769136  56.97430658
  57.31163825  53.30220067  55.78002448  57.99374676  63.54605077]","[ 36.87875511  36.09758971  33.88417535  35.83001057  50.89890791
  38.42767811  40.50385887  40.97551308  40.71751217  35.1871412
  43.33642856  39.44054991  40.24427716  40.90131203  44.00016359
  43.52668594  40.26587327  39.94037241  41.85105814  32.74504366
  39.04660963  43.9662259   37.86021454  37.17629622  31.54447764
  42.01252618  40.2313563   32.99113431  35.20565244  42.89844009
  41.14490758  42.34104757  38.59607346  34.60169545  39.34329003
  34.29412111  39.58581017  32.62352038  41.92270655  36.64154776
  32.02798995  33.09753122  42.79490173  31.74536627  33.82321147
  38.2038553   42.09388802  43.72367253  33.78455158  39.65889363
  38.21165257  37.81647292  39.44144122  42.90496388  36.17931096
  38.70046788  45.85075147  37.05886127  31.17649191  32.17672143
  42.29407887  36.41228601  37.62184231  43.14883345  38.742206
  37.56868034  31.77725705  35.14568831  38.71151201  38.09478546
  30.62613601  47.96442073  41.45803568  39.19006078  36.72371718
  41.8663888   31.77725705  35.14568831  38.71151201  38.09478546
  30.62613601  47.96442073  41.45803568  39.19006078  36.72371718
  41.8663888   44.57066986  41.93164874  41.59605186  42.01996905
  42.28448225  35.39796367  41.13965012  35.67782638  35.89294925
  37.61919864  36.63589366  38.51310079  36.09758971  33.88417535]","[ 48.21540483  44.32882613  38.44032166  44.66694912  52.31462754
  45.90815529  45.87473774  48.18816051  46.05403424  44.52447887
  49.40331206  46.685284    49.63866156  38.01497997  41.57823008
  46.87392744  47.05500269  48.01244731  42.67616103  47.37932701
  48.76137193  49.20539803  36.43173844  41.86483793  42.9969449
  48.42092566  41.44163352  47.19541357  55.3227493   48.35608711
  47.56386178  42.3602624   47.97641984  47.40868226  47.16787733
  35.43183347  49.57340347  49.3025532   43.49451586  46.37373815
  41.12261086  43.70670905  49.58857469  48.80352619  46.46872891
  41.93151256  51.12955804  43.94165466  42.25055051  51.11295812
  48.74807378  42.43208851  47.82149609  44.61946029  36.61615803
  42.53306845  44.99927473  47.39182823  44.23275564  50.99968127
  48.59055296  54.20554776  45.57362928  47.39952297  40.20686167
  52.40604709  47.67386124  46.41091101  46.685284    49.63866156
  38.01497997  41.57823008  46.87392744  47.05500269  48.01244731
  42.67616103  47.37932701  43.10473872  54.40421329  44.30421781
  46.26351567  52.59433542  48.21703144  49.29315223  42.92914941
  47.37486528  40.85937753  52.23346982  46.90402953  43.33004351
  38.30268292  42.52849808  44.32246392  42.79831474  45.43082577
  46.57494888  51.18031593  40.20619756  46.21406771  50.75027439]"
"[ 31.30164597  33.1553494   16.7965704   31.05964914  34.73234621
  25.9623797   33.1146536   32.42207535  23.93359143  31.67943441
  13.10475856  23.58595493  30.3037815   27.30938496  27.49310059
  18.56024653  30.45659193  38.6101685   34.09221278  33.17217151
  36.29929997  29.0134874   27.85631813  33.18876502  35.29607425
  31.59951798  34.89589908  32.56473453  31.18883034  34.18761499
  31.30164597  33.1553494   16.7965704   31.05964914  34.18761499
  31.30164597  33.1553494   16.7965704   31.05964914  34.73234621
  25.9623797   33.1146536   32.42207535  23.93359143  31.67943441
  36.33442859  35.49064339  26.95310805  30.16295313  19.86760896
  29.17241834  34.56829172  34.78599179  32.37345368  33.18876502
  35.29607425  19.86760896  29.17241834  34.56829172  34.78599179
  32.37345368  33.18876502  35.29607425  31.59951798  34.89589908
  32.56473453  33.1146536   32.42207535  23.93359143  31.67943441
  13.10475856  37.29421016  37.71813987  36.71508195  31.66673186
  30.31033911  22.97480918  33.69617286  34.92282692  31.10813883
  31.85951008  29.39937021  29.87120714  22.18498511  36.33442859
  35.49064339  26.95310805  30.16295313  35.54709642  33.66777898
  30.97278189  23.81053778  27.91392729  30.92586335  20.53794089
  37.31144508  29.83116904  33.38347641  30.29717261  27.69694056]","[ 28.23212376  23.08104581  22.18099732  27.43429071  21.44805043
  23.01917478  16.79883614  19.1519748   17.17124282  18.7759207
  18.31221495  23.01295579  18.83411844  21.05477953  23.00138258
  25.56745477  25.7792788   22.56046036  27.57659005  17.15847542
  19.88154081  19.37564416  24.36086139  17.65809711  23.97769825
  24.41468927  18.78618507  16.9564203   15.77873457  23.01295579
  18.83411844  21.05477953  23.00138258  25.35038415  18.83261179
  22.15354926  24.62871769  17.63130208  23.34471631  16.67209539
  19.00539544  22.0171247   16.83884362  20.68983197  28.58225587
  18.92705964  16.4532255   20.10896282  14.44840051  18.32545163
  16.17638012  17.44083664  21.06496787  17.94582966  24.38894177
  20.27335436  20.54168864  22.01332839  26.00200241  25.02780353
  21.31842576  19.09164955  15.90738624  25.40515323  25.37779994
  20.1510155   19.09164955  15.90738624  25.40515323  25.37779994
  20.1510155   28.8459593   24.36086139  17.65809711  23.97769825
  24.41468927  18.78618507  19.94804777  24.19959024  28.6880031
  24.04124191  20.85730739  23.53628535  16.31167613  23.91855538
  18.37928482  18.95066121  20.9905233   19.79389137  21.03078553
  28.58225587  18.92705964  16.4532255   20.10896282  14.44840051
  18.32545163  16.17638012  17.44083664  14.44840051  18.32545163]","[ 41.81084104  44.56420246  43.18152943  44.54889883  53.46386981
  48.61308936  45.34588987  48.93076428  47.72936513  41.72139237
  49.24333521  52.84559715  49.48425086  48.51355525  44.55440181
  49.68797691  51.37922628  40.85481599  51.4133291   49.75940497
  49.67529521  48.45536755  50.2507775   42.98472067  54.97914831
  44.69252475  46.34997173  50.13109797  52.27055667  49.13096107
  51.53526488  43.37827107  52.41303388  48.42917515  52.84559715
  49.48425086  48.51355525  44.55440181  49.68797691  51.37922628
  40.85481599  51.4133291   49.75940497  42.45369381  51.08133618
  46.54594469  49.58010455  36.70909143  54.6924852   47.57905785
  47.38480119  52.1461655   52.52738667  44.63173045  54.03580473
  49.03911773  41.81084104  44.56420246  43.18152943  44.54889883
  53.46386981  48.61308936  45.34588987  48.93076428  47.72936513
  50.18990568  52.90944764  42.84640686  49.47807222  47.12706645
  47.9546832   48.2255537   53.31430347  48.44836217  49.51923018
  49.28896547  52.40582337  49.28489709  49.00651841  53.85071463
  50.60595492  54.89467597  47.86251944  54.34828942  49.19144458
  45.95456527  52.71039278  55.33447633  48.93193062  51.51903805
  51.99354319  47.28645085  54.85252358  53.5132541   45.17039526
  50.86100508  52.66359752  52.08086357  54.31512975  52.8559472 ]","[ 59.30547233  55.52821509  50.06737489  53.76376272  61.17121304
  53.28627225  59.02921215  59.32205849  53.28113155  65.6950945
  58.81228327  65.0277156   59.06483854  52.5607329   63.12280836
  53.04538894  64.98214189  64.03176414  57.33780935  59.48422539
  61.11275723  57.22150528  54.1489475   62.83970489  53.05996422
  59.543698    58.28108799  55.63147405  61.37667977  53.14985834
  56.05248125  65.23110977  55.25261731  60.71499758  58.60913357
  50.10339817  53.7997453   56.63982311  61.20618057  56.09980857
  56.34113175  57.99852409  58.29943844  56.15746634  57.58948022
  48.68326492  62.12339545  51.93419699  58.59877416  62.34117923
  60.47778217  54.00571801  62.12260143  67.86232736  61.17121304
  53.28627225  59.02921215  59.32205849  53.28113155  65.6950945
  58.81228327  58.72680438  48.7731954   55.24706627  51.49888638
  58.59877416  62.34117923  60.47778217  54.00571801  62.12260143
  67.86232736  58.07407745  62.2575596   53.2172038   59.45366994
  54.52796004  54.00571801  62.12260143  67.86232736  58.07407745
  62.2575596   53.2172038   59.45366994  54.52796004  65.59137078
  61.91002163  55.26669022  67.83938615  59.48667744  57.06352334
  60.62235569  59.17667291  55.25261731  60.71499758  58.60913357
  50.10339817  53.7997453   56.63982311  57.3076562   60.27922939]","[ 49.33380403  49.0769878   50.38042523  43.81543784  44.30567467
  47.26774455  41.91431985  44.25171704  48.74406228  49.01317644
  51.38203202  42.3140088   47.88655033  42.03727967  37.67641714
  48.6170933   44.79312615  42.74915094  46.84458628  42.50678211
  42.2746249   52.62140896  37.67641714  48.6170933   44.79312615
  42.74915094  46.84458628  42.50678211  42.2746249   52.62140896
  37.83915383  48.18977874  49.33380403  52.52997499  54.26063346
  41.64718771  41.80157053  41.73475659  43.68280471  50.21018685
  43.10566477  36.08884235  47.2206737   41.78702135  45.62526553
  45.04037222  41.29616424  50.53073096  53.43888449  51.50829168
  45.62598059  51.08654967  43.04431306  43.01133679  45.01680513
  37.32288383  49.8467065   45.22318557  50.32977653  42.59407817
  46.60966463  50.86822788  45.27809376  52.43950584  46.16905792
  41.9953396   51.47615847  45.24249878  43.08394469  48.59984959
  45.17137859  41.86803091  42.3140088   47.88655033  42.03727967
  37.67641714  48.6170933   45.32625526  39.53014887  48.4958251
  51.2068699   46.96855898  42.9546949   49.17656529  37.32288383
  49.8467065   45.22318557  50.32977653  49.13911041  33.97385346
  50.26768869  50.00306048  40.48343987  46.7325724   40.21916993
  47.58261678  46.31636671  42.21408137  45.35590813  47.11506652]","[ 62.03099608  57.68922366  60.79229283  62.08387404  58.45681374
  60.45787972  62.50248379  61.6188497   59.36405579  61.77748662
  45.92488431  53.13071273  69.88099316  63.44017452  67.64730844
  53.7917285   61.40770141  58.4497295   65.77732858  62.13850772
  61.2587463   59.069103    59.57335983  63.63363906  66.48365907
  64.02881702  65.64206771  64.07126279  64.78149798  57.89879678
  63.30669076  55.20766252  62.50248379  61.6188497   59.36405579
  61.77748662  61.13870445  52.46084758  64.72307771  61.73934466
  56.64697494  66.60243047  52.32486101  61.87405324  63.19776133
  57.44981732  60.282779    57.63054118  57.55322804  61.08759795
  61.32781122  62.70147133  56.99099465  59.30578681  53.77297172
  61.60363709  63.8454676   59.99299629  69.55592571  64.69244321
  57.17928363  54.41644369  60.73153498  60.30361594  58.1603239
  64.92907396  58.0565373   60.57761028  56.27559277  64.74710955
  55.0437473   50.26916752  59.17286312  66.27117447  64.13254441
  66.84062348  61.6188497   59.36405579  61.77748662  61.13870445
  52.46084758  64.72307771  61.73934466  56.64697494  66.60243047
  52.32486101  58.02346536  58.45681374  60.45787972  62.50248379
  61.6188497   59.36405579  61.77748662  61.13870445  52.46084758
  64.72307771  61.73934466  56.64697494  60.18809749  64.65705838]","[ 42.04907241  42.35413443  44.79443235  44.91027835  43.18627202
  41.09583293  33.91669027  36.27127594  39.62161519  42.8134659
  35.97218963  32.56884347  41.81453929  45.8765191   42.69842516
  30.47110765  36.04221444  44.65696479  42.93244639  37.11423118
  32.67741558  48.35644704  28.94383073  41.57151338  34.37462908
  42.88407933  41.80163371  41.47073546  43.35576466  42.65412375
  36.44333507  43.63386983  39.01005005  42.48654927  37.03400113
  47.37872171  38.90757306  47.40148537  37.03197389  42.04315763
  38.08635744  42.20207374  43.52011227  39.61886488  48.51608014
  39.32497908  37.97722254  47.84986961  40.22006201  42.04505409
  43.85187349  38.8593837   44.60152577  42.58164903  45.8417146
  38.17742356  39.32514499  43.16545865  45.99653241  40.45897161
  35.13439779  40.30810403  36.69424331  40.85296334  47.37872171
  38.90757306  47.40148537  37.03197389  42.04315763  38.08635744
  42.20207374  43.52011227  39.17974154  39.5437791   35.89760792
  35.57605521  47.13554156  42.49429019  37.57291998  39.18214407
  44.88871258  44.72869032  41.00956712  45.83922171  33.27986816
  44.99498849  44.65696479  42.93244639  37.11423118  32.67741558
  48.35644704  29.67458506  36.29206034  48.15004001  40.8180057
  41.06398725  40.00145652  39.61886488  39.50051186  31.85806414]","[ 60.39374888  66.69746269  64.93738363  58.83058604  56.36672273
  55.12569478  55.97137914  64.42730698  60.15645827  59.66104066
  58.95732711  61.37677756  60.01497893  55.87388414  60.52337604
  56.69841127  50.99160898  58.50849015  56.25547025  60.12638841
  67.14334688  61.36417781  68.36247559  62.46666678  58.27898661
  52.97336946  58.90314796  57.51050911  58.95009575  58.93003092
  59.93103654  51.83902963  58.94225704  62.90815996  56.79964488
  57.83329114  66.41663663  58.6793997   60.30448908  60.45955991
  64.89657232  62.72911894  62.54358525  54.32200829  52.22271657
  57.78594444  60.38427306  58.46800002  62.4798311   64.59502659
  61.10445639  67.08196351  59.25374879  61.98330691  57.3768444
  61.62566445  56.44901641  59.49883981  62.84348593  63.88020318
  64.32814449  64.39923932  54.96102296  60.64524728  57.97465544
  58.95009575  58.93003092  59.93103654  51.83902963  58.79288714
  57.63695275  62.63817748  61.67862671  63.12247474  62.73468307
  61.50558092  57.83670005  65.06533772  65.17011176  57.78864117
  58.49997526  56.68840735  60.60200666  65.83926624  58.28067658
  61.29991087  62.09078473  52.63170039  62.95298275  52.83478955
  57.17063083  62.83817307  59.23215583  56.89813637  60.62476383
  61.36417781  68.36247559  62.46666678  67.08196351  59.25374879]","[ 36.16792509  37.97607167  41.40849513  42.56228589  38.93294907
  37.25664056  43.97591928  39.48643899  45.26210126  40.78867308
  36.98394706  41.32668     38.17057125  33.07924273  36.98611562
  41.57598503  38.62388058  29.87222955  47.44740895  43.27500076
  37.83771071  38.65458624  39.66984615  40.00974363  39.70576546
  35.90975753  35.91140731  50.9639999   39.75921792  41.37250142
  43.65972899  43.11422136  35.18916591  33.07924273  36.98611562
  41.57598503  38.62388058  29.87222955  47.44740895  43.27500076
  37.83771071  38.65458624  41.18375221  44.83780247  36.06117231
  45.54389267  36.4413373   43.80056095  41.70398466  35.78720395
  36.72210375  37.27771793  35.70897485  42.46941206  44.76160125
  33.25909103  41.15803239  40.02261023  39.77357927  38.78955512
  46.45290197  41.01094359  34.39174261  37.08849433  42.63353401
  45.10695091  40.45529746  37.005011    32.3816941   38.63531815
  41.25197502  43.20205134  43.46235498  40.37519076  39.47379985
  34.72848285  40.23832907  42.61391541  33.48263765  42.46848936
  35.32251681  36.77844945  38.99035565  38.63762082  43.21787249
  46.87000181  41.70804431  45.92501951  42.92289868  36.67928368
  32.25010482  44.32811247  43.32246724  40.23856799  39.54729103
  46.58056633  33.58747227  39.74259155  36.16792509  37.97607167]","[ 43.80252765  48.01014308  47.62529366  51.43133048  48.14383007
  49.07947645  52.89470313  44.86273923  50.78676347  49.75895623
  48.8342748   43.60036904  43.68410622  48.33274294  42.5162692
  48.7357113   54.30201329  41.29069711  47.16643306  43.68048617
  47.63194942  50.12908538  48.093686    49.21184139  45.07426378
  44.79989795  43.89973836  51.37802105  49.36895333  47.56522284
  51.99305531  51.48606899  48.093686    49.21184139  45.07426378
  44.79989795  43.89973836  51.37802105  49.36895333  47.56522284
  51.99305531  51.48606899  45.05833632  48.97242874  42.19593421
  40.91856606  45.91964372  48.09835718  48.90159515  56.09634572
  47.82818068  47.22730731  49.25513312  44.3097434   42.29451722
  42.25316243  46.76543616  47.02795443  47.08511831  44.87249339
  44.4569196   46.63824043  46.03787241  48.58826468  42.20684456
  45.81351689  45.67304755  50.01872043  43.65971324  56.86603285
  45.89838551  47.17810853  52.65550273  54.34630755  42.09658381
  54.26709888  37.20623412  49.21395296  43.94661308  37.48471759
  49.09042639  46.01201583  45.30379521  34.21806699  49.05415836
  47.65972033  56.10975057  50.77264444  46.45509455  45.80276126
  49.85458065  43.12773897  54.60186829  50.81206302  42.68967716
  45.63673554  49.26268307  47.66009233  47.92474756  43.38966083]"
"[ 33.13756408  31.73598542  41.41655942  33.59208631  39.63795526
  20.2300762   29.24043761  22.38665882  34.34490181  25.52772459
  28.46564248  28.4530627   34.08207263  17.60969324  35.39032455
  38.74730319  30.93379045  30.66016165  34.63218197  33.03620911
  32.20613965  40.98797217  34.50176034  32.4641543   33.17214013
  32.94268551  28.14293635  33.7019231   34.41733455  34.34940497
  37.22191781  27.7034969   21.97281199  28.46564248  27.54713026
  34.0711273   24.36401351  31.18736349  19.41945574  28.4530627
  34.08207263  17.60969324  35.39032455  22.38665882  34.34490181
  25.52772459  28.46564248  27.54713026  34.0711273   24.36401351
  31.18736349  19.41945574  28.4530627   34.08207263  17.60969324
  30.66016165  34.63218197  33.03620911  32.20613965  40.98797217
  15.82156613  32.14971594  39.5215293   31.60986156  34.24233183
  30.33637743  37.11435111  35.6917216   32.58566733  29.53417395
  17.28697225  11.29032964  31.16301876  33.85570295  28.92273991
  24.16943165  34.68995719  39.5215293   31.60986156  34.24233183
  30.33637743  22.86458048  34.19599573  29.0093788   38.36475957
  28.28152454  36.52132005  25.71362255  21.11446496  30.07376283
  34.81197781  27.22266249  32.58208062  33.02501279  17.21099919
  26.7979414   25.49727673  13.62091009  34.63218197  33.03620911]","[ 25.55103463  26.61197779  16.26868075  20.78882762  24.11811029
  19.89276968  19.61461385  23.44839254  20.04718081  25.47992935
  22.09086457  23.72778823  24.03839402  25.71092246  22.94626795
  22.37674239  27.6376785   23.13268659  16.77333891  21.91198575
  27.61547242  18.63575016  26.36565095  27.70517438  19.19143092
  21.05841927  24.97310987  21.34682159  24.36239153  27.02034306
  18.8640281   20.02602655  15.82736987  23.13268659  16.77333891
  21.91198575  27.61547242  18.63575016  24.7598749   21.46801218
  21.24086321  19.24053451  24.22189283  24.30937264  24.02172661
  24.31940331  27.07835402  18.92303704  19.63902807  22.31851449
  26.36565095  27.70517438  19.19143092  21.05841927  24.97310987
  19.24053451  24.22189283  24.30937264  20.96356362  24.02172661
  24.31940331  27.07835402  18.92303704  19.63902807  22.31851449
  26.36565095  21.41623441  20.32464223  24.28194767  24.98684496
  22.1080749   24.02525644  23.80005239  21.09903817  28.29820853
  17.6093227   25.71092246  22.94626795  22.37674239  27.6376785
  23.13268659  16.77333891  21.91198575  27.61547242  18.63575016
  24.7598749   21.46801218  23.16926095  21.35163877  21.01317624
  23.99704055  23.39139067  22.38369132  21.52756813  22.88336864
  16.99298923  31.21197545  18.31165331  20.02602655  15.82736987]","[ 51.39949558  42.40066126  50.91243388  51.77320853  44.40183631
  44.16262809  49.17635903  42.31669153  50.56604235  50.51177876
  45.52511092  53.0788934   48.48146948  49.76643452  50.49508047
  50.72796335  49.61535044  51.19631493  53.15694933  37.37755089
  49.76487741  50.53381423  50.41206145  47.60041855  54.91412223
  47.56246023  47.7407261   48.40764395  41.45373383  51.16137652
  51.52741825  52.9288233   50.15413329  47.46563544  50.20966409
  48.59339372  53.53277763  45.65326032  49.51017533  54.15187363
  50.28596709  55.46502306  46.56611004  48.70245542  53.9465277
  48.70443338  49.68172782  49.82793133  42.89042119  50.26630106
  54.3329632   44.5471522   47.46305004  55.84642272  51.24785312
  48.12085404  53.2304063   51.8966612   50.99805365  51.43482023
  50.30871837  51.15449091  52.53733234  50.27292153  49.13765607
  48.47170368  48.09198319  48.63656631  54.04922689  47.20110918
  45.83526725  49.65792384  55.08554841  45.52511092  53.0788934
  48.48146948  49.76643452  36.87314333  52.57581845  51.24785312
  48.12085404  53.2304063   51.8966612   50.99805365  51.43482023
  50.30871837  51.15449091  52.53733234  50.20966409  48.59339372
  53.53277763  45.65326032  49.51017533  54.15187363  50.28596709
  55.46502306  46.56611004  45.73779195  49.45989039  49.0585551 ]","[ 65.87346229  57.44269532  60.97389236  52.08299891  60.42953315
  57.79316149  54.37763068  58.39568768  54.93360339  54.66737445
  60.93193478  54.96009852  53.14777892  63.0035838   58.52048625
  64.28928102  63.27195379  54.7455185   56.18059551  50.6908304
  48.48620187  57.8711905   56.77742434  56.74190203  52.92638892
  59.96931425  49.18996803  61.98455609  54.51410603  58.83910413
  53.63115508  62.17593349  65.84290788  56.43769841  54.37763068
  58.39568768  54.93360339  54.66737445  60.93193478  54.96009852
  54.25299183  60.82749552  63.31148521  56.98213877  64.13077426
  47.75188289  52.00874072  60.13886454  60.26328839  66.90519277
  62.6062494   59.88355464  54.57138432  59.23210749  63.2651569
  53.97950143  66.90519277  62.6062494   59.88355464  54.57138432
  59.23210749  63.2651569   53.97950143  58.1507027   55.94862928
  69.2209464   54.7455185   56.18059551  50.6908304   48.48620187
  57.8711905   56.77742434  57.96611905  63.08406697  57.89923488
  55.61705641  59.71012598  54.1253019   59.80373842  57.25966325
  58.07136601  55.79165227  57.04178303  61.02892053  53.59236382
  62.31649729  52.06042867  54.66737445  60.93193478  54.96009852
  54.25299183  60.82749552  63.31148521  56.98213877  64.13077426
  54.69918096  54.04326992  56.74190203  55.7314109   60.47964628]","[ 47.62438538  43.14114169  46.92293627  45.05789364  49.16587229
  43.66204115  50.40952483  42.82200955  49.44586751  49.28761997
  48.16850081  48.37489123  52.31031205  53.43090864  52.18822783
  43.83586865  45.41738895  46.89747743  48.62459076  47.18153311
  45.36072685  41.74424325  47.02224793  42.27359285  49.54111232
  56.05985585  39.78088342  48.57975569  49.90456936  52.09763189
  51.48579598  51.95260509  50.52276213  44.62122791  51.49451176
  45.55481197  46.25503128  49.83162651  44.33714447  47.47161296
  45.76338217  50.31853426  47.7486112   46.89747743  48.62459076
  47.18153311  45.36072685  43.36552599  51.42172924  46.26854701
  44.38451703  46.35831968  50.09539866  44.12506422  45.36072685
  43.36552599  51.42172924  46.26854701  44.38451703  46.35831968
  50.09539866  44.12506422  48.55197261  48.01665121  42.97802852
  54.03292218  50.26557233  48.40487597  44.88036383  38.81878625
  47.92264902  50.52276213  44.62122791  51.49451176  45.55481197
  48.74449745  45.36484423  48.44175108  49.10556218  53.45561318
  48.0274004   41.8338682   54.38552606  50.42948455  46.73441164
  42.67289902  49.88345314  47.0047376   46.0660509   48.83067572
  43.66439095  37.77696594  43.98470126  47.57760062  41.04840773
  52.41745121  43.38690268  44.93192859  47.67944295  51.41865906]","[ 62.3844805   64.7660007   65.52247233  61.53531628  65.18289565
  66.43925713  66.02849801  62.38042629  67.0813164   62.91636875
  61.55305902  63.1172077   58.38330375  61.03434522  63.6845757
  61.70988379  62.37533932  63.52859438  64.3785716   57.97668366
  56.8252937   57.21504983  53.7931903   60.23409113  68.88532264
  57.00121996  68.18845393  68.98714856  61.62662129  65.60461204
  61.272814    56.7265249   67.84871152  63.51034223  66.63951716
  59.45803551  57.97666023  62.59594769  59.84602125  62.81447066
  66.04516321  66.70097689  65.72023239  60.92003046  64.10338366
  62.99249344  66.56451459  62.99469942  59.56644624  56.94896689
  62.81472425  63.92246533  55.63060331  58.98665446  66.84545908
  59.03098187  62.06298384  65.15976063  59.07344043  66.38843327
  55.09857511  60.73288457  59.06200795  61.55305902  63.1172077
  62.72592123  62.66950395  61.24014871  58.57724538  68.72382738
  62.02245321  62.97424947  62.60540458  67.09262115  64.01011153
  61.44803101  57.69635018  60.3507019   58.36966356  66.47586228
  53.36559807  68.61187075  59.69388354  56.25045884  64.2583358
  66.84545908  59.03098187  55.09857511  60.73288457  59.06200795
  61.55305902  63.1172077   58.38330375  61.03434522  63.6845757
  61.70988379  62.37533932  63.52859438  63.1172077   58.38330375]","[ 37.59773239  33.79490061  39.06681233  37.31657427  39.35078111
  41.61057564  37.51067401  35.01255626  41.26784754  32.25912652
  37.42170907  38.33813197  41.47451059  38.39210365  44.86469131
  35.1554412   48.71728316  40.00337198  42.28672649  37.59773239
  33.79490061  39.06681233  37.31657427  33.21738508  45.05569463
  45.77021528  47.36927374  48.2292333   40.46942241  48.97704244
  45.82594866  38.33813197  41.47451059  38.39210365  41.9919888
  38.16580033  39.17344688  49.34844496  38.6439893   44.91994995
  37.085523    40.32308226  42.46279291  40.24209269  35.93514845
  32.18122015  38.51889497  40.08817182  39.9283998   42.93820987
  43.31932209  33.97021588  44.79948676  42.52688919  41.52928555
  44.37776057  49.34844496  38.6439893   44.91994995  37.085523
  40.32308226  42.46279291  40.24209269  35.93514845  47.5170634
  38.99686823  44.75604907  34.20626464  44.52736655  37.05461131
  48.46530913  34.66033623  40.12724847  33.26284894  40.14837932
  40.11638992  41.10444009  46.32009234  41.66561249  32.57217121
  41.58660218  41.02273929  34.18740508  47.52057342  36.88954699
  41.90125173  40.23748226  40.58233916  38.50416867  38.59691724
  33.17050746  37.73212472  43.2436663   43.27854681  41.13649998
  32.43335296  47.17520815  31.4620779   44.78725416  41.56099556]","[ 65.60663061  58.48760513  62.87877923  61.48168683  56.92689934
  61.68397505  63.8993572   65.42602761  57.52775216  58.36475333
  62.57774096  59.91506201  65.91952077  58.93995234  59.88257449
  55.14516829  61.2663745   59.1718278   60.14131364  60.47941446
  61.79901909  62.07107154  62.70085326  68.17899954  57.22763298
  61.21214215  68.42483669  59.06364666  62.06773715  57.74292024
  56.43259583  57.8996891   59.00274344  62.59378237  58.79843202
  62.45183748  60.6036932   58.69823573  53.731425    63.81948026
  62.59523141  62.55757176  59.73897781  64.05362139  57.62487435
  63.11991697  60.56751607  62.35770029  60.88325384  62.45006311
  63.74175212  61.81918327  64.58925437  64.73077032  59.13452143
  60.29629262  64.95581256  63.27227362  61.02430069  65.99116943
  61.23238429  67.04401308  58.70718029  62.24295136  58.09813821
  67.19552808  59.39964325  65.6949952   58.0394701   64.94724789
  54.56459069  58.69936809  63.97403137  59.63756611  60.74002403
  63.73262021  64.05955058  57.52775216  58.36475333  62.57774096
  62.81262304  61.70443091  63.85685616  57.54830757  61.9790963
  57.74138349  62.70492854  57.91816549  62.68670524  59.20730662
  57.2995277   59.24188942  64.22324441  55.38634238  64.24770008
  63.99487248  65.97330073  64.36553907  61.58711672  62.55757176]","[ 42.0530392   43.04762143  38.57372676  42.00438735  44.7257489
  42.50053393  47.89237393  39.27384515  38.006036    41.29316458
  42.49566002  41.4754668   38.42897675  36.69148213  46.17509929
  40.59374414  40.57830451  44.51647719  35.16114142  37.03106704
  38.74483461  38.5235302   40.37598876  47.8609458   41.02781792
  39.19905401  37.16738552  35.90854712  41.75517321  48.99737019
  48.93205876  42.97302558  33.9915026   41.97665184  43.42117881
  42.25721844  41.77792073  39.25352269  36.64632243  31.16909225
  43.2750854   43.6915768   42.73150683  44.33241222  44.21988008
  42.81568647  43.2941549   43.80047151  40.54254653  34.25810181
  40.13553012  44.67325612  36.85353668  43.92051291  40.4233554
  52.60403771  36.99466028  48.99757824  43.23247085  43.127069
  35.30713701  44.48394143  42.09758692  40.63368359  39.67784903
  33.9915026   41.97665184  43.42117881  42.25721844  41.77792073
  39.25352269  36.64632243  31.16909225  43.2750854   43.6915768
  42.73150683  37.23730063  38.5783525   49.49019287  40.71526473
  32.90319495  48.16841181  45.06977811  39.40505664  40.32836182
  46.82711109  47.14632292  38.61685018  42.0530392   43.04762143
  38.57372676  42.00438735  44.7257489   42.50053393  47.89237393
  39.27384515  38.006036    41.29316458  40.28754253  45.82355386]","[ 49.78477322  47.15152729  48.68659314  39.48604252  42.42428304
  42.68335507  47.8977067   43.22426114  44.21816393  52.33422487
  41.19708501  45.54897652  50.42324474  46.91539372  43.51240821
  53.96090568  41.81534192  49.04421162  49.86939631  47.81558282
  47.983339    56.00886142  49.22914912  54.46052084  48.38893389
  49.94812027  49.65156486  47.49966626  43.26379444  48.57795106
  46.63560087  44.85046271  46.94863167  46.43243413  43.06939046
  37.32272072  50.43253122  49.01646645  45.81524467  45.14004345
  47.47806042  47.92353187  46.25756221  49.51086097  42.23361272
  45.75782617  46.83267766  41.20213492  48.39750158  38.98584256
  42.68537085  51.13218296  51.33058712  42.97243697  54.46052084
  48.38893389  49.94812027  49.65156486  47.49966626  43.26379444
  48.57795106  46.63560087  44.85046271  42.10343101  52.72731663
  47.92372638  44.71545847  52.22655944  51.71489375  48.16597544
  45.00090143  47.36111552  44.5906939   47.0814497   48.05596987
  44.53076544  45.60566359  48.91046352  38.87825859  53.51097244
  48.07720825  54.28792508  44.12895041  44.16548484  45.64532718
  47.48751758  48.59341333  42.85311824  44.26868057  48.18313736
  41.60009948  43.60507263  43.41757803  47.22831626  40.57194933
  53.46496904  43.97541201  46.36089512  48.00801796  43.43676203]"
"[ 39.51405488  33.5349828   32.02903606  42.30293261  34.39318026
  35.03979842  36.70351536  36.66188883  38.86270981  32.23213864
  39.37482341  31.41380141  32.02903606  42.30293261  34.39318026
  35.03979842  36.70351536  36.66188883  38.86270981  32.23213864
  39.37482341  31.41380141  35.24774095  30.58322848  37.06428587
  32.63626423  28.1185117   33.02827721  22.58465984  30.0423825
  35.82236777  33.56693486  33.98458964  34.85647295  31.5345299
  21.59554332  33.26709339  35.2283571   30.46486907  38.13405007
  34.93742482  32.6973798   37.0645355   33.58723197  34.54243068
  33.441376    26.73875229  35.23046426  29.87866732  31.31004251
  28.42083656  28.61231499  39.51405488  33.5349828   32.02903606
  42.30293261  38.86270981  32.23213864  39.37482341  31.41380141
  35.24774095  30.58322848  33.03457492  33.50149161  30.03474654
  34.92637153  35.4783157   34.33676734  30.03474654  34.92637153
  35.4783157   34.33676734  31.81107186  30.84103705  34.46224746
  29.19028099  39.14574243  37.40638361  33.01464366  30.84103705
  34.46224746  29.19028099  39.14574243  37.40638361  33.01464366
  31.6979372   33.49098805  36.20256107  30.69388822  33.50149161
  30.03474654  34.92637153  35.4783157   34.33676734  31.81107186
  30.84103705  34.46224746  29.19028099  39.14574243  37.40638361]","[ 20.97526125  24.56796729  22.77006645  27.05688657  25.76891723
  25.98366882  19.83110491  23.38519975  24.42354768  26.44016971
  28.83825419  24.64762956  25.65051465  23.17693741  21.42587768
  23.02257609  21.59163608  18.55762433  18.80060549  24.54885341
  23.29324989  19.77142638  22.4271376   18.30355665  20.97526125
  24.56796729  22.77006645  27.05688657  25.76891723  25.98366882
  19.83110491  23.38519975  24.42354768  21.92016699  23.27987678
  21.82744966  20.33189776  25.53108015  24.28201164  22.63878075
  22.21590241  22.79352306  15.7721503   25.76891723  25.98366882
  19.83110491  23.38519975  24.42354768  26.44016971  28.83825419
  23.66089016  24.64762956  25.65051465  23.17693741  19.52079631
  24.03777766  17.97109975  21.38301203  20.00829519  22.42453468
  25.85487052  23.687913    18.82103449  27.26655749  27.67830722
  20.65438277  23.02257609  21.59163608  18.55762433  18.80060549
  24.54885341  23.29324989  19.77142638  26.17085617  23.63176299
  21.1463593   16.83732625  19.77142638  26.17085617  23.63176299
  21.1463593   16.83732625  24.539431    30.80446626  23.42956973
  15.42232631  21.92016699  23.27987678  28.02321088  24.52503529
  29.90895127  22.6518805   19.11165063  21.32889684  20.39009069
  22.62362962  24.11588461  19.48237006  21.58921028  23.67546603]","[ 54.38000729  45.25039505  46.07738632  46.89583396  42.26394295
  47.23485458  36.72538021  52.56207987  51.9587529   49.34037613
  52.42616299  49.87618382  53.88690371  54.38000729  45.25039505
  46.07738632  46.89583396  42.26394295  47.23485458  36.72538021
  52.56207987  47.97252124  48.5947996   50.0052516   53.67711973
  47.79272668  49.99564199  48.36734455  45.68722227  50.33197265
  50.13198502  54.15654266  52.50454902  54.8595009   51.5586706
  46.34419906  54.12626004  52.58771417  52.82427324  43.10424488
  48.51822826  51.76183259  56.20099387  50.67061518  51.80868812
  54.51693127  49.72287028  51.92499471  45.65664729  41.56512416
  49.78749706  49.57675637  52.51718037  48.63544963  53.10556855
  48.100026    51.62757971  51.85052223  45.1157475   50.11918857
  48.00323036  52.57036461  53.81375723  49.2407999   48.11009643
  49.65922089  46.88166746  54.85039407  46.47090965  46.58005003
  49.60194333  55.48075215  46.60575039  52.41306317  44.92600993
  49.69251833  54.85039407  46.47090965  46.58005003  49.60194333
  55.48075215  46.60575039  52.41306317  44.92600993  49.69251833
  49.0979835   49.11703169  55.1156445   48.23448868  49.65273927
  50.50508552  53.69368512  49.4474343   45.43056814  47.27273758
  46.88223842  53.14265198  49.65913975  47.27273758  46.88223842]","[ 55.35349808  55.72915491  59.66850863  52.67106507  60.79135356
  65.01075837  60.92877799  62.39229394  56.78260529  52.04569479
  61.11375212  57.43105375  58.67149755  57.73185139  58.25329842
  59.23030239  62.43029044  62.54776635  55.86061401  57.86413828
  57.88069469  55.41085381  54.76490419  64.20070649  59.24925433
  61.01472938  60.90554254  61.65928246  56.58835979  60.58507078
  63.11233802  57.36691008  58.87428292  55.39112601  57.86393687
  57.02096832  57.69041647  64.2380289   55.30316404  51.50980979
  64.00195793  54.65457174  58.77413793  71.36204761  51.08504791
  54.27078966  56.52358126  56.20810098  61.11426015  50.36862569
  55.35349808  55.72915491  59.66850863  52.67106507  54.10171196
  56.71085588  56.45859498  55.41085381  54.76490419  64.20070649
  59.24925433  61.01472938  60.90554254  61.65928246  56.58835979
  60.58507078  61.11426015  50.36862569  55.35349808  55.72915491
  59.66850863  52.67106507  60.79135356  65.01075837  60.92877799
  62.39229394  48.93199203  59.58927895  63.09882423  59.31662994
  64.80345875  53.21356603  58.16995731  60.15051606  63.14230363
  57.05491764  60.36234627  64.80345875  53.21356603  58.16995731
  60.15051606  63.14230363  57.05491764  60.36234627  60.90582984
  56.71163511  55.18153545  54.31830666  59.56589282  69.45723717]","[ 38.66902442  49.58996798  37.44976068  47.75061455  38.28903114
  49.42614606  36.08182002  38.19703052  39.78962966  51.31068609
  42.50587685  47.49744506  41.24925891  46.59368913  45.87022886
  39.02254062  45.44949276  50.98530585  42.09916873  38.66902442
  49.58996798  50.98530585  42.09916873  38.66902442  49.58996798
  37.44976068  47.75061455  38.28903114  49.42614606  36.08182002
  38.19703052  39.78962966  52.27828526  43.70291234  48.38647064
  42.63735028  50.05203645  47.36664192  44.09979153  40.89675476
  37.54933791  40.41447252  47.04392058  42.8664249   44.92510255
  45.11024242  44.80106206  40.72625002  41.4233631   48.0453874
  47.2910987   46.78430456  42.24696573  44.50695385  45.91137279
  52.694672    42.36208817  37.82629626  38.165242    45.34004151
  47.83727671  44.67237478  44.85161351  46.16698954  45.66630542
  44.41715186  41.86317542  41.14167285  47.00661607  49.02383118
  37.74956636  54.92454759  41.82928306  42.16892709  45.45032164
  44.02987045  49.25911496  47.20147341  48.86172441  41.29316662
  46.26647839  50.61225948  37.23559066  34.92103673  46.15814428
  41.30851232  51.70422378  43.49353375  40.48902953  42.32383285
  52.42024542  45.3140408   43.46356507  41.97265017  40.14149324
  50.90953171  50.15032934  44.38070904  51.37452279  46.9682078 ]","[ 63.67448089  66.33740992  60.23894113  57.06354022  62.22506332
  54.70330327  58.25081255  64.84259786  65.40647344  66.45975943
  63.63704142  61.11753128  63.93323165  55.6681913   66.34681309
  63.91802618  62.34119996  61.39955331  56.90767384  59.84536545
  62.57304437  62.57304437  61.08690944  64.21782203  65.03552693
  64.01140248  61.08212993  65.00768767  61.18577497  65.24711935
  64.0850209   53.06963215  61.51065408  59.5413575   60.88812764
  69.01061587  67.64038435  65.99879776  61.76656813  60.40755152
  61.69348413  66.3485339   60.95928686  64.95787756  60.05851307
  64.13304241  57.02276826  59.51881348  66.94358905  62.7146076
  61.59933311  58.63483971  59.04561667  64.77093352  53.06963215
  65.79485086  57.58294694  56.63126849  64.7578599   55.70703386
  61.42779008  62.36760626  62.21385702  63.99169259  59.02135057
  55.44445671  67.86797918  59.68845016  62.17461147  60.45894625
  54.99937071  58.41352075  57.45914574  62.5484655   64.90304396
  64.39736428  65.00768767  61.18577497  65.24711935  64.0850209
  53.06963215  65.79485086  57.58294694  56.63126849  64.7578599
  55.70703386  61.42779008  63.74184258  54.46864563  60.68319112
  60.19603116  61.74568394  62.72201148  65.05320856  57.44867963
  62.5882138   62.37770834  60.47109822  64.0850209   53.06963215]","[ 44.32229165  42.11937551  42.10373007  44.08520771  39.46316117
  47.87330117  43.53561606  40.02149045  36.33728036  31.86882117
  50.81428749  39.67341488  34.05706967  42.61541373  36.34644312
  47.66079917  35.04380757  36.81066348  37.09797809  40.90124676
  43.07469272  43.28254453  47.34938939  45.28859101  40.4515163
  45.78086158  39.8429645   47.15334806  38.9400438   43.05699445
  45.52062217  41.95210215  41.76069641  39.39301336  44.32229165
  42.11937551  42.10373007  44.08520771  39.46316117  47.87330117
  43.53561606  40.02149045  36.33728036  31.86882117  38.75689962
  42.1871061   39.35121369  48.91166657  46.87831253  45.46965168
  43.46640186  44.28928977  42.08650648  40.09628096  43.90831877
  35.30513498  38.23217494  40.6933699   37.87059942  40.30417132
  44.39377533  46.67856554  34.23288523  36.8043726   48.19781874
  50.31896189  44.54156817  46.86165697  33.24508742  44.51806165
  46.81518436  44.49514711  47.67389087  28.14051733  43.36087563
  49.79700519  38.7013675   45.36265226  45.5321286   44.91993305
  40.84621274  40.55624063  44.47047022  40.34875905  39.74889859
  37.98799814  39.51395309  42.02132717  37.31823995  43.5512106
  52.43753913  42.31445418  42.37030126  40.72198321  41.64095761
  39.99109775  47.12506043  31.98201359  39.99109775  47.12506043]","[ 61.6897616   59.47620969  62.30843134  66.12365504  64.96815523
  66.00554829  61.96559323  63.14717444  62.67449373  62.91182829
  61.62425665  61.78877256  60.4211596   66.70481252  62.42157673
  65.51697701  57.11833556  59.32592175  67.48981684  61.82367313
  59.78165511  62.35251159  62.44274239  55.90584154  64.11198051
  58.56100909  59.90909055  55.878491    55.09158841  64.13780212
  57.13334494  59.31502293  60.26202633  62.12967773  69.50034879
  63.5237095   58.0153931   65.7005773   56.75813027  65.512837
  59.64189307  65.66349111  61.35906222  62.84538182  61.98826875
  63.46732191  65.92334702  60.23706388  61.43351696  65.24063574
  58.69868236  56.21372494  52.92271241  54.72668001  59.43153678
  58.54306546  62.38386471  61.69562893  56.30971069  62.29793994
  59.66248186  63.65556712  66.15969382  58.63513777  62.52095339
  62.91182829  61.62425665  54.8291465   60.70713339  59.402808
  56.16689475  60.32790516  58.54306546  62.38386471  61.69562893
  56.30971069  62.94637783  57.40181459  54.94363144  58.16207169
  61.89027477  59.98672046  59.2798118   55.95081608  58.70944657
  62.55364703  55.52907142  60.22839555  58.1083835   61.600572
  62.07444099  63.34182284  58.59435666  56.7652918   58.85527758
  64.04639015  61.63058091  61.61033601  62.87417556  63.67857795]","[ 37.84174762  44.37161502  41.98409751  45.661242    40.77521974
  39.03438609  42.00843133  43.11675274  38.60020536  42.67021853
  46.39892003  43.27268121  47.33580615  39.36572626  41.80866064
  39.13512027  38.24265007  44.37453916  36.78829269  51.50332938
  46.19021595  42.06251062  41.02873404  47.84624307  46.70481178
  38.03389634  43.73244158  44.01926504  44.62099375  47.03796102
  30.01678321  46.44124059  45.7009491   40.24319329  40.17646401
  41.49739143  38.71599208  39.12911843  42.49126091  47.79368192
  36.79191079  41.12881837  36.23727054  39.10996434  45.30572395
  42.91496162  42.08786065  46.15843375  43.57226974  40.56768659
  43.72443257  31.86151713  41.93476296  36.83611051  38.9330239
  35.44713892  37.2925624   44.14590368  36.24727699  38.7765203
  40.67014175  40.54244588  41.83323782  39.46282009  38.19393556
  41.02168554  41.34524439  43.93253268  45.56622475  43.64892472
  44.91099711  38.56044918  35.87248464  40.09429016  41.47240617
  48.88616858  39.53250638  34.908708    41.60519156  43.42853832
  39.66785793  43.10157209  43.84455585  40.44376767  41.64619461
  44.44528373  41.57537694  43.28636054  44.14590368  36.24727699
  38.7765203   40.67014175  40.54244588  41.83323782  39.46282009
  38.19393556  41.02168554  45.49520206  46.70481178  38.03389634]","[ 39.65962111  42.12662807  43.86986235  48.50945239  53.11076873
  53.93278261  43.7785108   51.73067901  46.82580576  48.58214678
  50.90008199  47.69935764  44.98077987  41.4599828   50.49329034
  50.2347211   49.66726941  45.99924316  53.16471391  47.12222767
  48.40282316  49.34785008  32.40593463  43.88056024  34.58561575
  43.08587193  48.30834258  38.31250165  45.99927651  46.15963391
  44.67333555  39.61340298  39.21850217  43.72809839  46.65128611
  40.27391902  47.20588551  47.5419632   48.03728677  51.13762561
  48.13063857  47.64465811  42.88966925  37.26032123  46.62170821
  49.78949142  45.05035953  48.50185586  44.54543771  45.61015408
  43.70651328  45.15878437  50.0972614   46.51015025  42.50371893
  48.14854589  45.33575086  49.75542067  44.64981839  51.20537121
  37.05124052  55.317625    43.50982561  47.16349372  44.65967207
  41.79405836  44.29079298  52.8068456   36.83277175  44.98771978
  45.25461997  44.86071906  44.40486861  53.52146154  40.78530527
  42.83963119  41.64749238  39.64907192  48.14854589  45.33575086
  49.75542067  44.64981839  51.20537121  37.05124052  55.317625
  43.50982561  47.16349372  54.17450253  44.76198436  45.7665718
  44.20782684  42.78046374  45.829841    52.52523705  36.13002465
  48.17152895  41.88611109  48.65393916  43.78234476  43.64931519]"
"[ 21.46837959  31.33300559  30.24846347  36.88418665  26.59003246
  20.67315217  29.23353437  30.90857382  22.0872962   37.78474018
  31.68283689  33.17736287  30.57981027  36.17144668  37.14366384
  29.5152106   33.57576464  31.16000156  27.33851392  36.11291495
  31.88875517  30.18890561  32.37429862  37.87981127  38.87799096
  35.78256909  12.22660182  36.20290278  29.13736332  39.01711546
  37.30980385  35.58735156  35.69143028  31.81925519  38.98363068
  37.72491551  33.6234595   38.4405914   38.85236565  37.41335189
  29.77493921  38.29731536  32.11950219  32.21036538  35.58735156
  35.17527099  26.51841821  33.23809848  33.35363958  37.94570312
  36.70253081  38.5574292   34.56413877  34.16771642  39.09296654
  31.81925519  38.98363068  37.72491551  33.6234595   38.4405914
  38.85236565  37.41335189  29.77493921  38.29731536  32.11950219
  32.21036538  38.4405914   38.85236565  37.41335189  29.77493921
  38.29731536  32.11950219  32.21036538  36.88541958  30.92900009
  39.2994611   30.61957843  39.01711546  37.30980385  35.58735156
  35.17527099  26.51841821  33.23809848  33.35363958  37.94570312
  36.70253081  38.5574292   34.56413877  32.09635848  28.21121476
  28.5387638   23.65709537  36.81089698  36.2307384   32.20914551
  38.22239786  46.22689905  37.12755381  33.43570824  36.70253081]","[ 22.89002662  27.71215067  22.17600338  23.06939899  21.01796723
  10.06010758  18.25771665  21.72921629  22.37305039  16.79148699
  26.83225426  21.64101531  17.64579705  19.51264031  21.03523913
  22.89002662  27.71215067  22.17600338  23.06939899  21.01796723
  10.06010758  18.25771665  18.25771665  21.72921629  22.37305039
  16.79148699  26.83225426  17.72406477  22.00851085  15.29508849
  25.62305598  18.6539447   27.1965732   19.09822692  24.73885642
  21.65787567  22.4997133   27.96862437  28.10988814  32.13832676
  23.5303252   24.01239227  26.79244955  23.58414373  25.96207664
  20.55344733  17.10082136  23.96331887  21.95450104  18.70306393
  26.64736032  22.62966928  24.62898038  19.09822692  24.73885642
  18.01073124  25.57003994  20.30360464  24.74472842  24.07711973
  22.78147841  23.89569165  23.78084007  19.67846     26.1266868
  23.54283868  21.46302432  20.7242744   21.64101531  17.64579705
  19.51264031  21.03523913  22.89002662  27.71215067  22.17600338
  23.06939899  21.01796723  19.81949345  27.81080528  29.61126775
  26.30460087  24.01220729  24.7364765   27.65333514  22.46763489
  19.93883854  25.71246701  17.88046707  22.68252933  18.41366871
  22.00607297  15.73545295  21.33955321  18.43029785  19.3628594
  24.5384307   21.01951356  19.80499187  22.00851085  15.29508849]","[ 54.3813104   53.33961273  49.04224874  48.09552803  50.50744804
  53.06865146  49.10810827  47.44012675  50.49665541  56.5969609
  51.94456419  54.03509804  59.12993154  52.31603485  54.21679034
  52.33375835  50.35045378  48.94916867  49.95340441  47.90916511
  53.19407523  44.23035241  47.87411714  53.78026449  48.92744283
  53.71338617  54.59428356  53.58481237  45.53502973  54.22378174
  52.67441474  49.88807106  50.04076952  56.44235702  43.17623923
  52.75989547  51.90001748  56.31054454  56.22055831  54.19559155
  54.77104652  46.99222531  53.5641032   46.23998791  51.11467998
  50.5100282   51.48054897  50.00935533  51.01278726  54.69289627
  48.21192865  55.03122837  52.18008894  54.33709061  48.70444515
  52.17978073  56.19687168  51.11467998  50.5100282   51.48054897
  50.00935533  51.01278726  54.69289627  48.21192865  55.03122837
  52.18008894  50.35722936  55.55798226  51.46370197  55.02710471
  55.80689903  59.42059842  54.64059171  47.87411714  53.78026449
  48.92744283  54.36798481  53.11776335  48.02621755  45.86038933
  56.93560545  56.00747254  46.24268831  43.98085943  47.43683548
  47.16039742  53.67847391  53.70405561  46.44852445  52.65454378
  54.05175027  50.51374843  45.80821662  52.58856842  48.4264679
  52.50900308  47.45131929  40.11416904  48.26452645  59.59837973]","[ 67.49788355  64.56862825  58.70232526  65.48118839  66.91025747
  68.91536109  66.42588013  63.08676131  66.98008197  60.76787502
  66.73752282  59.94900373  58.68438915  59.94912902  65.51868985
  63.15109383  65.44180105  60.66221515  59.58340868  58.80238003
  64.99449573  60.06243424  54.19264275  64.46328845  67.40651842
  58.4680124   64.19351271  71.38281657  58.66626584  64.93716094
  52.36856976  66.81398522  65.34464018  63.90298431  59.6545647
  64.68872832  63.58088879  61.43553646  62.02393315  61.27488241
  64.11046364  62.76338716  64.25733926  64.68872832  63.58088879
  61.43553646  62.02393315  61.27488241  64.11046364  62.76338716
  64.25733926  59.37801253  57.26873505  64.8600188   62.02393315
  61.27488241  64.11046364  62.76338716  64.25733926  59.37801253
  57.26873505  64.8600188   69.96332177  60.4156391   59.94900373
  64.48334994  58.71268986  63.20144332  63.96374245  59.09997091
  60.9176944   58.80528163  66.3304115   64.44862059  61.08152597
  61.74936707  64.13121047  67.49788355  64.56862825  58.70232526
  65.48118839  66.91025747  68.91536109  66.42588013  63.08676131
  66.98008197  60.76787502  59.09997091  60.9176944   58.80528163
  66.3304115   64.44862059  61.08152597  61.74936707  68.43284188
  64.29364657  63.22630701  59.52542463  58.23708964  61.85419314]","[ 46.48450998  54.62102121  48.5134476   46.92232155  45.15582704
  43.84886595  44.02469814  45.40561955  39.30715934  48.00460697
  45.84158039  44.85765952  48.5129036   48.97499857  45.28362213
  43.72047193  48.43994626  51.13574789  43.89047141  41.2644445
  47.05998737  49.74480877  49.43383881  50.24029263  44.3589561
  39.46133499  50.53500089  46.81603365  42.86143206  55.53724945
  44.51025109  56.82417163  43.71326218  54.12743054  48.1551193
  48.48502856  48.22729529  40.85491014  54.83376566  47.14380794
  36.35684683  46.62593011  44.91068521  45.20630428  42.9046572
  44.39408091  45.76336769  48.07757099  51.71681122  47.92396611
  48.49617149  39.28127882  39.63821565  48.03365864  50.3908784
  44.02469814  45.40561955  39.30715934  48.00460697  45.84158039
  42.39058329  45.35850481  45.12433832  45.68708058  47.68793971
  50.24029263  44.3589561   39.46133499  50.53500089  46.81603365
  42.86143206  55.53724945  44.51025109  56.82417163  43.71326218
  41.85148146  44.01736483  48.41525737  49.17821319  43.08600514
  42.80575856  37.47997603  47.88742525  45.55171084  46.82891846
  52.22336312  39.24244857  43.48757854  51.79059745  49.8536985
  51.13541644  43.06463982  38.02463934  40.39915124  46.15344535
  49.43383881  50.24029263  44.3589561   39.46133499  40.27080002]","[ 60.56557054  65.06224638  65.05631104  61.60001427  62.92378956
  66.03762924  65.3195455   68.93608204  58.8879004   59.6470583
  65.27332339  65.27332339  66.44277203  66.00368697  60.89849349
  58.12917851  59.9178115   67.7260984   58.93545474  52.13330528
  63.27423265  65.13493605  64.8481659   61.74255825  66.38769555
  54.64726416  62.96564068  62.60507472  61.48447014  62.78931454
  59.37855011  61.15362802  67.65303826  60.97696727  61.69739897
  57.33235362  58.52464497  59.17430567  60.55766852  64.90904805
  55.28979759  60.56557054  65.06224638  66.44277203  66.00368697
  60.89849349  58.12917851  59.9178115   67.7260984   58.93545474
  52.13330528  63.27423265  65.13493605  59.32477899  60.91913154
  61.33534331  54.72189885  63.09964945  61.20632615  57.138536
  71.27702329  59.98472259  60.73876842  62.55294117  68.66397384
  66.10627544  64.97543457  59.53577349  63.24745451  59.09340271
  62.01148905  60.46614066  64.28783122  59.82878898  63.08388991
  62.5611185   68.93608204  58.8879004   59.6470583   65.27332339
  66.44277203  66.00368697  60.89849349  58.12917851  59.9178115
  67.7260984   58.93545474  62.2611236   65.98958648  55.48839193
  62.12802587  64.15002616  62.21320266  59.91951626  64.57187254
  58.23210495  61.21912189  65.27166568  67.5440312   59.30307188]","[ 48.23494863  44.98804081  37.41207577  38.109954    39.33740639
  39.5408625   40.9626692   42.21363891  41.29513049  42.99768895
  39.43763576  44.97714347  44.8417401   42.89981657  36.40120758
  41.46512582  40.00477707  49.33868015  42.94547784  44.00631844
  49.87290163  47.94437126  36.62918938  46.76526513  35.58063813
  44.24739736  42.54256847  42.24145881  45.34229756  38.20714871
  42.90590008  34.83423916  38.38667068  33.34030275  45.41509804
  43.1249837   43.57993473  34.30150724  40.30992543  37.6762103
  42.91115917  42.87532197  45.99213265  43.14241143  49.87133184
  40.4744735   52.14030759  46.35986496  46.91263516  39.13296832
  42.65449313  35.33816209  48.9575753   41.64655729  38.77372988
  43.31185124  44.09182488  45.55523742  39.04513484  44.59467706
  44.80769763  32.72630459  29.77060814  40.4744735   52.14030759
  46.35986496  44.86440202  43.53425291  38.70475572  39.71664377
  47.09819464  37.42711896  42.83306248  38.83919286  34.39749499
  35.83127554  36.74060929  37.02547281  46.76526513  35.58063813
  44.24739736  42.54256847  42.24145881  45.34229756  38.20714871
  42.90590008  34.83423916  38.38667068  29.28752997  45.11218009
  34.00834557  36.64188568  38.47190742  48.216115    39.47294547
  47.19587613  42.2292962   38.08582416  40.65853095  45.9598018 ]","[ 61.19620406  66.74132378  61.38304786  62.64996289  65.31448571
  66.60611195  61.35185429  66.2306523   66.53640408  69.20873035
  57.26206701  58.05031681  67.58090108  68.07834414  67.86423089
  69.11090856  65.29455647  63.80675355  66.02146842  64.7094372
  60.41330336  57.09972204  62.57186942  62.1124151   65.67276427
  63.805023    59.14267929  64.37233578  61.13123144  67.04474186
  69.00431378  62.14779164  65.74565112  62.93016609  53.20627662
  64.88351234  63.10579328  61.92667376  57.78006457  57.48308617
  70.32139584  72.77648396  63.35721945  67.94684623  60.57147023
  63.80298101  62.84593106  58.20808462  63.24491671  67.99403383  66.10096
  66.18589907  59.1137565   59.25386272  65.48146018  62.4590224
  62.70375706  60.68312473  59.92405197  66.51543365  68.62848543
  65.35003831  61.19620406  66.74132378  61.38304786  62.64996289
  64.00767048  64.50454846  60.29407686  60.72771572  63.63262138
  64.89531537  65.90072373  65.54855924  68.51843716  66.20559617
  64.26315297  62.80949994  68.1801831   69.6756546   65.78961008
  67.37731766  59.94392025  61.43523396  67.34058682  61.9208761
  65.35829342  61.58514732  66.16974599  64.22109789  64.16359537
  66.64256633  65.49738029  64.90105053  57.92786922  61.73384079
  62.83329556  65.08880322  66.33024168  62.14779164]","[ 34.95075612  44.11949443  36.5595526   47.6968647   41.41772674
  47.01270662  40.88929392  37.07517558  43.24759965  45.30328354
  48.39523437  46.69633136  35.75712711  38.40639408  36.48566605
  42.05707032  45.80384704  34.73706064  43.91761894  40.98718711
  41.68285583  41.18737881  38.45967746  30.86925648  36.59871439
  34.71055981  43.03921684  35.26636098  38.84915585  41.11100366
  32.38648798  36.67862204  40.2710271   36.5595526   47.6968647
  41.41772674  47.01270662  40.88929392  37.07517558  43.24759965
  45.30328354  48.39523437  41.72254584  34.93169954  37.89911017
  41.72458529  36.03217679  39.50287842  38.50570948  37.37641512
  39.74242556  44.79638532  40.57870655  41.3404478   37.39733066
  41.34051819  39.09905102  40.33399463  40.07836105  35.11547889
  35.22294418  39.03920862  37.92529265  37.38941792  38.20821691
  38.50117373  39.67627513  37.64401864  33.99540986  35.73397672
  39.13727618  38.37748991  41.837219    36.80896887  41.99643993
  36.22825372  38.84594791  41.00943018  28.67031705  39.75474012
  34.75631669  37.24086103  36.57648262  38.02215552  42.97983126
  36.39310559  41.11446356  40.33399463  40.07836105  35.11547889
  35.22294418  39.03920862  37.92529265  37.38941792  38.20821691
  39.46055359  39.00904885  37.82111444  35.1613511   27.46489532]","[ 44.25145367  45.21880371  46.47509778  45.67312549  51.29218929
  49.82560627  49.52973367  45.66502671  43.07431122  41.40144244
  49.51370227  56.36910672  48.9486738   45.83817542  43.17693616
  45.18068947  51.51101512  46.13805399  46.62557022  46.67270194
  51.96710753  45.48816735  47.57517935  41.3642204   48.56710603
  46.15247168  47.9238063   45.95058539  33.84828385  43.9873776
  41.64563542  43.44289934  48.07553656  45.00636676  53.47392645
  40.58662501  50.88624094  44.8484723   48.70634572  41.92742043
  52.75080913  51.37793744  45.51471115  50.56443848  48.24994263
  40.78457091  45.53116942  50.53425406  50.49823711  57.22279022
  47.41248999  47.18230676  46.44703176  44.41243929  36.93232265
  44.70156703  47.14921762  42.65717352  51.93293718  49.50251099
  49.72062406  48.86125654  42.81054845  41.45202349  47.63878751
  49.64116548  46.68993415  48.52772394  40.50337133  40.52065908
  43.74710278  46.89190658  49.56728979  48.23410627  53.85139844
  41.29218825  52.20904136  48.07553656  45.00636676  53.47392645
  40.58662501  50.88624094  44.8484723   48.70634572  41.92742043
  52.75080913  51.37793744  47.70226833  46.02731863  48.89392263
  55.33882214  49.6773497   52.76914968  41.21791117  51.21390052
  51.51376063  43.68958676  47.33436837  47.54471782  48.64217391]"
"[ 36.01947352  34.65748342  35.43376628  31.67126018  23.52029528
  32.00237871  36.52072844  36.18960615  31.7415119   39.17133653
  33.23916864  30.37290955  28.87869731  25.60756407  33.51143125
  37.80726467  29.68903757  39.61395818  34.82241953  38.21980873
  37.45265258  33.82513977  40.09607335  33.25899734  27.03330394
  32.4739245   30.37290955  28.87869731  25.60756407  33.51143125
  37.80726467  29.68903757  31.49194869  37.24657316  37.06662649
  35.98660622  39.83866114  30.19665248  39.3478677   26.8977826
  40.09607335  33.25899734  27.03330394  40.09607335  33.25899734
  27.03330394  32.4739245   30.37290955  28.87869731  25.60756407
  33.51143125  37.80726467  29.68903757  39.61395818  34.82241953
  33.32163946  35.40348311  34.23124653  34.69471277  32.97114091
  35.80918145  27.66517413  37.22876955  37.71604538  33.4762844
  30.54481328  37.71604538  33.4762844   30.54481328  33.89860324
  39.26534165  36.43262898  33.25944272  31.49194869  37.24657316
  37.06662649  35.98660622  30.54481328  33.89860324  39.26534165
  36.43262898  33.25944272  31.49194869  37.24657316  37.06662649
  35.98660622  39.83866114  30.19665248  34.16356503  30.57050654
  34.23954098  31.02778364  24.34594383  32.20529668  21.18329838
  33.13136269  35.83120633  39.01736811  36.96139016  32.99088054]","[ 30.05854647  20.48518508  27.76763712  16.017693    24.24701632
  17.74929298  28.91835072  21.63213591  18.76527898  21.05879631
  20.25481437  27.76763712  16.017693    24.24701632  17.74929298
  28.91835072  21.63213591  18.76527898  21.05879631  20.25481437
  21.78187292  18.19663248  23.19551462  30.95922156  27.12142595
  30.84042598  25.48227511  26.8645282   23.60791524  17.26311186
  30.45288209  19.23312062  23.92025199  28.91835072  21.63213591
  18.76527898  21.05879631  20.25481437  21.78187292  18.19663248
  23.47108357  18.90025656  23.81560873  20.63764033  25.73841345
  20.91555552  28.63306952  25.50134788  26.67335846  17.68100267
  29.45925578  20.07650759  21.61301328  23.92326037  25.03734875
  26.8645282   23.60791524  17.26311186  30.45288209  19.23312062
  23.92025199  27.41170576  25.8693616   23.10568974  19.85217156
  23.79138557  19.85217156  23.79138557  24.71656407  24.38550938
  24.80337214  21.96801262  26.01708675  22.64276648  22.31863193
  22.31676334  23.33541848  20.29814808  25.50073033  20.19887562
  17.5789885   15.83279747  20.83290013  19.03861125  20.56477396
  20.77334725  20.81531653  21.93813086  25.53097635  22.39439994
  21.97811003  21.56037733  29.06742127  15.06470717  19.73083564
  24.74637245  19.76605264  19.06540502  23.47108357  18.90025656]","[ 53.9772624   56.07782181  51.68813885  50.16739665  56.0710154
  53.14552264  53.50562489  54.35741978  51.77061836  52.31879005
  53.5029698   54.00615623  57.01152698  50.74425119  55.63181729
  61.33003121  54.36760173  56.32101685  55.05199328  54.50818615
  49.03002722  52.92173058  56.74931802  54.53484807  54.20149628
  47.16839692  54.93562723  52.30296081  54.84692262  50.48523741
  53.20076252  53.12318122  54.03070624  50.71786215  55.32331251
  52.45428025  49.66103476  52.08544953  53.30434077  53.27366977
  55.71682017  54.30737647  54.3452431   59.46015723  54.20149628
  47.16839692  54.93562723  52.30296081  54.84692262  50.48523741
  53.20076252  53.12318122  54.03070624  50.27046092  60.68126346
  54.0812565   56.93277727  56.26184563  53.57957229  54.98209059
  51.64416713  58.65373026  56.83205528  58.98752025  56.41215828
  48.27176006  54.5286154   57.47694188  58.56398812  57.94454589
  53.91755137  56.18383633  54.16355597  47.92917675  50.94023262
  52.65161076  47.09534161  53.57957229  54.98209059  51.64416713
  58.65373026  56.83205528  58.98752025  56.41215828  48.27176006
  54.58813971  55.579826    49.67382243  54.44799209  51.82465231
  53.49460676  54.20825345  53.30419088  45.56298466  51.12952017
  48.3083121   53.28732962  49.56045014  54.01834051  51.00775499]","[ 72.84494504  64.04158072  65.96196551  62.3660174   62.15472829
  65.8923995   67.05338106  57.86803796  65.22393689  66.62973647
  59.7211192   64.77208411  62.69030693  64.12797667  69.02914563
  65.40540384  58.00128945  66.82254983  60.89333558  66.11312069
  72.84494504  64.04158072  65.05601424  67.85399856  64.52469894
  64.37592297  62.9240891   63.74903234  61.39546841  60.10339692
  66.04193404  67.32342909  64.57369125  55.25394333  66.24668419
  68.03189427  63.35770022  52.18393902  67.09981637  63.73898746
  63.93862911  68.78344517  63.03707375  65.7136828   66.52584004
  57.19169725  64.77208411  62.69030693  64.12797667  69.02914563
  65.40540384  58.00128945  66.82254983  60.89333558  66.11312069
  70.84726612  63.85151607  66.8642873   59.96186852  64.22857575
  66.35345516  67.12335321  67.01753492  67.52535558  63.38871184
  62.32336759  62.50105498  61.19812215  65.27900606  62.1565447
  70.97142933  60.9878006   61.05716679  61.45038575  72.893858
  66.77525932  64.05620588  62.08602714  62.053936    66.52584004
  57.19169725  64.77208411  62.69030693  64.12797667  69.02914563
  65.40540384  58.00128945  66.24668419  68.03189427  63.35770022
  52.18393902  67.09981637  63.73898746  63.93862911  68.78344517
  63.03707375  65.7136828   64.76969569  65.48687535  66.50770313]","[ 55.09274528  49.82343797  48.7106369   53.16377591  52.87870473
  39.05150029  47.0025123   50.37515183  49.21658035  46.75481208
  58.73769762  49.32867187  52.70779728  43.39816495  47.53750988
  35.52087834  48.70044499  46.96895313  47.37675286  41.75011049
  48.39687031  52.36703374  52.23225966  53.10687296  55.09582837
  45.4047672   48.98046818  45.64368707  46.5858444   51.162665
  49.15642145  45.45390981  52.94782527  48.7106369   53.16377591
  52.87870473  39.05150029  47.0025123   50.37515183  49.21658035
  46.75481208  58.73769762  54.68055537  46.12102064  52.71111784
  54.51729394  50.82293113  49.03727346  49.56631496  49.20006905
  51.53900961  52.54870079  54.75516254  48.14435232  51.86540755
  51.57786342  49.69548642  50.18540538  46.02942951  50.80936798
  52.25018377  45.96129233  45.50576808  46.78670139  54.0035386
  43.37427545  50.74657084  51.32453324  50.21612461  52.40938312
  46.36453194  51.4286608   52.55256661  47.39003367  42.75427275
  49.53422696  46.67046991  49.33446198  48.81471132  46.77544323
  52.58131634  52.71111784  54.51729394  50.82293113  49.03727346
  49.56631496  49.20006905  51.31519274  48.01645987  58.97844989
  54.29887214  59.73606113  51.4916183   50.32446863  53.34196358
  50.31636316  55.33697634  48.4624894   49.70469694  51.63838233]","[ 62.94980409  64.4035267   61.01589327  62.99324078  63.56029305
  63.38675876  60.71378539  58.83302508  65.66443162  60.2778922
  59.72980228  61.26471404  63.19994806  54.45486355  66.6854246
  65.3324249   59.9685066   66.72486174  61.1046573   63.30336321
  64.51844585  59.48875042  66.19082549  65.62266201  62.50970919
  64.21964745  58.36584848  59.70060784  63.03931356  67.05514853
  67.39267792  58.11216569  67.19046621  67.31372414  62.13814742
  63.36679308  59.83118386  66.48176243  63.71782055  67.5015513
  58.71456499  62.84543182  64.33411132  67.12626771  63.36444968
  64.30904246  66.12383192  62.94980409  64.4035267   61.01589327
  62.99324078  63.56029305  63.38675876  60.71378539  58.83302508
  65.14007705  66.64275856  67.15705014  61.74021207  60.23194709
  64.53983184  67.42082464  66.93929114  70.09347528  67.35743594
  58.57708062  62.61130157  67.5960723   51.1868872   60.4451026
  63.3369683   62.74011522  64.16273113  60.95398982  55.16791973
  58.37503885  66.28737945  58.37503885  66.28737945  63.56892766
  54.18442877  66.04611602  68.48219178  68.55570604  64.30904246
  66.12383192  62.94980409  64.77544249  58.46862804  60.37207389
  62.31137896  56.44488487  62.3212315   65.20434062  67.61438118
  57.58373271  68.2374257   67.5320484   61.01589327  62.99324078]","[ 29.39149249  37.40901727  46.25211945  34.68660279  49.67001498
  48.81260797  40.31103608  37.71983132  48.38124963  43.96555234
  49.08066403  44.4555548   46.12892586  36.23634018  45.8944216
  35.6388925   35.77239587  36.26668586  41.97474014  29.39149249
  37.40901727  46.25211945  31.81628068  52.59127381  37.53889467
  46.81646471  47.2129186   35.51970242  47.0575042   43.91584832
  44.4555548   46.12892586  36.23634018  32.95567138  46.52463304
  48.23035666  38.49261563  45.46574181  46.78309441  37.03873435
  41.47055021  46.44935021  44.28171925  41.31346199  43.32911758
  49.1108283   43.95071878  42.17831019  46.45310488  46.45563966
  44.27067747  44.70740742  46.22227139  51.66443201  28.66739084
  44.81678908  34.92739125  50.63909736  39.78230911  32.81737892
  39.25946417  39.1806599   40.5878335   48.93531704  45.07551664
  39.47410908  40.657939    44.38599729  45.74715559  32.8700941
  43.05656403  46.980731    33.62072922  31.12850756  41.63933972
  49.3459242   40.92635366  44.60413955  42.4597481   44.26693119
  46.55860806  40.07065879  43.05269393  37.72021456  41.28967512
  32.49549748  42.92695711  44.60413955  42.4597481   44.26693119
  46.55860806  40.07065879  43.05269393  37.72021456  41.28967512
  32.49549748  42.92695711  37.77924344  46.82994699  33.6527493 ]","[ 56.30148735  65.81170804  71.60195212  67.53663954  61.31028761
  63.42045704  54.84652899  67.29674861  60.91186569  62.22862953
  60.84529149  60.91186569  62.22862953  60.84529149  60.7178208
  65.9420018   62.13377527  59.92270545  60.46547405  66.49721093
  62.1536897   62.16012187  58.04631214  57.19565497  67.63280169
  66.17897622  69.26650992  60.94637085  56.30148735  65.81170804
  71.60195212  67.53663954  61.31028761  69.01744514  59.84884579
  63.8199629   61.42592425  67.1782422   65.90110972  68.82098701
  63.0463327   53.3065513   59.99337913  62.77728805  63.79981383
  66.29203916  59.70436115  63.74750093  61.9224944   65.16436649
  67.45055737  60.39102443  64.09227483  62.28912758  65.6063248
  61.14028819  58.8909029   67.09306534  60.43562515  58.99269475
  62.64389436  62.51258865  69.97373843  65.14349578  61.04331453
  66.00288324  60.95890756  64.21074248  66.93652626  61.51142314
  66.0832062   58.25633853  63.38744578  63.77971314  64.81596686
  55.27551007  64.71004808  57.74314707  51.88447277  61.86997861
  64.99255581  61.54381353  62.60926847  64.02864049  65.48544528
  68.01380947  62.34344345  68.43679157  56.97291378  60.48466799
  59.24393346  62.45518998  60.50670638  63.33190123  68.53436699
  69.01744514  59.84884579  63.8199629   58.26699347  61.04086857]","[ 46.7110469   47.96009965  42.84591223  41.37724614  42.29901228
  35.53430849  43.19367705  43.05626674  38.10008627  37.23027591
  40.68479204  45.12393282  35.16301606  37.88784955  43.4835662
  44.81779642  45.46795915  49.59154335  41.13480936  41.57180216
  39.99175484  40.9713199   42.55976641  38.50592155  39.20564749
  33.88229135  44.34907374  39.49999601  39.38709881  38.6381541
  42.41425406  41.98930359  43.84047176  39.8668898   38.27812572
  45.9737819   40.31987528  45.52717862  45.22795791  40.78951462
  39.94787724  49.57198458  41.40443749  44.97955105  34.26309814
  33.26769003  38.48491371  36.80098667  44.59248658  41.65772876
  45.44312852  41.85823571  40.56531534  38.53701723  42.27732743
  41.07022735  47.48477389  46.00959042  44.45302878  42.16927841
  49.98251567  38.12567812  42.95151106  40.892213    34.27588585
  45.31687348  45.9737819   40.31987528  45.52717862  45.22795791
  40.78951462  39.94787724  49.57198458  41.40443749  44.97955105
  37.52304557  43.75812416  42.59152018  43.6658281   45.69962408
  44.84686315  37.87935601  41.94412824  45.22684656  51.36556591
  43.36143642  43.24784318  37.54478279  39.59660291  46.7110469
  47.96009965  42.84591223  41.37724614  42.29901228  35.53430849
  43.19367705  43.05626674  38.10008627  49.31090717  42.91584857]","[ 50.58075233  45.76066686  33.90935181  49.68522981  45.74878336
  48.67689512  43.76534026  54.16831677  57.6393445   51.55908237
  53.08518646  48.39266175  54.49189197  57.52198941  50.19617486
  55.6640424   46.67293779  50.68963885  54.49718836  47.3506893
  47.63859232  49.91232563  60.76526564  52.01618012  53.88489193
  46.99529267  54.92818118  49.90509109  45.80687751  55.16884201
  52.06520091  51.1377956   54.26796019  47.33007161  49.81951783
  51.20639722  45.00159464  52.10454459  53.96962028  56.690802
  45.42019894  52.91348078  48.07093531  52.53652366  51.88320717
  44.11396425  46.19434989  50.51291373  46.74421572  49.16223262
  58.81724877  52.39060404  51.03482851  45.84222284  60.7219796
  52.53748254  54.54343777  45.24078299  48.25625998  52.30522246
  57.76388188  49.14294404  47.42760915  59.99008947  43.69549502
  45.50847387  49.60638746  51.01671134  51.99776675  55.98404864
  50.32429035  52.68337657  48.89323148  50.79147735  53.04199956
  53.14070937  52.53748254  54.54343777  45.24078299  48.25625998
  52.30522246  57.76388188  49.14294404  47.42760915  59.99008947
  43.69549502  48.91046166  50.50944697  52.45484378  42.99966632
  51.65891523  45.85656078  56.21266582  47.74422552  45.62965991
  43.79670907  41.34765929  47.16125621  55.37970997  50.31242567]"
"[ 34.28778107  34.81132669  35.79248413  33.13623669  39.25805496
  35.40003538  41.17639988  36.84440367  33.44655017  31.23185745
  28.77257205  33.41581594  34.55732185  17.66128936  36.03484278
  38.58185065  35.10906573  37.79542956  37.60051926  34.09059174
  33.27820457  35.59240471  38.61125816  28.53494925  38.73662622
  29.50183775  32.65033075  26.98735402  39.59202055  31.9826954
  27.54767608  29.33311964  34.79626906  37.79542956  37.60051926
  34.09059174  33.27820457  35.59240471  34.28778107  34.81132669
  35.79248413  33.13623669  39.25805496  35.40003538  41.17639988
  25.25632529  36.39280703  39.19380432  34.72534804  37.79262649
  28.25581677  35.76949543  25.73259592  39.14452627  34.50567764
  34.79626906  23.96879865  35.0700829   38.24391534  31.17072395
  33.41581594  34.55732185  17.66128936  36.03484278  38.58185065
  35.10906573  31.7915928   34.59153241  31.6762492   33.28433226
  33.35513944  37.96844762  32.447393    28.77879776  28.22818009
  36.99541718  36.4500906   34.09059174  33.27820457  35.59240471
  34.28778107  34.81132669  35.79248413  33.13623669  39.25805496
  35.40003538  41.17639988  36.84440367  27.54767608  29.33311964
  34.79626906  23.96879865  35.0700829   38.24391534  31.17072395
  33.41581594  34.55732185  17.66128936  37.49772991  36.12054919]","[ 22.90543524  25.11499618  23.07666083  27.10057731  23.39016954
  31.43138943  23.85066309  20.51018195  24.15559335  26.76686638
  27.04357062  17.7948591   26.79412467  19.20687453  29.11224536
  28.0915765   24.4923022   29.68741533  29.39415193  31.9028155
  26.97290917  28.69551873  22.59714565  24.4100106   22.75123645
  29.47670381  23.97325747  26.65726836  27.94767939  25.62393237
  32.72471073  23.55448161  23.85066309  20.51018195  24.15559335
  26.76686638  27.04357062  28.86321601  27.81156117  27.57532482
  24.61943788  30.04560054  25.3709979   25.25594345  22.51403808
  25.05108179  22.78328893  26.54636862  22.32293545  23.8631985
  25.63778977  24.66619829  22.29453839  25.77813239  24.4100106
  22.75123645  29.47670381  23.97325747  26.65726836  27.94767939
  25.62393237  32.72471073  23.55448161  24.04622796  27.69478423
  24.1689377   24.00919548  21.75026728  25.77231243  24.57454865
  22.91361689  22.29127734  23.40659992  21.66253205  20.08834718
  26.5477952   28.86321601  27.81156117  27.57532482  24.61943788
  30.04560054  25.3709979   26.09003874  27.28867201  25.97250864
  24.1689377   24.00919548  27.94767939  25.62393237  32.72471073
  23.55448161  24.04622796  27.69478423  22.90543524  25.11499618
  23.07666083  27.10057731  23.39016954  24.49822672  20.22149549]","[ 50.62746419  48.24310691  54.23889122  57.14844928  48.06039137
  54.30760171  56.15773962  52.41778318  56.41151778  50.50084953
  52.92257982  55.41512231  54.95048753  52.82114933  50.46156379
  53.95412782  54.24353058  54.24173734  56.43199571  57.77291451
  52.62286298  50.14277154  52.82114933  50.46156379  53.95412782
  54.24353058  54.24173734  56.43199571  57.77291451  52.62286298
  50.14277154  53.95337284  54.0721378   52.07005897  54.36263187
  52.40050616  57.76763624  56.07906309  46.89820257  54.91878175
  49.55920941  50.91266975  55.53827987  56.85479157  56.20457843
  54.23903017  52.07005897  54.36263187  52.40050616  57.76763624
  56.07906309  46.89820257  54.91878175  49.55920941  50.91266975
  54.75503705  55.35472414  56.26407577  55.30287556  51.12435295
  56.70662573  53.55194472  52.15648071  50.99330643  53.00640675
  56.85584575  48.29627162  59.74836412  48.89522628  53.64632871
  49.30740849  53.7777533   58.49890552  53.15114387  52.90150309
  57.81630042  56.06361588  55.09085763  53.66319113  52.84325456
  52.42159813  56.8332558   54.46908014  52.72469773  50.2028285
  55.35369482  56.33102865  51.86031544  55.12773956  58.57122881
  56.57119545  55.93650464  52.53644114  47.97249826  55.86131554
  55.65222072  54.75503705  55.35472414  52.80345179  47.24029787]","[ 64.91596511  72.07417133  59.40420034  63.04252103  65.85320934
  63.36301718  59.96114441  64.36506731  63.64725923  59.67700407
  68.54306902  61.57363339  60.94147466  64.2721807   69.38523977
  66.89938045  67.11567791  62.43315662  59.3379442   70.68331278
  64.43833995  68.76027266  65.99295973  58.5433288   69.02617987
  59.36932072  67.01776139  67.82848379  67.52790831  65.76646677
  72.17371561  67.97992303  59.53021187  61.00542725  52.95868301
  71.93309143  64.61978549  66.86781356  66.26025676  67.25688754
  65.12554579  62.75166276  65.15686067  70.32646129  52.95868301
  71.93309143  64.61978549  66.86781356  66.26025676  67.25688754
  65.12554579  62.75166276  65.15686067  70.32646129  62.16567071
  69.02617987  59.36932072  67.01776139  67.82848379  67.52790831
  65.76646677  72.17371561  67.97992303  59.53021187  64.67385937
  69.05617827  63.36301718  59.96114441  64.36506731  63.64725923
  59.67700407  68.54306902  70.60835046  62.83024761  61.57363339
  60.94147466  64.2721807   63.04252103  65.85320934  63.36301718
  59.96114441  64.36506731  63.64725923  59.67700407  68.54306902
  70.60835046  62.83024761  61.57363339  64.92865956  63.37360665
  69.38794421  64.29435998  64.4663817   66.6845399   70.01864463
  63.06608355  67.04349583  74.51942437  72.22925189  62.60222977]","[ 44.49740606  50.44528078  28.18837707  52.03069127  37.30074026
  45.23891417  46.81791495  44.68265063  41.46786296  47.82950564
  51.56095987  52.99375175  43.24474735  45.87141292  42.12927815
  48.01340195  55.08845734  48.87376778  46.09002501  53.21541125
  40.34425552  43.09504651  47.11279732  47.06795489  50.11107429
  49.69382267  43.95929991  44.79067231  42.11379799  42.99914415
  50.96061222  55.58859139  49.2812311   37.14224112  50.2156735
  49.84007217  47.4206279   54.80823816  50.11259753  48.483323
  43.08190605  40.40300748  54.7938013   44.94531166  48.18966983
  49.45951014  55.08619509  45.52009647  49.5891723   45.67299574
  48.64665935  43.99325067  49.35793726  42.68087719  42.87507515
  45.86420501  47.10251097  53.24599601  57.18189464  49.22457963
  52.05964154  53.49032419  43.34466174  47.06795489  50.11107429
  49.69382267  46.09002501  53.21541125  40.34425552  43.09504651
  47.11279732  46.11707392  47.80839411  47.81530182  44.53214354
  44.91647504  49.69382267  43.95929991  44.79067231  42.11379799
  42.99914415  50.96061222  55.58859139  49.2812311   54.75240282
  42.72858671  46.99461405  42.72858671  46.99461405  50.66819037
  52.83370692  48.68359348  43.54856006  43.22952208  49.06777164
  47.41970098  55.70938738  44.51445714  50.55730218  42.98560475]","[ 69.99039001  62.50304332  65.79066214  63.61176298  61.77407561
  67.66636017  63.80012077  65.77648343  61.19434299  59.56370278
  61.6125653   63.99917946  67.1398072   63.29755807  71.24653062
  62.6786928   71.75549443  66.77772481  65.49242806  62.73636938
  53.65704555  64.54361667  67.04256661  64.20879638  65.74205476
  71.28998254  62.51567473  62.01495712  56.66000462  49.69080359
  68.51404891  65.93958252  61.77407561  67.66636017  63.80012077
  65.77648343  61.19434299  59.56370278  61.6125653   70.57014875
  67.27834276  64.62283302  66.90332251  65.79774496  69.99039001
  62.50304332  65.79066214  63.61176298  61.77407561  67.66636017
  63.80012077  65.77648343  61.19434299  59.56370278  60.57728799
  65.45368701  59.4632131   63.95831044  68.56649354  68.60065965
  66.6713257   65.79774496  69.99039001  62.50304332  65.79066214
  67.49354048  55.39237124  62.95135596  65.98513675  65.59160905
  74.27778019  65.66686598  67.87947509  62.62716956  70.90635283
  64.88894226  64.53685627  72.66058224  68.45170623  64.94796455
  62.30944173  70.12532081  63.95598995  62.69801719  62.50024063
  60.57728799  65.45368701  61.34813065  65.01111662  61.94414816
  57.99593308  63.33425211  66.84167705  60.15700347  61.64665809
  65.22323467  63.72661629  62.02912649  63.9234357   67.70810223]","[ 51.81389996  40.34139049  40.47215121  46.39579541  39.86822939
  47.19243021  37.63262469  51.40555579  39.93177774  46.06317917
  44.57094478  44.53997454  47.69849052  47.30587664  35.47031308
  43.45981535  37.49946988  42.88306521  40.33895187  32.90809896
  42.95573547  38.63356507  42.95245076  35.53730042  42.13074026
  30.86685623  37.98306311  43.70338227  30.22495673  46.86057223
  45.9959888   45.02649064  36.33138131  47.30587664  35.47031308
  43.45981535  37.49946988  42.88306521  40.33895187  32.90809896
  42.95573547  38.63356507  37.0944968   44.71666818  46.78781253
  42.07922922  46.89415144  43.19514256  37.97852054  42.35769291
  36.87842382  35.66744903  45.17905879  44.98312444  40.96694087
  45.76250123  44.94255338  46.32542424  47.60628344  45.23648622
  49.73292679  44.69098138  42.52683832  41.65640806  37.56406701
  43.06213866  42.11105283  48.29831691  42.68361774  51.90823903
  44.59387177  42.17875058  40.28254424  31.33681487  52.79877316
  44.83673991  50.19307283  43.27974634  50.2892573   47.23050435
  46.81071151  43.51943254  43.09085422  40.97499832  36.98346087
  43.34838959  39.23378522  45.94347562  45.9959888   45.02649064
  36.33138131  48.23204076  46.68037653  46.05682291  38.48333738
  49.68010442  45.76250123  44.94255338  46.32542424  36.46572069]","[ 67.30647134  59.96446374  67.99800747  57.5170609   58.33503362
  57.8075927   64.03743511  63.94414675  55.65405667  62.69047134
  66.62478335  59.82980197  66.27811146  71.27368979  67.77129013
  62.83372751  61.65441165  61.20195439  68.14375358  58.15363106
  67.93482224  57.42314497  59.50201682  62.20737466  66.16157102
  64.64989814  55.37709395  66.41765972  67.84069648  58.35467956
  68.83241226  58.90116149  65.21661664  57.43215302  65.17624114
  66.74036274  61.77461466  70.0615021   66.71272618  59.76252631
  66.43856104  62.64178707  66.44528843  67.56100248  62.36569505
  68.7194135   59.81914454  64.09035384  62.46704086  56.806131
  63.84181905  57.84671224  65.97033939  72.33966673  68.29057601
  62.03184778  62.12788859  65.68758495  61.27137897  69.31807224
  59.03732719  67.30647134  59.96446374  67.99800747  57.5170609
  58.33503362  60.02668266  62.2368317   64.22216665  60.25012272
  61.62050058  65.07984248  62.78003341  61.00651067  64.53448876
  67.77390357  61.59269878  65.54543949  62.3619842   65.73809002
  62.06972955  68.32103224  58.24719565  60.67471838  57.43215302
  65.17624114  66.74036274  70.61886269  63.98485727  57.5797099
  61.44006603  72.12417137  70.08778372  60.25087257  61.59269878
  65.54543949  62.3619842   65.73809002  66.50184945  67.45962221]","[ 44.46819695  45.94653972  45.70101158  40.79192421  46.53126068
  41.43710042  44.58476914  38.46830309  43.64390239  40.35997697
  40.25621858  43.12372644  39.95256113  38.83684299  36.73880711
  40.07835914  42.27244381  41.12574112  49.70722933  40.94597327
  46.02111939  39.02525308  42.27911808  49.6259184   44.63040259
  39.35659553  40.50930088  41.25440683  44.48476697  46.52088467  44.43082
  42.78449331  40.54564644  40.49647821  46.65535625  42.46031261
  41.91694027  47.71335417  46.64194717  40.77701431  45.46751202
  40.80891578  46.86017456  48.3606253   38.85817201  44.61371813
  48.57352432  43.08013181  46.5343972   39.6842386   47.71283806
  47.00336141  44.47229047  43.62616043  38.59359187  44.63241803
  40.34436357  46.28642637  43.11775516  39.43915652  49.73398255
  44.17289492  43.02929044  39.65421679  38.67305226  49.11954114
  40.25621858  43.12372644  39.95256113  38.83684299  36.73880711
  40.07835914  42.27244381  41.12574112  49.70722933  40.94597327
  38.59359187  44.63241803  40.34436357  46.28642637  43.11775516
  39.43915652  49.73398255  44.17289492  43.02929044  39.65421679
  43.60255604  48.51910175  41.21252916  41.85362916  42.87182038
  45.19077892  40.65780859  41.08105448  40.18447298  45.88097532
  38.64693081  41.69862336  44.69904147  49.19992406]","[ 48.99144351  36.33399121  48.08016531  46.21971852  53.90554641
  55.71930757  49.64935503  51.33163401  50.21271617  55.82729101
  41.16396797  50.24296091  50.94986963  62.48555814  56.48288123
  52.06127934  44.06718448  50.77437577  54.63738416  50.33631178
  50.3129874   48.46129731  54.68166695  47.39981789  46.53691452
  52.99098152  43.13318134  49.88868718  48.66639152  54.29010562
  47.28090917  43.68210472  47.21344259  52.91833194  57.9740532
  55.6320745   48.86683806  48.64706107  47.22318405  57.3590692
  47.92875202  52.26815841  48.56829067  51.63845247  54.10465275
  53.68051271  51.82897072  48.89593812  46.14478306  48.78314269
  45.6996618   43.11469637  51.21704645  57.95991501  52.4138614
  44.90063139  48.44622505  47.39716402  53.74149967  50.09247546
  52.66477089  43.43965446  48.79285283  51.20547756  43.84930898
  56.41862308  31.46690244  50.75417633  46.31143481  50.47941479
  46.33672752  48.92121938  56.69195033  53.71105405  56.03819991
  46.73155316  58.36366113  52.72063464  56.82786201  43.18818492
  45.01496786  50.31056146  50.74187577  49.55244833  46.16563363
  49.15494097  53.60478031  44.90171665  49.93685558  55.33585878
  47.98000783  42.7700091   57.4558783   51.21263524  51.42197406
  47.02751713  46.18725612  56.04673129  50.94986963  62.48555814]"
"[ 33.63638265  35.84395461  30.60599025  39.622886    33.98197931
  37.50529567  31.63608499  42.14643999  37.26888734  37.76766987
  33.19708181  21.36989129  37.15012118  34.90553372  23.36711783
  41.72003348  33.63638265  35.84395461  30.60599025  39.622886
  33.98197931  37.50529567  40.52901677  37.23161196  33.74301362
  31.65954868  22.70314905  29.96830712  31.9470161   35.45385067
  37.22958467  37.54032013  37.30114395  31.65954868  22.70314905
  29.96830712  31.9470161   35.45385067  37.22958467  37.54032013
  37.30114395  37.75489699  35.86735725  32.83145567  34.90553372
  23.36711783  41.72003348  33.63638265  35.84395461  30.60599025
  39.622886    33.98197931  37.50529567  31.63608499  42.14643999
  33.76229395  32.71650913  35.77966099  36.31879133  34.32651842
  38.41849291  37.23000322  35.12402696  32.81510219  32.01325638
  33.97109643  37.33956859  37.22904381  31.42586946  36.56250702
  32.85865802  38.96774946  35.28655397  36.54331718  34.96575757
  27.43999885  31.67167497  34.0629339   30.82705375  41.60464681
  31.21397551  31.89266584  37.64774741  38.69048879  40.52901677
  37.23161196  33.74301362  31.65954868  36.99653925  35.82702524
  35.06232722  31.46638721  33.77545397  37.75705662  29.89422263
  27.49233335  33.44275078  35.81807543  38.61342839  37.22958467]","[ 23.80395472  18.23320322  24.46496297  21.10672729  23.33207832
  24.15921138  22.3289125   18.84946763  24.117503    27.68390209
  20.37299677  26.51983002  20.97976106  25.91205506  27.66218272
  30.96798444  27.9132932   26.01995204  21.85156056  17.07731626
  28.01105523  16.6238642   24.35511885  19.49854076  26.56755466
  21.85046631  24.69359407  23.80395472  18.23320322  24.46496297
  21.10672729  23.33207832  24.15921138  23.69132583  22.56059182
  27.55767084  31.1211579   26.92820747  25.98561229  26.53136698
  22.82023645  31.06962852  27.0112333   16.0281009   25.09422903
  35.252983    26.61271851  21.08635309  17.23014003  26.21374777
  23.31753337  23.69132583  22.56059182  27.55767084  31.1211579
  26.61271851  21.08635309  17.23014003  26.21374777  23.31753337
  23.69132583  22.56059182  27.55767084  31.1211579   26.92820747
  27.68390209  20.37299677  29.91492918  20.78676309  23.39816307
  26.89565247  24.59776299  25.57535763  16.60234083  21.42270861
  23.98464146  21.58185069  27.25463935  29.88456427  26.01208283
  24.96092259  28.48055533  29.00339496  27.03196092  28.76643118
  17.95621096  21.6986528   23.58871928  27.35568451  19.00202857
  25.63147951  24.24675838  20.2489113   26.31607483  25.31849197
  22.8597355   27.72284861  27.02711628  26.53136698  22.82023645]","[ 59.06314941  59.83302015  53.79823081  54.32309936  57.90325849
  54.28000976  53.08167929  56.01033056  54.08867299  52.79504133
  53.69296866  56.34779808  55.70446407  50.59177397  57.23447541
  50.16849071  53.12655847  57.4935564   53.68328711  54.1997818
  52.08630715  53.71448679  52.21362829  46.25667619  54.70694444
  55.93541187  53.21362867  51.08843175  54.35867854  53.04138059
  52.66679652  55.21886028  53.63929186  54.52213993  58.22158552
  54.2854462   54.50462623  55.92007995  53.53423595  58.57725339
  58.40557988  53.65024493  52.53392036  46.59325423  49.87567692
  53.69296866  56.34779808  55.70446407  50.59177397  57.23447541
  50.16849071  53.12655847  57.4935564   53.68328711  53.65024493
  52.53392036  57.89700189  49.62325471  56.78111883  53.44270152
  52.90694252  48.35604655  53.1498224   51.10876662  58.2541637
  50.05028516  50.85691856  55.01625313  54.95775229  56.93859297
  57.06490968  56.18438844  55.84186992  52.12387018  58.46729042
  54.58722866  58.20087369  57.86149803  52.45573778  56.35262813
  46.35770066  56.12214212  53.66339489  53.01993262  55.79378989
  54.43487324  57.50589921  57.33004149  58.13444274  51.11662789
  53.94062896  54.594034    56.34736239  49.04877277  50.50697881
  55.17023367  53.70847023  52.2965236   54.97449894  57.21403318]","[ 60.93302599  69.95140654  68.49416718  59.14392402  62.56947661
  70.39008711  57.36710577  68.32135366  66.85822919  65.60401899
  60.32952805  70.02774936  66.55727728  64.89487774  60.00941892
  60.21534396  67.67108926  64.73510793  71.53024743  56.62685029
  65.36600716  52.49778193  61.1130255   64.26961345  68.44708286
  59.65436902  64.64263909  63.51470897  63.26727175  62.4530611
  55.01814765  68.13247096  68.31382215  55.52561198  62.28696387
  69.05378952  56.53257726  63.32966479  59.09377262  59.02895739
  63.42968982  66.71662982  66.86086678  64.03089897  63.87294521
  53.91033653  59.78643829  65.33476333  60.8201241   61.42802826
  65.28944917  65.59148002  66.31970918  61.0232916   62.8540074
  68.31382215  55.52561198  62.28696387  69.05378952  56.53257726
  63.32966479  59.09377262  59.02895739  63.42968982  66.71662982
  59.807368    64.13698939  64.29257735  70.02774936  66.55727728
  64.89487774  60.00941892  60.21534396  67.67108926  64.73510793
  71.53024743  64.89487774  60.00941892  60.21534396  67.67108926
  64.73510793  71.53024743  56.62685029  65.36600716  52.49778193
  57.28345993  65.09094489  64.07529596  62.7118969   64.03089897
  63.87294521  53.91033653  59.78643829  65.33476333  60.8201241
  61.42802826  65.28944917  65.59148002  52.49778193  57.28345993]","[ 44.82874989  50.01452739  46.46654922  47.28483598  44.63877957
  51.60913235  57.67736172  52.50186235  47.89290357  44.58871243
  47.2123792   48.22133406  48.09783215  48.30845047  57.91224308
  46.80127653  45.76285378  53.95164621  42.86061037  51.71409415
  43.85099347  54.67257137  47.89290357  44.58871243  47.2123792
  48.84202187  46.2301318   42.75366459  50.7874845   42.81632479
  53.98168036  39.81803518  45.92097854  44.02230469  47.92091357
  44.31771838  49.12966997  44.76671708  51.90679652  49.08367398
  38.83639561  43.65184222  51.04052284  47.75438046  50.33717105
  41.47831208  50.33786777  38.95850213  51.15075965  43.91647983
  47.59134078  53.37801693  42.20646633  52.03268306  54.96081894
  48.84202187  46.2301318   42.75366459  50.7874845   42.81632479
  53.98168036  39.81803518  45.92097854  44.44900401  46.73123738
  49.93817775  46.12405771  43.26118371  45.88729729  49.75616731
  45.42057794  40.93104896  40.77815661  49.08999689  46.15670828
  51.10278481  48.62136654  43.91647983  47.59134078  53.37801693
  42.20646633  52.03268306  54.96081894  44.83063655  48.38440136
  45.3552846   45.20832546  53.81197944  37.50243172  47.15024773
  43.00350191  48.06770235  48.38786711  40.97474527  39.3568511
  51.85902477  44.86257111  42.68635777  46.73123738  49.93817775]","[ 73.41725364  61.70181376  67.45653391  60.88488352  66.62162685
  64.7163956   69.55423486  66.77583419  68.58188875  69.79164539
  63.53570098  70.28866644  67.21118052  70.18685316  66.24339598
  70.4648462   68.41832848  71.29061594  66.3036824   71.41227194
  73.61967104  73.60927555  65.72369165  73.26598906  57.25608262
  65.28712721  69.05359175  65.36668137  64.00313448  66.03904807
  69.22006561  65.35153011  59.72037418  71.04591687  65.00366816
  68.55038352  69.75484922  64.90005789  69.52722945  64.31241585
  68.23215787  62.8523665   65.72369165  73.26598906  57.25608262
  66.3718148   67.99409563  63.84512884  72.85314919  70.32929266
  72.15533558  67.74681767  67.79689183  68.03165069  64.88207849
  66.39399619  62.80584835  64.79375972  66.8134474   71.95074152
  59.11300204  66.36241463  70.64143229  67.36842104  64.79010795
  63.54474013  62.5199961   62.8523665   65.72369165  73.26598906
  57.25608262  65.28712721  69.05359175  65.36668137  64.00313448
  66.03904807  69.22006561  69.71860919  70.97064966  64.14082238
  61.48390468  65.08046929  60.31279334  64.9810734   68.89596224
  69.42431082  72.70395444  62.07283751  60.30377057  69.62750112
  65.98010214  71.61894849  68.27785418  64.17507098  65.08005493
  65.98956499  65.0553074   65.00366816  65.28712721  69.05359175]","[ 41.73399276  49.47271037  41.82564407  50.52227623  38.78062979
  35.71256918  44.0762257   39.99502626  31.88822552  41.07486232
  44.00250564  38.19519982  44.22076229  47.55931553  38.55855086
  43.31361348  35.19223117  45.5360413   34.19562232  39.12836674
  28.92305078  38.0317584   41.37693136  43.41609771  34.12381961
  42.74451362  40.80327326  46.80918318  40.7092589   44.2376478
  43.19930508  41.85094813  46.00481486  32.33974474  44.0488827
  43.64943205  39.71389641  43.20282559  41.03469178  42.44652075
  41.06045308  44.66824115  46.55661928  41.44934906  46.44767924
  46.29800812  37.56144775  43.47015793  42.50161743  34.948113
  48.31924901  41.18125869  38.11744015  44.88474409  50.44033837
  39.71731273  42.34018619  37.93343083  46.42694199  37.8298668
  53.42660503  51.76452619  46.39716527  46.13153019  46.10165434
  46.56692333  48.21726909  45.08535779  34.5609323   37.80879181
  38.53928321  43.58013031  39.72321553  33.90069713  40.40940447
  35.24566329  37.12943795  47.76444014  41.53049249  47.78891528
  44.57783329  47.06836452  38.80076578  44.75544675  42.06329634
  40.18423575  45.05867971  43.47015793  42.50161743  34.948113
  48.31924901  41.18125869  38.11744015  44.88474409  50.44033837
  34.67579857  48.67754778  43.01627741  40.18423575  45.05867971]","[ 59.35708181  64.84832673  67.06548372  57.4070251   59.72377775
  67.27511541  64.91432518  60.39873827  59.81503176  65.11829853
  63.72041633  60.40191263  63.63573501  64.67568028  66.58129106
  63.18866813  65.61460743  65.63643191  54.13407079  59.12615254
  68.99453472  58.44811189  61.46817045  54.20975755  64.43412719
  67.03252046  62.7939108   69.00674356  66.935129    61.39000195
  65.37817285  60.55037254  65.17819417  63.28949688  59.64269142
  58.18993529  64.02923319  55.61676281  61.04291207  66.26302333
  64.98168126  64.2825488   65.43857023  59.60560811  65.37817285
  60.55037254  65.17819417  67.18617678  69.41380576  62.99926897
  55.8161227   60.21253654  63.28949688  59.64269142  58.18993529
  66.1483475   61.53077579  68.40559005  61.98628666  64.21758833
  59.34354875  70.03861284  62.74785411  65.7345785   61.98491681
  58.04653377  66.66106547  61.35680823  63.99968338  52.36152071
  62.68131352  62.47611169  67.24449063  62.22422106  60.05283383
  61.28505666  62.64262694  62.44564646  65.06635683  64.74970625
  62.81103868  61.12636692  56.72722676  64.18040258  63.44989219
  61.2441562   62.6640033   70.03861284  62.74785411  65.7345785
  61.98491681  58.04653377  63.94091662  62.26222437  61.93276441
  61.82028531  56.23482383  66.39543941  66.26467013  59.27604148]","[ 35.77980673  47.53621793  40.38426464  43.59997747  42.27739904
  38.46704212  37.58561792  39.98620277  48.40779432  41.40505081
  46.67206387  42.02153808  40.80259049  35.95522274  33.44528257
  35.71942599  39.62998504  43.82954091  44.91481732  44.40651932
  42.74798467  40.13378787  42.57772701  48.02712533  40.45772291
  46.21625968  46.56693985  41.7241107   46.19235906  47.42056974
  41.03471344  36.03391344  39.93327217  43.20005448  38.81851311
  43.72751468  39.29339898  41.92915317  37.24261477  37.18837819
  44.47924022  49.29704867  42.78753689  51.54655192  47.67383024
  41.89254109  39.00641774  41.82193412  43.74340096  39.93081319
  39.58237014  43.39614635  47.54772072  37.85293016  43.5674236
  42.11428199  41.76159395  41.69438285  38.00938324  40.80370249
  41.97451446  45.45357236  39.73944719  38.62452389  44.79848149
  40.79614521  36.49911073  38.08000454  42.41265487  39.23730398
  39.66208414  40.0396386   50.48539848  44.68548543  40.4458656
  40.42929283  38.19377376  43.72751468  39.29339898  41.92915317
  37.24261477  37.18837819  44.47924022  49.29704867  42.78753689
  51.54655192  41.60857484  45.82996003  35.77980673  47.53621793
  40.38426464  43.59997747  42.27739904  38.46704212  37.58561792
  39.98620277  48.40779432  41.40505081  43.20670536  35.34134807]","[ 50.41759216  39.55523421  45.88260214  48.76894808  51.31007787
  53.26548318  49.53459806  50.08285031  48.4308939   56.92138446
  41.93338155  33.41447928  45.22248545  52.73714327  48.98084776
  49.85674766  51.32380864  56.01860354  53.11135656  55.67616987
  48.03730774  52.16815555  52.01100525  50.63705032  51.44155846
  52.24934862  48.18983985  49.22000039  45.16215625  43.56389251
  41.43404922  51.6643193   58.76949591  50.67932342  51.29279675
  54.19899075  46.31473469  45.54423738  50.38558066  56.22967791
  43.19689285  52.16101456  47.48674305  47.09144816  51.13309554
  51.55160523  56.75984259  44.98904481  46.39456353  47.59347394
  42.52670894  54.10126126  48.26675033  50.23155965  51.66942271
  48.64423933  52.72779373  48.45877985  48.75271128  49.39137885
  52.47777566  52.04740123  50.25271254  57.67111084  47.19414518
  49.3039465   47.55120325  50.48726189  57.69159811  47.43264306
  36.06941377  46.16439078  52.92781911  48.11379669  49.6844342
  52.29039504  50.79679372  46.41434587  59.10030385  43.83463201
  50.60074518  51.08793127  55.21325931  54.2726903   53.26892372
  52.18337127  54.12963809  49.95337365  49.17009015  53.11277237
  47.12163304  55.3874976   56.33471468  46.24322893  50.79055196
  46.05866795  40.59874128  53.15246029  33.41447928  45.22248545]"
"[ 37.65576395  37.36462215  36.03579493  27.09939991  24.86135402
  30.63933714  33.15051704  36.15125497  31.67187802  30.3673293
  35.26050149  28.32382079  34.17210516  36.71950265  34.51818216
  35.90132032  38.40419941  27.70892109  40.22412046  26.20448065
  29.90176831  35.53397001  32.37695029  43.40136082  29.97959165
  32.58059173  39.63409822  38.43773401  35.12229852  32.4945286
  37.65576395  37.36462215  35.12229852  32.4945286   37.65576395
  37.36462215  36.03579493  27.09939991  24.86135402  30.63933714
  33.15051704  36.15125497  31.67187802  36.12066171  42.53428268
  24.18922407  40.25285407  29.69398505  35.53397001  32.37695029
  43.40136082  29.97959165  32.58059173  39.63409822  27.09939991
  24.86135402  30.63933714  33.15051704  36.15125497  31.67187802
  30.3673293   35.26050149  34.08790891  32.1482818   29.00462913
  30.53304766  22.6081968   36.12066171  42.53428268  24.18922407
  40.25285407  29.69398505  35.53397001  32.37695029  43.40136082
  29.97959165  32.69896451  33.47055304  36.0762618   30.95421553
  39.54665158  37.88156578  33.87928576  30.53304766  22.6081968
  36.12066171  42.53428268  35.35119605  28.90012063  34.64032091
  32.6472631   32.71746486  34.32232354  37.94851101  43.12183506
  39.45581702  43.99612228  41.32646071  33.42329702  37.32626405]","[ 22.70843557  28.27720168  23.72532592  19.14564366  25.60398944
  16.19413426  24.71050086  29.87487704  22.90833127  26.85721177
  23.52611414  24.25137337  26.39586394  24.83636394  22.47607641
  21.25574079  24.40959759  18.0221237   27.78794815  20.32979849
  18.93269507  23.11901508  21.11143481  22.88368379  24.78285712
  25.09964134  19.15749304  22.27037083  21.91155236  19.87025452
  27.40638695  23.36976389  24.78409173  29.39006436  22.77640207
  30.33816621  28.11974442  24.42077427  25.93793163  18.42952194
  22.82721039  24.11542528  27.32484775  30.39542134  26.78172897
  26.23076267  32.25243543  26.91183256  30.11394149  27.19622437
  22.55537328  24.21370764  21.33257546  21.60086252  22.71411128
  28.88769639  21.7412432   20.5776719   19.56029989  29.39006436
  22.77640207  30.33816621  28.11974442  24.42077427  25.93793163
  21.91155236  19.87025452  27.40638695  23.36976389  24.78409173
  26.82516766  22.71411128  28.88769639  21.7412432   20.5776719
  19.56029989  18.42952194  22.82721039  24.11542528  27.32484775
  26.42687156  23.25551867  30.32631247  29.40517881  28.12371522
  30.39542134  26.78172897  21.98024532  21.11143481  22.88368379
  24.78285712  25.09964134  19.15749304  22.27037083  21.91155236
  19.87025452  27.40638695  23.36976389  22.90598878  23.68815642]","[ 56.79085497  52.69607745  56.46103384  59.17280005  56.3916086
  57.92352195  56.81100106  59.79912134  58.30795252  59.53622164
  54.51904753  58.66920775  57.45603855  54.32329788  58.36912154
  56.84332588  54.64917796  58.13884026  49.79431279  55.72930384
  56.63673362  57.86494044  57.34809728  56.13060849  54.35049178
  55.06839346  53.64425245  49.68719582  51.0490312   50.84376625
  56.97938867  56.64664321  53.9163696   56.77110628  52.99997817
  53.96310582  58.81470263  54.97543524  56.38074806  54.68431932
  57.72942855  54.40141118  52.35740141  53.3907628   59.95245976
  50.8808712   54.41810317  56.89710502  54.96898031  56.89548637
  56.03804718  50.91063649  53.9163696   56.77110628  57.543508
  52.18825181  51.64431597  56.48877637  55.6947963   54.84715735
  55.4507528   57.18811324  53.27429451  59.77167021  56.90041925
  52.01579482  52.01367596  57.543508    52.18825181  51.64431597
  56.48877637  55.6947963   54.84715735  55.4507528   57.18811324
  53.27429451  53.51241028  55.21123177  56.76699295  56.38248237
  60.30144643  55.71048562  56.14815541  52.49052467  52.66974661
  55.14959587  56.78056986  55.21738512  54.72197121  59.07070294
  61.10178551  54.43655586  56.43171192  57.8081202   55.68208385
  57.21144346  52.97971384  54.33126517  53.46968101  59.96447287]","[ 68.98828517  66.69976677  62.8291494   58.80628102  61.87596624
  63.21862023  62.52667348  59.61398819  60.41057043  68.26141789
  65.84845298  71.31818946  64.99836338  58.70168791  58.18313497
  59.97376862  69.74390265  74.15498021  58.22245818  63.51967416
  68.69158301  68.34791151  63.09597851  65.50263213  69.53395218
  62.05352758  60.75636147  57.04398427  67.7201574   66.83632545
  63.75139737  57.95324509  69.53395218  62.05352758  60.75636147
  57.04398427  67.7201574   66.83632545  63.75139737  57.95324509
  58.53859693  67.47200814  52.42339208  58.53859693  67.47200814
  52.42339208  64.44954674  58.83881735  64.66425007  69.11701332
  65.53505593  63.32326669  66.59342127  66.65110463  70.10811637
  63.63768998  65.27969171  65.85513768  63.09597851  65.50263213
  69.53395218  62.05352758  60.75636147  57.04398427  67.7201574
  68.61847362  62.91457156  66.89527404  65.39142737  72.72129662
  68.6184558   71.4237261   62.83941113  72.25038336  63.12061772
  52.42679091  58.70168791  58.18313497  59.97376862  69.74390265
  74.15498021  58.22245818  63.51967416  68.69158301  68.34791151
  65.03577559  66.13815362  56.42659154  55.04370794  59.40330085
  64.95848524  63.57142804  65.88280537  65.15324385  56.58462015
  65.66812607  69.05546     63.09248669  62.63005604  68.61847362]","[ 46.14433794  56.11054111  52.76152364  45.21671097  45.96992598
  41.23069929  45.59542344  41.42543489  42.84446155  45.12634422
  47.21853231  47.61509954  41.16680756  49.60527351  40.21036047
  54.34396153  41.66659025  49.47936909  40.02398238  42.80088978
  39.16767435  48.06330032  42.19978836  50.46241867  42.11226362
  53.20566258  41.20435412  46.85467813  48.32771476  42.28213359
  49.24015887  42.44813945  53.29506446  39.18236252  43.90742134
  40.77430912  42.14100502  42.64673255  48.80200449  39.40219229
  46.14433794  56.11054111  52.76152364  39.40752148  49.41286945
  47.45009062  44.96997827  44.82310063  42.8287029   38.39325844
  43.67666922  51.19602202  41.4460519   46.68751725  45.1369644
  38.90736448  36.15050828  40.01970899  39.4971191   53.79119208
  50.68799769  47.38522373  42.92053613  41.69488701  41.20435412
  46.85467813  48.32771476  42.28213359  49.24015887  42.44813945
  53.29506446  44.15905272  42.40886882  52.10970458  49.11847134
  45.96992598  41.23069929  45.59542344  41.42543489  42.84446155
  45.12634422  47.21853231  47.61509954  46.87745276  35.22254785
  44.28315913  44.39188247  49.96590337  48.29563494  51.38679677
  38.81716358  45.11020683  45.78472515  48.04632088  47.60964356
  48.59824603  47.76382552  35.22254785  44.28315913  39.97117868]","[ 63.47330821  63.01587781  54.73082036  60.45657044  62.03065107
  64.76985351  57.22466721  57.37381541  61.49399509  64.99175121
  57.2132676   70.83933567  50.60108728  67.60492049  65.310048
  65.15292626  60.72644213  55.34434365  62.52317858  60.06621076
  69.54937482  69.95603672  65.93119212  62.18815595  65.2069962
  65.28769007  63.93788919  67.1839812   62.75908432  65.90704438
  61.7452124   62.98759042  67.63273063  67.14987694  66.04038195
  58.88341498  63.76003863  67.84831454  73.50346405  63.47330821
  63.01587781  54.73082036  60.45657044  62.03065107  70.52806865
  66.87978281  62.41920603  64.00321021  64.79008032  67.14987694
  66.04038195  58.88341498  63.76003863  67.84831454  73.50346405
  67.84831454  73.50346405  63.47330821  63.01587781  54.73082036
  60.45657044  62.03065107  64.76985351  57.22466721  57.37381541
  61.49399509  64.69417627  62.38184397  65.18170111  62.81037512
  62.87303991  62.44358403  61.22236302  58.73594192  71.15810469
  68.19838477  70.52806865  64.84368162  59.77795985  73.57487807
  69.91571687  66.39350528  63.72400763  64.01624806  59.47168683
  55.6591066   62.44006417  63.21451568  63.31568087  52.82180717
  66.60483355  61.67152781  66.45778006  62.2437683   62.68685185
  67.86065438  65.38388608  57.00074842  62.24326846  64.55461408]","[ 46.95492628  43.21420111  48.77939544  39.96735666  42.50652474
  46.15646864  40.19152483  44.84583712  43.38242377  51.1560725
  37.4885636   38.94772339  40.68784338  43.07626427  47.6905345
  41.25928635  42.938898    43.93146731  38.34588258  37.89855126
  44.48496823  47.86148809  38.34588258  37.89855126  44.48496823
  47.86148809  46.32386613  38.18644418  43.88563232  45.38216117
  34.64737717  44.84129647  41.82195792  42.61181405  45.81350545
  53.56961242  40.26315881  39.89002765  44.90726862  44.83927226
  42.72606522  37.09501369  41.34451801  46.20237716  45.92462703
  44.62804767  44.51859103  47.47238486  39.91439691  45.07334027
  42.33757819  46.91945441  43.01787372  46.38222711  47.26238396
  47.7765709   42.92368767  42.55874751  43.87911282  44.40966222
  38.84972261  48.57533739  41.31111994  34.38190953  44.77889353
  42.52385825  46.76757739  45.1220457   43.1031613   41.6355447
  38.99967145  41.77267116  38.19512547  45.17274702  42.95224868
  46.79846547  51.90031712  38.30325133  42.10930034  43.30597756
  49.88600216  39.15508572  39.77680422  48.38522751  37.43416731
  38.96888013  48.05633684  47.05919069  40.26315881  39.89002765
  44.90726862  44.83927226  42.72606522  37.09501369  41.34451801
  46.20237716  38.07790333  36.35712807  45.18648095  45.39260754]","[ 68.40227101  61.56202682  47.67718007  60.31915512  63.87899382
  60.27816512  55.42794831  63.28449408  57.8721361   62.42534249
  63.61320438  57.49658535  61.13986393  59.56393518  63.52553503
  53.67001812  62.02703407  63.91193446  65.28337155  65.24455021
  61.32493201  65.83584312  67.94407948  70.78927214  65.63980696
  64.48985031  63.1459626   65.03619129  69.60747522  59.15546944
  64.02781225  66.29071256  66.51989533  59.86599768  54.11828779
  55.84602783  60.59420554  62.74639842  59.66692892  67.93488543
  62.90289092  73.25581872  60.98559326  60.29782483  54.08406096
  70.37975931  67.24952568  68.14540619  55.14394555  59.46549509
  65.21029148  69.18836543  63.21753813  58.73836063  65.08232899
  63.47079262  57.84334703  59.21926496  59.94213309  66.09061164
  63.43630351  56.44061657  62.18695242  54.14548992  63.40084957
  62.42534249  63.61320438  65.50045865  59.23058234  68.48593536
  62.04079719  64.63661046  57.09987695  66.51989533  59.86599768
  54.11828779  68.02254893  57.33554038  64.18621153  55.68107793
  62.0681988   64.62284995  64.30334436  68.38327934  61.57736605
  64.36520197  66.83620702  63.66292974  56.41020492  59.13749092
  63.94007417  63.44750339  66.72019748  57.49658535  61.13986393
  59.56393518  63.52553503  53.67001812  59.71315633  62.04602277]","[ 46.90818861  40.59610865  41.29890441  37.16024894  40.28525926
  40.43729178  39.8878659   39.33663789  33.82585404  46.29329425
  40.9601457   45.59994978  43.26223629  46.19302527  36.57421171
  46.17858209  39.08970549  41.66184307  34.45917586  45.92981335
  40.0990552   42.18134587  44.81686882  47.14216769  39.44116657
  38.77091586  39.52192823  42.11709285  40.44489389  47.45853789
  39.75728672  42.12525234  43.53066033  44.42658294  40.39427974
  44.19438605  39.41574178  44.69496133  36.33860831  35.83162473
  36.58078575  41.53674503  36.34755435  42.53172703  44.63483597
  40.80101627  41.44267724  41.92455201  43.65483916  38.74857088
  53.63340869  33.16572525  40.97730594  43.48964389  44.42658294
  40.39427974  44.19438605  39.41574178  44.69496133  36.33860831
  35.83162473  36.58078575  41.53674503  36.34755435  40.50205124
  43.14462175  44.89617543  40.32013078  44.7231175   45.84501577
  45.4107399   46.54108138  48.73422297  44.86495859  35.43938381
  36.74151506  46.58380249  39.8048607   42.50652653  40.07518964
  39.77754856  39.29038385  38.00173456  50.55960166  36.76200274
  46.3289333   37.87339358  43.1256479   35.02551088  46.86441735
  43.05389546  38.70509062  40.12160063  44.17916721  36.20120049
  39.39405424  39.62468914  43.90232799  43.14462175  44.89617543]","[ 47.10740718  51.72625509  48.85723053  51.56407558  48.12278214
  46.43605673  37.57815789  46.89416045  56.58666775  56.79865354
  51.58874936  44.46123627  56.22084798  36.29561321  54.63743839
  51.32948976  54.00779784  49.03288521  45.31589527  52.0934045
  35.57676027  47.77789413  46.13347239  44.88253161  52.94873498
  50.38568174  45.71044943  33.00075255  47.2665123   48.96320037
  47.51765953  44.14537497  48.51328282  48.25771529  55.31986166
  40.64866839  45.33738769  43.27437329  44.67286881  47.90096794
  47.45025255  49.15876778  45.84270675  46.81414129  50.64563151
  45.42800007  55.27944643  50.84668748  38.95533245  43.45696424
  55.99605734  43.17097181  37.28326397  50.77786672  46.37003036
  52.05600025  47.41852683  40.57521979  48.7213635   40.79669001
  48.77670191  50.96930447  50.74479296  46.42338371  46.93233394
  44.46123627  56.22084798  36.29561321  54.63743839  51.32948976
  54.00779784  49.03288521  45.31589527  52.0934045   35.57676027
  47.77789413  43.69040104  51.59635283  49.43095988  53.33346013
  49.74606563  47.5871985   49.31183143  52.1555823   40.57917221
  54.51549548  45.00932588  49.87644525  41.85095441  47.44828784
  45.16019228  40.81556555  50.39898311  41.75122316  51.4849506
  50.70595333  52.16621425  58.57397733  50.9733429   41.75708041]"
"[ 35.37893044  24.81891455  34.23109814  41.13460367  35.81652941
  28.27532242  37.11780875  31.18143683  32.78285338  30.97211531
  28.91679553  37.65488218  36.68213648  33.54367649  29.4180898
  37.83354345  32.85102667  31.73272003  32.35624892  27.88726618
  33.794482    32.9951782   36.75426343  36.17824844  31.30352903
  34.6736179   32.63151333  30.85507105  34.02209387  35.21136177
  25.55858441  21.39788002  38.56569887  34.66539231  37.75294862
  31.35638192  41.00879608  35.22240388  40.09767504  37.32644617
  31.97488971  33.44084977  30.88713296  31.6726057   32.35624892
  27.88726618  33.794482    32.9951782   26.88033076  32.76877558
  34.22169058  36.75426343  36.17824844  31.30352903  34.6736179
  35.21136177  25.55858441  21.39788002  38.56569887  27.59062665
  35.37893044  24.81891455  34.23109814  41.13460367  35.81652941
  28.27532242  33.794482    32.9951782   26.88033076  32.76877558
  34.22169058  36.75426343  36.17824844  31.30352903  34.6736179
  32.63151333  30.85507105  33.2423436   32.27689583  35.55196614
  34.52448853  26.98299007  35.68004818  33.91298393  35.38829454
  33.1429095   32.73898509  31.55451328  36.65774939  30.20304373
  40.85420003  31.90072114  37.15089262  37.0931183   36.47625278
  37.97184605  32.27713916  34.32585762  25.55858441  21.39788002]","[ 24.59515567  25.75830604  28.95546167  23.51591614  18.09310899
  17.53512975  21.73273712  18.9342638   20.84262282  23.60335765
  29.6262537   21.84999813  23.34074712  25.9315203   29.40483382
  25.80298898  18.64616455  24.13528178  23.9222915   20.39214994
  20.1136582   13.80069632  28.00868746  27.11372388  21.92659308
  28.43498776  27.20350847  19.63020873  25.6620219   24.39665108
  24.27858463  20.90844033  22.98085916  21.21141985  20.38837656
  22.68887518  19.92224585  23.62374851  16.91564848  25.32284514
  24.00841985  21.421814    23.21829548  20.4979542   19.3366498
  21.49311832  18.29883132  19.04069761  20.12109677  23.72368507
  26.38333136  17.83182436  29.52719323  23.06186792  28.94308446
  20.12109677  23.72368507  26.38333136  17.83182436  29.52719323
  23.06186792  28.94308446  22.98085916  21.21141985  20.38837656
  22.68887518  19.92224585  21.00826836  28.00868746  27.11372388
  21.92659308  28.43498776  27.20350847  19.63020873  25.6620219
  24.39665108  24.27858463  20.90844033  25.6620219   24.39665108
  24.27858463  20.90844033  21.69686201  21.82105095  19.3366498
  21.49311832  18.29883132  19.04069761  20.12109677  21.421814
  23.21829548  20.4979542   19.05694906  21.82504636  23.6148661
  23.07809056  25.86037634  20.35062406  17.22582054  25.26602429]","[ 59.07717569  57.49967055  55.48423142  57.63105618  57.19326803
  52.35069552  58.45102845  52.89355803  50.4351822   56.34555384
  55.46117411  54.95953962  55.85034388  56.59056012  59.94717895
  59.22541599  54.19656982  61.51824244  55.35570476  54.69387339
  56.25524895  55.95089935  55.98632734  51.1368636   56.37860857
  57.47634575  54.31494478  54.5467879   55.86106394  56.8777825
  52.75327128  53.93770793  56.95985134  54.01999786  53.21069381
  54.75801823  57.59495109  58.60492251  49.2734907   58.58016447
  57.3334093   58.94733065  59.07717569  57.49967055  54.7784033
  58.50143927  55.76367287  58.51473565  57.11691454  50.79490408
  54.38446755  55.43235042  58.50789224  57.57066332  56.61481272
  57.39972992  57.15077228  53.07914877  50.98634923  60.48595496
  53.67007062  57.59568207  54.76502474  53.87083274  50.93858112
  54.2559081   53.90310224  50.14888522  55.45540088  45.66934328
  59.5331968   46.37389751  58.4819849   57.22425279  55.85086845
  57.734834    55.98567642  55.46287376  57.51146664  54.7784033
  58.50143927  55.76367287  58.51473565  57.11691454  50.79490408
  54.38446755  55.43235042  58.50789224  56.19031917  56.43799864
  59.92608475  59.17119336  53.76885194  59.02289602  61.04218074
  55.01713357  58.33954995  55.6651388   58.43529713  59.94717895]","[ 68.70305372  60.9264706   65.20352293  68.14405458  66.32197167
  64.73448926  66.79110104  68.13666893  62.96809952  61.30101302
  66.32197167  64.73448926  66.79110104  68.13666893  62.96809952
  61.30101302  66.8495771   63.84841045  63.16652302  65.131218    68.5887322
  64.51962513  70.66407594  69.61713543  62.50749673  68.23578289
  62.13119185  69.09163424  73.94065834  69.03729367  74.51553572
  74.38470377  64.6661204   68.63747976  68.65271794  69.63064433
  73.68235965  63.39154964  64.58530751  66.87937628  69.04675159
  69.10520593  66.76774773  63.84841045  63.16652302  65.131218    68.5887322
  62.51454821  64.92139531  67.32874528  62.3905736   59.39782415
  68.32282258  68.17586395  69.19395054  66.36329255  64.6661204
  68.63747976  68.65271794  69.63064433  73.68235965  63.39154964
  64.58530751  66.87937628  69.04675159  68.54644765  53.00813599
  68.70305372  60.9264706   65.20352293  68.14405458  66.32197167
  64.73448926  66.79110104  68.13666893  62.96809952  70.66407594
  69.61713543  62.50749673  68.23578289  62.13119185  69.09163424
  73.94065834  69.03729367  74.51553572  74.38470377  72.99020612
  68.44250674  65.1716918   72.37432329  63.42158056  63.19924915
  63.37488545  66.09735209  58.22395643  68.42452273  63.89645825
  66.00900267  67.68470065  70.42510139]","[ 54.73330531  40.00660794  45.17278031  48.52196947  45.33206717
  42.26804328  41.49460722  50.02963051  37.62085277  36.63483139
  50.84642918  46.28972049  49.96910609  42.29452016  40.97986161
  48.18001778  46.77792972  48.06252289  46.19144063  42.90440332
  51.16837942  35.79533337  52.73892199  42.85763707  55.97775274
  42.45968942  48.15186023  47.91108443  49.84021158  41.05517545
  47.10404031  46.07858582  43.14913081  48.02499687  38.59514812
  40.17298783  54.47519166  43.48828181  47.48321966  49.16661453
  42.75152512  52.91911275  42.25526615  49.30536369  45.64319345
  47.44272631  49.70608107  36.96145296  43.20741327  44.09130606
  43.38871793  46.6196963   48.97297488  44.91669142  41.36355201
  46.26954217  48.02499687  38.59514812  40.17298783  54.47519166
  43.48828181  47.48321966  49.16661453  42.75152512  52.91911275
  49.09097286  46.99118098  56.86126741  41.78613131  46.06787199
  38.03062058  52.74128181  53.62109287  41.08006921  43.78675541
  36.15176587  41.21551246  45.17765039  40.28194396  44.52854618
  48.57823883  49.30536369  45.64319345  47.44272631  49.70608107
  36.96145296  43.20741327  40.78884313  41.94184296  48.72377516
  46.8178453   40.37297667  48.50689171  46.95162964  47.78019956
  52.66183868  41.36355201  46.26954217  43.06573862  48.59245049]","[ 69.78373466  70.09914545  70.46407409  69.36062896  56.60076457
  68.33951929  62.93626751  69.09027712  72.76542466  64.98790197
  67.40909528  67.11072367  68.72389153  66.11782385  65.54050582
  60.46804637  67.56152381  69.0690297   64.89736468  68.07782642
  55.67816523  65.17452392  65.17452392  68.63746655  62.15714787
  61.71035078  63.74376802  57.01274766  69.64565563  64.81873664
  57.79729806  66.7165282   70.68981735  63.27077621  69.15789396
  60.51284806  61.27460088  67.20475308  67.41927148  67.94704376
  66.40774785  64.87390085  64.15693031  56.30583639  70.05183021
  74.10695099  64.78069317  68.47207761  69.67063481  62.72127384
  64.80233922  63.93332033  66.85022953  70.399994    64.87061903
  69.14146372  57.01274766  69.64565563  64.81873664  57.79729806
  66.7165282   70.68981735  63.27077621  70.89070565  65.30131455
  59.64175671  69.36549223  63.27077621  70.89070565  65.30131455
  59.64175671  69.36549223  66.00609434  68.06505757  64.47262294
  68.76587518  70.00367882  68.60822893  66.7165282   70.68981735
  63.27077621  70.89070565  65.30131455  59.64175671  69.36549223
  66.00609434  68.06505757  64.47262294  63.76713573  68.03342137
  67.10297889  66.47914464  70.11610564  64.75608045  62.96796232
  66.46710709  68.65887589  61.28625238  64.59433305  63.52622858]","[ 42.35237061  33.40458548  45.49813544  39.98902031  45.571127
  45.64018277  33.05161028  47.38639212  43.10555919  42.36273609
  46.27666953  48.58481502  39.94693422  44.63756606  39.91214753
  44.43303241  48.56443956  49.5696929   50.47131294  50.82189397
  42.12549746  47.07663784  48.93978211  52.94586467  42.85529097
  42.84825286  49.01550642  44.55598596  36.43583796  46.92491331
  42.66941811  47.42729664  45.62495263  44.04400269  39.26126242
  43.65612275  44.45401389  43.94905639  43.43025347  47.84503889
  33.39418461  41.11896172  42.83597308  40.70004004  46.138684
  41.40198209  35.27952447  47.01015371  45.38791151  38.57846544
  46.08163368  41.43736108  46.15237703  45.13827834  49.45658228
  53.42300915  49.60804515  43.0687772   50.75385027  47.65449263
  36.99456298  50.23991922  35.64103885  50.52460129  48.6673715
  41.06713268  46.20337476  45.59321418  46.96604992  36.74973672
  41.1977249   44.12534979  39.13654654  47.35511097  44.42484541
  43.3777193   41.43736108  46.15237703  45.13827834  54.45686343
  42.11051146  37.80082016  46.60752308  45.62495263  44.04400269
  39.26126242  43.65612275  41.70752108  42.68918398  42.23533456
  41.5789695   50.27680977  50.26405226  49.77427909  38.0998624
  46.32130871  38.06125806  47.23275192  46.20337476  45.59321418]","[ 60.4361591   60.66209204  58.72532127  65.91553709  55.14829752
  60.41471381  62.85962556  64.59687201  61.6530918   64.48108878
  62.7657405   58.77244002  64.16318574  61.07211422  63.15883625
  66.08788518  65.08881126  69.04580181  58.58853285  62.24628996
  68.68743782  59.70441645  55.70065604  62.29987579  68.09842561
  64.44346534  59.21884517  65.50166474  54.28765542  54.08791352
  65.56646379  61.88527786  64.28854957  59.2966626   63.24709936
  60.10293398  60.25452457  63.39835625  65.95745186  67.91546159
  58.77244002  64.16318574  61.07211422  60.75038034  60.97961707
  60.78576468  52.31519629  63.81003886  61.55130983  70.55964216
  56.75790142  59.38280786  59.2966626   63.24709936  56.9670484
  60.11602904  63.98812506  62.48966669  60.4361591   60.66209204
  58.72532127  65.91553709  55.14829752  60.41471381  62.85962556
  66.17903596  60.99792895  54.22762293  73.52377985  68.56604757
  62.80715167  60.79629438  57.75673761  59.03716896  60.44701907
  63.51699172  63.23616927  62.34310704  57.81458821  69.19842855
  59.26276998  60.73655046  62.99653859  63.46948381  62.28379814
  57.01194422  62.81317911  59.32178035  60.64303755  68.24685553
  68.70493724  67.40754675  57.65029518  58.49772827  59.703155
  63.11057255  60.56435675  62.75531773  53.88191769  56.70444329]","[ 43.04693131  44.28205004  39.32184083  44.83573177  39.05261984
  42.00626668  38.63282676  45.08055497  41.02493236  50.75973151
  45.78154732  44.34203535  41.23511905  37.90347676  42.35328373
  42.98325167  40.03343013  39.45205113  43.93812062  33.42056443
  45.59699115  44.01054067  43.30757968  46.2960604   40.48301002
  42.54281465  36.04825871  45.32415847  44.46972574  42.79376209
  34.68999679  47.3671053   46.40701347  46.88990236  39.53554623
  46.67527592  46.62787872  40.8840933   40.51698847  43.20366615
  44.65246743  39.37069095  43.90803471  43.38222843  46.95837789
  50.02506152  47.25917318  45.07234637  34.72448884  46.15698058
  52.28033708  38.52941087  41.75468064  43.26737499  41.90314144
  37.66611689  34.96215542  44.92288029  48.71545697  43.91675225
  49.17354697  44.65368462  38.31480445  44.37753053  47.00387146
  44.98518942  44.34203535  41.23511905  37.90347676  42.35328373
  42.98325167  40.03343013  39.45205113  43.93812062  33.42056443
  45.59699115  43.24220488  44.78799798  40.4735074   41.83588874
  37.54618603  44.96862638  36.3928951   45.64435883  41.24032448
  40.9119333   40.37136293  41.22880565  50.06063223  45.06095555
  38.69538514  36.86831635  42.65741976  38.24929016  42.49879454
  45.60386376  42.2976607   39.54206631  46.88990236  39.53554623]","[ 47.74626575  47.92107276  42.81558518  56.56037354  48.41166944
  35.2257639   43.82110909  53.31304744  53.82140362  47.49463228
  49.99606557  49.72210332  51.11638396  47.55785089  47.35605913
  49.89669194  50.76325727  39.39910181  50.56956613  43.09543627
  49.25054448  41.04473989  39.71215737  46.34726605  43.27094587
  44.90176779  55.57687907  54.22331247  48.18277004  47.17185916
  47.56679839  54.30324821  49.86148928  43.47314209  51.02946081
  50.80877696  39.62086647  43.83438004  45.75084201  44.3916893
  41.89337571  34.17876002  42.86563551  48.50524246  44.17106992
  41.103223    45.30907757  55.06111015  56.80435091  50.6360358
  49.26299693  38.4715076   42.52464305  48.13052147  42.90570632
  44.17106992  41.103223    45.30907757  55.06111015  56.80435091
  50.6360358   49.26299693  38.4715076   42.52464305  48.13052147
  42.90570632  49.95472069  51.70920823  50.74839608  56.16444945
  48.52412099  50.64468065  49.56384123  51.75231378  46.53924069
  49.01421425  48.14208797  50.5101806   45.3647857   46.20514463
  49.70246948  43.21535221  48.023656    49.43949093  41.80473771
  54.46607076  45.15349091  49.20637497  52.37926425  50.03534831
  44.95727207  51.74234943  44.14150332  48.07666299  39.55646209
  47.70298541  49.01446471  45.3924277   51.43187717  53.2821604 ]"
"[ 35.87698976  41.06657576  32.96031951  35.08678047  34.67836088
  21.46706232  36.06523754  34.69780654  28.58052982  29.09917074
  31.77051547  24.32485381  37.86993106  37.82660418  35.30433348
  32.14493558  30.53705426  19.30271382  30.03267296  38.71511529
  17.69559257  30.62886971  26.96226199  30.74180228  38.68078174
  34.61725082  35.87698976  41.06657576  32.96031951  35.08678047
  34.67836088  21.46706232  36.06523754  29.06187075  36.016405
  17.59217493  20.42379282  34.24969001  31.70153688  32.67627724
  21.23307909  39.62404459  33.65794249  32.79935424  29.69590688
  32.98378051  40.65170146  32.38743183  33.09834445  27.19168539
  34.33259271  29.06187075  36.016405    17.59217493  20.42379282
  17.59217493  20.42379282  34.24969001  31.70153688  32.67627724
  21.23307909  39.62404459  33.65794249  32.79935424  29.45820053
  36.17870026  21.23307909  39.62404459  33.65794249  32.79935424
  29.45820053  36.17870026  28.11561247  34.22771364  26.96226199
  30.74180228  38.68078174  34.61725082  30.30318413  37.03200664
  38.79100491  35.49286761  34.49776791  35.48717399  32.55815131
  32.52656045  28.59142543  40.2157926   34.22771364  26.96226199
  30.74180228  38.68078174  34.61725082  35.87698976  41.06657576
  32.96031951  35.08678047  34.67836088  21.46706232  34.36878849]","[ 20.69944812  21.31841171  14.77567629  17.75339729  25.98265086
  26.69610423  23.69164438  18.48630303  18.43602742  28.06133656
  23.22231401  25.67206778  22.23854017  13.5826098   25.93229259
  24.58444223  20.46173205  27.66175742  25.20497743  24.70656986
  22.07537569  19.32290613  17.37973774  22.93750577  28.14084124
  24.30870414  16.18240373  24.25543575  20.72278426  25.80327332
  20.57311809  24.3102606   20.69944812  18.43602742  28.06133656
  23.22231401  17.98496554  22.54916705  25.10768727  22.30455642
  25.67206778  22.23854017  13.5826098   25.93229259  22.218656
  25.06057896  25.34483986  17.53725288  30.35858589  22.42601783
  27.58848474  17.37973774  22.93750577  28.14084124  24.30870414
  24.25543575  20.72278426  25.80327332  20.57311809  24.3102606
  20.69944812  21.31841171  14.77567629  17.75339729  25.98265086
  26.69610423  22.218656    25.06057896  25.34483986  17.53725288
  30.35858589  22.42601783  27.58848474  17.37973774  22.93750577
  28.14084124  24.30870414  22.62274401  28.55469608  23.92734585
  28.63098794  21.6339039   28.22809491  28.63004476  25.66018763
  22.52047107  24.55122898  22.49855784  26.37830855  23.94958502
  21.62998018  23.01407622  23.25476012  26.47318948  20.35216347
  25.73501943  21.67656231  20.80473198  20.88847704  23.60294764]","[ 59.08237234  53.76497297  52.05356057  56.74965876  52.06242042
  54.33172156  57.7962522   58.9485372   47.94682026  53.66153546
  54.51717857  55.2181752   56.72269437  54.86907046  55.46420238
  59.30866249  56.25287778  56.3033413   56.84349585  55.67063572
  56.74434481  57.26643625  54.18682581  52.68351795  53.83564683
  54.11002175  56.0799814   57.70204962  49.97504031  57.60379602
  54.65398451  59.12492417  57.9374147   53.74907451  54.86148078
  50.78001349  50.67649219  57.77122046  55.32481796  58.55812506
  51.97701974  52.98857612  56.42021766  55.65927582  57.22155601
  55.18980629  53.29624679  56.14710722  54.73658931  58.27084978
  58.38608746  51.86447932  52.99007866  57.64377637  54.75767797
  56.42021766  55.65927582  52.12773627  59.48926769  57.73165742
  52.26797373  56.44127707  56.05556502  56.47823715  57.79339818
  57.08542285  51.26062603  61.93811071  54.98309519  53.71192114
  54.69914486  54.89287867  51.33000453  51.29865578  54.62478156
  57.20939796  57.07622664  56.52165612  53.86268301  59.77842168
  54.00613683  57.81134247  55.97993809  48.08947125  53.3956213
  55.92490883  56.73787288  53.29624679  56.14710722  54.73658931
  58.27084978  58.38608746  51.86447932  52.99007866  57.64377637
  54.75767797  58.91662051  56.98919764  50.5271864   53.3817385 ]","[ 63.36744722  70.87927275  67.18098592  65.50946206  63.27415173
  63.3611799   69.18673243  67.72676923  63.0560734   65.54265304
  63.03226482  71.06345868  64.01989464  61.26316132  67.5014684
  63.77610292  57.80277189  58.83753739  67.26815053  66.47814387
  69.86460141  68.11722744  69.25816403  64.20014511  70.59558462
  69.20867122  65.98007153  69.28830832  69.13496732  60.62666659
  69.67296498  61.77646516  57.93708482  70.87927275  67.18098592
  65.50946206  63.27415173  63.3611799   69.18673243  67.72676923
  63.0560734   65.54265304  63.03226482  63.7486871   66.20083604
  66.47243798  72.48247365  63.74827819  69.68041378  64.44657143
  58.11614127  65.44528756  66.24521337  65.69421023  68.84499028
  64.38966007  71.0243672   58.67851773  67.03080155  63.14841126
  66.20890287  64.90756518  68.46403755  65.73915781  63.71076327
  65.62933532  64.43094646  68.43813056  61.12873365  69.30438546
  65.78639951  66.76506218  59.54984849  66.20083604  66.47243798
  72.48247365  67.41257109  65.43555472  65.27603359  70.73285622
  68.60425584  68.96094372  64.43094646  68.43813056  61.12873365
  69.30438546  65.78639951  61.26316132  67.5014684   63.77610292
  57.80277189  58.83753739  67.26815053  66.47814387  69.86460141
  68.11722744  61.73945594  69.53331602  65.43555472  65.27603359]","[ 51.31488486  40.85149395  49.16710059  47.8128491   40.1664673
  42.03886217  45.25596152  44.55724908  49.16556033  44.20924887
  43.43021833  40.64311963  47.66503161  42.804537    45.82709347
  46.35066583  51.42276714  52.75606117  40.74039258  36.60951652
  43.03136096  42.10901323  43.00070301  45.65695792  52.24435539
  45.17894996  42.9746137   47.81222085  45.39219965  46.74699581
  46.27077107  38.58036002  43.98900897  39.45235644  51.16559598
  46.89413752  40.64311963  47.66503161  42.804537    45.82709347
  46.35066583  51.42276714  52.75606117  40.74039258  36.60951652
  41.81768499  41.57057002  40.49765173  44.82503943  48.11479897
  41.26739472  46.15801946  45.68109887  41.23746099  46.6881055
  53.06592363  42.98874205  43.76211866  52.84666533  48.91138524
  47.78748019  45.50456958  46.76425769  48.51483008  50.52580278
  37.24978792  51.25719672  47.2238888   44.6003327   49.40006101
  44.96328725  47.8119343   49.13390226  43.63321687  42.84401131
  48.0380247   45.04752713  45.25596152  44.55724908  49.16556033
  44.20924887  43.43021833  50.91020699  51.28868001  56.47236122
  44.79788488  43.41867988  43.00070301  37.23949919  47.84441452
  44.20185241  42.16727274  44.25903176  45.28578782  46.02186236
  40.49087396  43.49750101  46.24684701  42.18539109  44.62926751]","[ 63.34771924  66.46354122  66.41967608  64.44501158  69.84500945
  69.10798418  65.11260345  72.92663606  73.91498338  67.31490225
  71.75637506  62.75583053  61.7289056   65.85781012  68.60739747
  63.34771924  66.46354122  66.41967608  64.44501158  69.84500945
  69.10798418  64.44501158  69.84500945  69.10798418  65.11260345
  72.92663606  73.91498338  67.31490225  71.75637506  68.14958854
  68.49339414  65.01682325  63.81715362  64.13995845  61.44090179
  69.167612    63.10150138  68.55353677  68.37600819  66.55064143
  64.59310112  57.87802416  73.10887426  63.55321187  70.48667999
  68.9558174   64.38353167  72.94041949  62.87647691  68.52902274
  73.56339434  68.762112    69.91196293  70.78682721  67.53482375
  64.7211523   66.60454402  72.71497362  72.43381091  61.21564293
  71.28237879  61.27490883  65.56310404  67.87809733  66.21605448
  65.74868469  49.76486957  69.70446407  64.93502989  63.02918718
  71.49012605  64.1645225   66.43779951  57.14357517  67.46924945
  68.10051308  65.11260345  72.92663606  73.91498338  67.31490225
  71.75637506  68.14958854  68.49339414  65.01682325  63.81715362
  67.99874436  67.56423807  66.97457185  68.44704375  68.46709125
  70.76022881  69.56613667  64.70021091  61.95921598  76.27314356
  67.70922846  65.38662788  61.62047841  69.25726997  69.76604999]","[ 43.48329259  47.09721023  44.5940598   45.1754121   36.55651887
  45.60363914  41.27465428  43.38688202  37.11273704  43.72106974
  45.26685565  44.33126679  45.3286064   46.49701139  44.22936177
  37.1453139   48.97709363  42.12924766  44.80709849  43.67817411
  45.36366485  46.6857833   46.91132002  48.30901531  43.60421057
  46.25731196  39.6835024   42.47281266  48.61455803  42.91405497
  42.42306054  47.58914126  38.26340665  39.0874138   47.77922651
  40.17296918  37.39010243  39.99471259  43.31792633  42.48219416
  44.22679757  44.6674254   44.33734497  44.07846142  47.1563335
  46.15839355  46.34583409  42.23298031  48.6546524   40.12132981
  39.06659282  41.26044858  47.76351151  43.67817411  45.36366485
  38.41470142  42.63004567  44.13842952  39.09649182  44.10340818
  39.10624098  45.61294126  38.14974944  43.34956452  38.26340665
  39.0874138   47.77922651  40.17296918  37.39010243  39.99471259
  43.31792633  42.48219416  44.22679757  44.6674254   42.00338987
  45.37833182  42.3589896   34.45792369  31.91873383  54.34206287
  38.82680838  39.92496226  42.85346636  44.61686053  46.59997505
  38.07815995  31.3185166   50.21599629  40.08783783  37.50145699
  44.67381035  40.28246303  41.78685345  41.74129335  49.7358638
  49.18630799  49.3416551   41.31571636  39.10624098  45.61294126]","[ 64.16733651  62.97154949  51.98379464  63.36515952  56.57901404
  65.9463182   57.37315226  63.12473899  69.66155864  64.99235619
  60.3493434   62.16858251  59.56881872  57.39422189  56.20407105
  65.95495192  67.02457647  61.81144752  63.5918132   64.78855721
  62.62820998  61.63774159  61.76197089  61.18230791  60.31408401
  68.60353425  65.51958485  63.3277912   53.23933953  60.60243694
  57.37505368  65.43059025  59.81971931  59.15291581  57.19876342
  58.2013967   60.11332031  55.48507358  61.33033695  58.54157976
  65.30788113  65.15842181  66.48371069  58.90586508  58.12305036
  60.81086535  64.37429034  59.88010407  62.97497115  61.74626554
  66.99447356  56.18030359  49.03451611  61.40231626  65.02483506
  59.99816533  63.35826684  64.29645016  63.95931212  64.20652486
  62.1767071   55.96612417  62.24175348  61.24986108  59.36513051
  66.66964309  55.48507358  61.33033695  58.54157976  65.30788113
  65.15842181  66.48371069  58.90586508  62.35374024  56.97646396
  55.52745798  59.40709316  59.74626236  61.76001612  67.42516559
  59.57877937  63.04971993  63.90666437  61.84839705  60.22245221
  54.88526185  64.81785024  59.63397806  64.20335354  62.87330946
  63.90576962  60.460929    55.4330894   60.74280338  61.08771087
  59.82754727  58.92489161  58.49947889  59.63397806  62.44445266]","[ 40.77058944  44.80763235  38.01557306  35.25831202  38.82167994
  38.87324283  35.91995248  39.78740438  39.18333974  40.74641819
  38.7430258   37.96694175  36.70756533  35.61337399  40.85425223
  36.69524855  44.80975632  40.52332761  38.54546549  37.06543445
  40.85212558  42.50137329  40.77058944  44.80763235  38.01557306
  35.25831202  38.82167994  38.87324283  35.91995248  39.78740438
  39.18333974  40.74641819  38.7430258   39.59064003  44.67423422
  37.11914088  45.22783048  42.1097367   32.95793077  42.02134165
  35.88697334  48.01881029  36.83090328  37.60939833  37.09541708
  41.37525988  42.50301701  36.4037354   36.91521523  42.21798133
  39.74222155  33.60515326  39.80408047  39.94588593  38.98119044
  35.42360504  42.24106738  42.41271447  37.86308682  42.93296757
  33.28354082  43.03232966  40.40072515  43.46342568  39.8201278
  42.38094003  47.15056685  39.46585324  40.50345254  42.88232049
  40.9313449   42.20531438  35.71850448  43.64719163  40.24938805
  37.8465244   46.09002756  45.80463108  43.90254512  43.20121166
  44.94083511  32.38038597  36.67958752  41.8511035   34.4341326
  41.34427431  37.96694175  36.70756533  40.85425223  36.69524855
  44.80975632  40.52332761  38.54546549  37.06543445  40.85212558
  42.50137329  36.02873211  41.38446097  38.40868624  53.3883287 ]","[ 52.8005198   41.22561476  46.64980678  49.89695877  41.10151112
  45.71852938  45.82388325  45.61037255  41.39675884  49.37261237
  50.88457898  52.58870977  52.95071397  51.24889422  48.18857046
  44.1656649   50.37343727  46.72736001  47.69204145  43.83857356
  53.32246586  53.1773241   49.5668357   47.3334934   59.11798897
  59.78961121  47.52740038  54.39614093  55.69405677  57.84429615
  43.99084299  46.53027385  50.37997148  48.42133987  45.79738953
  56.78284732  44.00417633  52.03219777  45.28842441  44.44105863
  50.30919406  51.49126547  49.53964834  51.54225559  51.65730343
  50.37997148  48.42133987  45.79738953  56.78284732  44.00417633
  52.03219777  45.28842441  44.44105863  50.30919406  51.73451513
  40.94023245  48.48202679  52.74373738  48.29135227  52.94153422
  55.59917187  40.60987468  40.24032365  54.8253325   50.92692327
  54.08942171  46.29845565  54.88117363  46.05794312  43.85254549
  44.64829942  50.92841964  49.1523213   53.208778    44.2000365
  44.95004727  55.70710728  54.03625859  51.7072546   52.82580853
  49.18345209  48.62666019  40.71821388  46.92390121  51.64372613
  42.54501984  52.81947955  46.82372279  55.37415411  56.87664798
  51.11940497  51.11718948  36.30471661  47.43886455  51.46746145
  44.83418201  48.67696436  52.72098646  49.97420643  55.66393779]"
"[ 27.75269462  32.79762934  35.54609809  32.6534104   33.60182759
  29.18876394  41.64316977  42.21022357  27.27966146  34.49096261
  41.76356478  41.64316977  42.21022357  27.27966146  34.49096261
  41.76356478  21.40401746  26.87722674  41.17785857  34.01714358
  19.92461053  28.87031752  31.93091483  24.94850947  32.37552111
  33.64528536  39.83783087  37.68723749  33.06616375  28.92021248
  21.99362613  27.75269462  32.79762934  35.54609809  26.87722674
  41.17785857  34.01714358  19.92461053  28.87031752  36.74110237
  43.02309851  28.89947271  35.2495555   37.88940957  33.34776625
  36.74110237  43.02309851  28.89947271  35.2495555   37.88940957
  33.34776625  23.87937121  35.35811159  29.69678561  40.86300604
  40.47782046  33.28745352  40.02744203  26.42353842  34.60384859
  33.62319679  36.40574229  28.72160425  28.02224645  37.41370197
  36.45156574  30.84545169  22.9137623   36.66136939  43.77054445
  39.80565662  39.28829968  20.66477629  31.55413804  27.68497816
  36.79336622  24.80219527  41.17785857  34.01714358  19.92461053
  28.87031752  36.74110237  43.02309851  28.89947271  35.2495555
  37.88940957  33.34776625  23.87937121  35.05066242  39.81678109
  28.54985961  27.82983546  29.50150865  39.32992127  32.46100686
  36.99441031  30.79395263  28.5505327   34.52080976  28.92021248]","[ 26.53816016  30.20562946  25.62289617  26.35112754  24.34671778
  19.13896008  29.35582028  24.77700251  22.2308223   30.20457962
  26.74958566  30.20457962  26.74958566  26.77385062  21.6106167
  24.63173687  25.61192602  23.3384971   25.891851    23.17459345
  29.05064118  19.47275949  23.66766586  26.89976111  21.52246115
  21.96594172  25.98416366  20.67293073  19.97875805  23.05989617
  28.98347939  27.94496015  33.76553796  23.66766586  26.89976111
  21.52246115  21.96594172  25.98416366  20.67293073  19.97875805
  23.05989617  28.98347939  27.94496015  33.76553796  21.5893824
  23.35467029  24.78901344  25.0215411   24.61663557  24.19904538
  24.74427649  29.06802185  22.41551754  29.46671766  23.95654009
  25.891851    23.17459345  29.05064118  19.47275949  25.14576757
  27.25663559  27.63261708  25.33547143  24.32543916  27.49163675
  28.41364203  21.95882932  24.71358799  27.25741377  23.52223475
  27.56727481  27.7985907   21.19557982  23.17607008  22.92789258
  19.90223095  25.75581334  26.72373387  30.1653708   28.28815604
  23.89986227  26.53816016  30.20562946  25.62289617  26.35112754
  24.34671778  19.13896008  29.35582028  22.59950587  24.48259427
  25.57144937  28.20673143  21.37145516  26.89880183  20.84840472
  23.86542833  23.55525212  28.47313431  14.37249795  23.05989617]","[ 55.0888536   51.8581871   46.89192869  58.73481009  52.25904248
  56.45972899  54.11244779  53.01302037  54.99360386  50.65880683
  56.91180741  56.051319    53.02853469  56.30687914  60.12799463
  60.50581655  56.94685575  56.14095015  57.37251862  52.18934611
  52.45156583  57.32536215  57.83183647  55.23053526  60.83424701
  57.20210244  58.11595357  55.46016131  53.21335545  45.54649258
  53.53482423  57.24614449  56.24798828  52.44636725  56.31273161
  54.39131165  56.21276011  55.20308346  55.14251924  48.08197951
  50.97618915  50.12631697  55.81625645  58.04113141  60.83424701
  57.20210244  58.11595357  55.46016131  53.21335545  45.54649258
  53.53482423  57.24614449  56.24798828  47.85287075  54.50266926
  55.19146525  52.22145396  59.26579327  56.051319    53.02853469
  56.30687914  60.12799463  60.50581655  56.94685575  56.14095015
  57.37251862  51.24423056  59.12342775  50.76224345  59.91855312
  54.47525302  61.04120793  58.09215714  58.25457262  56.31444295
  56.26767108  53.5587388   56.50370075  51.85986551  57.46587612
  55.8077949   59.0731948   58.84137406  53.00336194  53.01968657
  55.68099064  56.3024493   55.35230806  55.04136842  53.30841249
  58.1266959   54.14223723  56.20279747  59.71530324  49.67463232
  56.82932888  52.69187945  52.14413711  50.65880683  56.91180741]","[ 55.68954026  61.61360674  73.79674087  60.44850969  57.62282856
  61.02460942  62.1651901   66.48577638  63.3432719   63.08576255
  64.54615841  59.32963834  65.09634047  62.91934848  66.26720248
  69.67593429  64.32943532  65.9067626   65.15995269  68.78173817
  70.28601837  70.41514689  61.30099918  63.0492549   57.91444463
  66.83688927  59.46108645  71.75860027  67.32310979  65.97507441
  61.90663167  65.57817004  70.2616167   65.71657981  67.07281864
  66.95985965  67.9951733   63.89216219  66.59372076  55.17499747
  71.69362553  56.28714567  64.25958569  65.32348309  65.78663438
  62.21547008  70.17230094  65.07073073  72.18170551  68.86570138
  64.32985334  68.76734811  59.01168312  59.52379474  65.45409315
  72.30459899  61.97849201  63.22111818  64.54615841  59.32963834
  65.09634047  62.91934848  66.26720248  69.67593429  64.32943532
  65.15995269  68.78173817  70.28601837  71.93045356  66.26939474
  67.92970478  66.17086371  62.04407249  52.55384723  68.68579905
  70.34101503  63.48392158  70.2616167   65.71657981  67.07281864
  66.95985965  67.9951733   63.89216219  66.59372076  55.17499747
  71.69362553  56.28714567  66.43431585  58.06561057  70.41514689
  61.30099918  63.0492549   57.91444463  66.83688927  59.46108645
  71.75860027  67.32310979  65.97507441  68.01861019  65.45409315]","[ 31.27124351  46.24911137  46.98514719  43.3396938   44.16427831
  49.27641177  46.95304043  46.16119633  50.95303896  53.11787962
  47.47094331  52.20374953  36.60939539  45.13244696  50.59735526
  48.85081155  44.46062743  48.30834388  47.95881715  44.61911415
  43.73847278  54.89493174  55.37151675  51.14543272  40.9406796
  34.33338391  46.87153697  53.23222449  56.15826432  42.33527664
  49.44911995  43.16268027  53.23222449  56.15826432  42.33527664
  49.44911995  43.16268027  51.82928434  55.58210964  40.72138859
  47.9011142   41.91243984  46.0710436   45.23293647  49.48519768
  38.49640492  43.79708776  51.20917289  53.52517753  47.29031552
  49.07963146  44.95070269  46.10155828  44.39160542  48.2658045
  46.00842092  49.70367913  44.44517169  47.88548292  52.53718378
  41.44812789  44.39636068  46.44006987  51.92562977  50.45394241
  41.76527838  41.39825335  59.60344232  57.39150911  47.62075133
  51.05439898  48.62758054  45.57919686  46.0710436   45.23293647
  38.49640492  43.79708776  51.20917289  53.52517753  47.29031552
  49.07963146  44.95070269  46.10155828  45.33157855  55.37526683
  44.39160542  44.3188043   52.30789428  49.61404253  41.9115296
  54.62085724  45.40327221  43.5035503   47.38995672  50.61219432
  48.59744019  47.54241351  38.45004573  44.92867778  49.17365815]","[ 64.04061535  71.5550668   69.51052448  72.44979702  63.02891862
  69.92665777  60.46526191  64.36315707  68.1280015   67.58449628
  72.84212975  72.48803692  66.94717363  46.51244042  71.87131309
  66.08372163  64.9345469   62.25444281  63.11689597  63.73050808
  69.82636394  67.61642217  70.32701289  69.61198214  65.68897463
  65.6072428   66.53518966  66.10486905  68.74668712  71.90852787
  70.2517401   68.08144379  64.04061535  65.71014125  64.24038457
  70.66711096  63.86061332  67.55397989  64.91653997  69.26928125
  76.0625361   69.17762804  65.73147087  71.29953451  66.77147767
  72.15508855  71.40762775  70.99480281  67.05996018  49.14426444
  68.77078601  68.31655018  69.27706117  72.28294515  64.44321917
  68.2515851   58.949335    55.91395597  72.53128608  66.64414846
  67.49312324  76.40209366  74.78482149  70.90377966  63.71605976
  66.61609214  76.58080944  61.50730535  62.82812084  67.10940768
  73.13939862  71.24308996  61.61668719  65.18648633  61.41455623
  66.81552538  68.14649783  73.26405428  72.59030005  65.2140968
  69.43145525  74.02804272  60.23035271  68.1551495   56.43561082
  65.64517255  66.86840878  72.84212975  70.42851683  64.44321917
  68.2515851   58.949335    55.91395597  72.53128608  66.64414846
  67.49312324  76.40209366  74.78482149  69.92665777  60.46526191]","[ 41.1334676   43.78297738  39.55486189  35.75550616  39.35156427
  46.85074563  37.08984584  51.99502923  43.26660921  34.08774795
  33.33667927  46.43868691  45.85925971  41.12162066  44.13378764
  40.50545317  46.68359471  46.07548508  43.83477256  38.11213822
  41.1334676   43.78297738  44.82691898  41.36160566  44.4284149
  44.37455659  47.44173389  42.57678843  47.71411884  39.35470654
  46.24919282  41.29419023  44.44123319  39.68523081  32.26129219
  40.98513122  43.61441093  46.08107078  42.97412194  38.75693454
  44.09350325  43.62119624  43.53151564  44.50668055  43.26660921
  34.08774795  33.33667927  45.25064161  38.60254554  40.98121879
  40.62703702  45.44923319  44.60772088  43.85419009  40.34962986
  40.93527407  38.14924147  36.54119433  41.24362822  40.98858956
  45.7647243   49.63716824  41.52509127  34.71313107  45.41553424
  48.14332686  35.97647633  46.46279266  40.60924162  42.04167456
  40.91865708  38.36107801  48.68076031  42.70628301  45.48741106
  43.65593199  49.73795732  41.89885247  36.68729719  38.70001077
  43.780631    42.79618401  45.00509099  38.6900831   42.85003746
  38.75143524  43.2887014   38.88619984  46.87686061  39.61222302
  41.59920566  44.56260909  54.64857397  41.0296766   48.91578767
  42.87156399  46.03458212  42.08806544  39.44391217  43.17374169]","[ 58.72795178  60.20564083  59.05974115  61.33278022  63.26020422
  62.704359    57.60396226  56.23220066  65.16211544  60.96328225
  59.51086482  57.14969765  70.44961692  56.81033737  59.58526834
  59.05927116  63.35189736  59.55010767  65.23340647  59.96492791
  62.77873996  61.0861169   63.27132362  65.14150158  64.02840448
  57.08230884  64.34035415  57.40971771  62.30901857  60.93266925
  54.0652375   57.73364209  63.04716616  60.75595012  55.85680413
  57.29490053  58.25581643  61.2330053   63.27132362  65.14150158
  64.02840448  57.08230884  64.34035415  57.40971771  61.82974914
  60.51262606  57.87259433  59.16486945  66.24853497  60.45669174
  55.61934439  57.8614942   58.2249927   62.07017572  62.44324503
  63.53839511  58.26617109  54.4371968   55.23886488  54.37191219
  66.03384073  66.32532769  62.33528942  65.63439457  61.7684815
  60.72110767  59.59684046  58.11784497  61.14138926  57.98450094
  64.11269439  61.10957725  58.67260135  52.78928697  65.62884863
  59.93603132  61.5149322   63.95998936  61.23358254  65.17864789
  60.38680742  62.55343006  63.15082282  63.34115385  53.27038101
  56.65476795  61.1633709   54.05430645  59.21583884  64.79275614
  60.91671968  60.33510524  55.24685871  57.81380454  62.83250826
  63.23585653  47.18929487  58.10644826  58.58168656  58.2817685 ]","[ 44.28975385  39.26640379  42.19717855  39.73494668  56.66155063
  42.81193173  41.27275512  42.98913157  38.44371806  36.49593964
  43.42614677  49.79700716  46.39664333  41.66299663  46.93966534
  39.52541183  39.49318437  40.45095923  44.17942429  47.04101706
  37.87056263  45.02928699  44.26528507  39.83374333  41.41245961
  43.8172712   40.99520039  45.81249394  44.08251513  40.93693901
  45.76331434  42.1421818   43.42283344  45.95460124  43.09464959
  42.92728856  39.83499243  38.07310663  45.22674583  43.30377379
  43.71633602  40.28672587  44.70772323  42.39261045  46.12037112
  41.93181143  42.74870661  44.44622747  42.96745443  33.94674128
  37.20389408  42.141622    45.34952334  43.01745497  45.07238625
  39.09578994  44.71607321  34.13155893  43.47696239  43.38187275
  36.11297052  41.86879212  41.43994073  40.91655455  47.05776739
  47.25701011  47.05776739  47.25701011  44.28975385  39.26640379
  42.19717855  39.73494668  56.66155063  42.81193173  41.27275512
  42.98913157  38.44371806  45.95460124  43.09464959  42.92728856
  39.83499243  38.07310663  45.22674583  43.30377379  43.71633602
  40.28672587  44.70772323  44.92548619  51.55830534  41.83769137
  43.37653635  43.54200789  46.31925409  40.58930874  43.26319592
  37.69620283  39.70062559  42.96802913  43.58260499  38.81367022]","[ 52.44871912  50.76265604  48.11417945  52.28581382  50.46736826
  42.75458834  45.58985645  46.64610218  43.48568434  47.26809254
  37.42252125  45.57052453  54.92057548  52.03571433  46.79589355
  51.0567691   45.96704029  47.15785735  50.26907003  44.97088078
  44.19705059  49.08520439  48.89207586  46.76981278  52.15940511
  48.68260629  55.28259133  55.25417175  41.92279274  52.753367
  53.42254839  45.38784755  45.21046559  44.52481602  53.39637234
  38.85546582  51.58404742  43.94083766  45.4384303   49.35577829
  49.280771    53.02843079  53.16778173  43.06463656  51.82521766
  54.05588188  47.78671429  43.75338682  50.17648988  49.33958165
  54.47753885  43.89980619  51.75004893  52.29803135  50.06596657
  52.4783527   56.22341427  52.7568801   53.38384606  49.23863124
  54.12885326  48.67958647  50.54967649  51.91732273  42.48992028
  51.81256299  51.1340667   48.43181828  56.44224858  47.04469696
  49.38954487  49.56964319  46.24908086  52.05348972  45.05963934
  46.09272202  45.72946467  47.69547262  43.92249118  46.39319563
  50.45545957  54.74877679  55.5937483   53.59254515  50.64787627
  41.62665386  45.92485862  54.01428974  50.88383305  48.20343626
  44.7570707   46.4819362   48.44950795  48.50343902  53.88513961
  42.65625526  41.66565476  47.31206624  51.36644879  38.85546582]"
"[ 36.14423944  38.48607524  32.88218808  38.2700444   27.24386938
  38.04679657  35.74579338  33.48559887  42.26160884  30.25134476
  39.02683857  33.48559887  42.26160884  30.25134476  39.02683857
  36.45754796  36.63930453  39.40941268  44.85134765  41.97986309
  38.06122185  38.31356481  25.11038097  45.48346271  40.10251104
  42.53564512  36.14423944  38.48607524  32.88218808  38.2700444
  27.24386938  38.04679657  41.50624558  33.74821321  35.87179686
  39.65279449  37.63245717  26.51223501  39.63861736  25.11038097
  45.48346271  40.10251104  42.53564512  38.2700444   27.24386938
  38.04679657  35.74579338  33.48559887  42.26160884  30.25134476
  39.02683857  36.45754796  36.63930453  39.40941268  39.67626341
  40.30333978  41.52572186  35.87204647  40.33453415  33.7565984
  34.31585111  43.83324481  35.3996025   35.29883882  43.66998228
  37.8941369   42.64579546  42.1784914   31.16225378  38.03337474
  36.71203595  41.95861364  34.15074261  42.26830381  33.56954534
  35.15109712  39.74004357  37.31463353  41.50624558  33.74821321
  35.87179686  39.65279449  37.63245717  26.51223501  39.63861736
  25.11038097  45.48346271  33.43163308  29.69100926  45.21720763
  38.34052065  37.10935789  39.74004357  37.31463353  41.50624558
  33.74821321  35.87179686  39.65279449  45.49626257  30.26181023]","[ 23.8025648   24.91454078  23.44445488  28.11045324  27.09864815
  26.42335112  18.79132563  17.59542544  21.51105112  27.04334563
  24.20582723  21.93177879  29.31489329  24.7590726   26.45324311
  27.59952511  22.08868846  26.64207154   7.6959098   32.68387186
  25.93406663  30.27227833  26.91068283  23.358354    27.74342328
  15.95240415  23.5187914   23.39118246  21.98525955  29.31489329
  24.7590726   26.45324311  27.59952511  22.08868846  26.54355155
  20.47274534  27.86078518  25.18136117  29.8416663   23.42793487
  23.358354    27.74342328  15.95240415  23.5187914   23.39118246
  27.32628882  19.25941157  26.47326777  22.55404165  26.51560776
  15.90923926  26.12736425  26.38390292  23.8025648   24.91454078
  23.44445488  37.27949559  21.55102958  28.19532147  23.00859442
  23.33343527  27.17357177  13.64286342  17.58835558  28.15953418
  28.08144513  23.039847    26.1351133   26.54355155  20.47274534
  27.86078518  25.18136117  29.8416663   23.42793487  23.358354
  27.74342328  15.95240415  23.5187914   27.59952511  22.08868846
  26.64207154   7.6959098   32.68387186  25.93406663  30.27227833
  26.91068283  28.4618439   27.32628882  19.25941157  22.19908312
  26.61103485  20.56143732  28.93054395  20.99311308  20.36714021
  29.03744172  24.39251367  27.05197862  26.77723733  23.1500949 ]","[ 57.81905267  62.28988014  57.43453711  51.54643327  56.59307465
  54.48469038  55.97682465  59.6363368   57.12866076  51.40077162
  55.6908675   57.79904129  54.97877639  56.69603196  58.91312215
  55.24040007  49.13203091  57.6540684   54.68964584  54.02246192
  51.49186566  54.20294826  56.98440164  49.24496767  52.16880627
  57.90021839  56.71091433  59.61352966  54.77456462  55.79297664
  57.90119514  53.62629854  54.5599531   44.78203871  47.67422316
  55.77097839  56.61568495  58.0031478   52.44131224  57.74430609
  57.76254939  54.95537857  51.17845106  58.33639318  56.65681367
  59.92579412  54.40644051  55.3329202   56.15593237  57.07981109
  56.67283203  56.87479155  51.5911396   56.79579093  60.06963565
  58.33639318  57.2554206   58.89669112  55.80101548  64.23133627
  60.48272797  54.46705819  51.29273041  57.34979799  55.02658201
  51.17918471  54.85157989  47.57586724  56.96345987  55.31517591
  54.88008782  57.00179194  57.23730499  62.1224845   59.94363132
  53.00216129  56.40367464  54.03315576  56.98440164  49.24496767
  52.16880627  57.90021839  56.71091433  59.61352966  54.77456462
  55.79297664  57.90119514  54.88008782  57.00179194  57.23730499
  62.1224845   59.94363132  53.00216129  56.40367464  54.12886214
  55.04184694  56.71965904  49.96095215  54.64486959  54.21807284]","[ 64.49525964  65.54526839  62.38452612  65.89873342  63.29317891
  64.89403412  64.81469985  65.72382497  63.57345042  62.66468284
  65.02710796  73.71327842  63.59249054  72.36388114  60.94390404
  66.99367366  64.96022899  61.5559551   65.75235914  66.27382144
  63.71314687  65.17286077  72.36388114  60.94390404  66.99367366
  64.96022899  61.5559551   65.75235914  66.27382144  63.71314687
  65.17286077  66.14826348  64.14527984  71.36180197  71.91454051
  65.31107549  64.72426482  68.54100287  61.19589796  56.6994346
  72.48931219  71.96343864  65.10406618  74.19906717  61.19589796
  56.6994346   72.48931219  71.96343864  65.10406618  74.19906717
  65.79039271  69.33144885  63.70333656  69.38141584  67.23187054
  65.8781346   63.86036039  64.75962027  62.23260565  66.46302883
  64.27780719  56.53904691  65.093682    63.55225648  61.7735984
  64.42110343  66.60884437  64.74267732  64.75533534  60.94654281
  61.78444967  61.45128422  68.18842105  63.70762043  63.95873153
  51.96876407  64.75962027  62.23260565  66.46302883  64.27780719
  56.53904691  65.093682    63.55225648  61.7735984   64.42110343
  69.5154782   63.8180413   71.91454051  65.31107549  64.72426482
  68.54100287  61.19589796  56.6994346   72.48931219  71.96343864
  65.10406618  74.19906717  65.79039271  69.33144885  63.70333656]","[ 40.81146315  58.7305956   60.179523    55.09878568  50.66491887
  46.69380411  46.72887556  56.14155119  46.91890781  47.77429735
  42.06345481  43.332829    48.24768032  55.45559141  59.18632784
  47.56371784  59.64675787  45.94093345  48.98206857  48.58906249
  53.12658651  55.20441107  44.41344995  54.14978302  46.08157319
  57.34348213  36.95329953  49.05295889  59.08932043  52.63712723
  47.93324106  41.21616721  46.23284097  53.45333002  51.17982169
  47.48731129  53.21884993  53.94292671  46.64800153  47.4534146
  55.59390257  52.53334664  55.86363677  51.10513431  44.73632293
  51.08203315  55.04514429  56.13316783  50.02503011  51.1091492
  53.45333002  51.17982169  47.48731129  53.21884993  42.85951941
  51.2633868   55.09358492  44.97925139  54.53453942  46.88203442
  53.47870318  48.97221586  48.26847231  48.37158654  49.79632191
  49.79632191  51.56430893  54.39923227  49.80884254  44.37495154
  42.17408831  50.81371372  44.0247179   46.56714889  56.42830756
  43.63574096  53.15473478  54.2332077   43.09191056  42.85951941
  51.2633868   55.09358492  44.97925139  54.53453942  46.88203442
  53.47870318  48.97221586  43.26339985  45.01286064  45.25540851
  51.15090142  48.781056    46.28512008  51.1283027   55.64358148
  57.36637449  53.15473478  54.2332077   49.73261571  43.07461687]","[ 71.45662115  70.23942078  63.47583078  69.1492339   60.36933545
  67.13611465  58.03931894  64.44059834  71.65126692  65.92817769
  61.13243234  67.85998325  71.71758894  64.91702347  64.97594463
  66.90663281  67.61035738  73.12835514  69.04703463  63.14015569
  68.05966762  63.16822754  64.36921046  67.85998325  64.72324278
  63.68642079  74.49852603  65.53859175  68.44405844  78.39177003
  72.67286984  69.23537043  62.36837512  72.46246842  70.84789487
  64.47641393  70.38032577  60.66162078  73.50678917  64.34446954
  69.9073631   69.19154681  70.26368008  67.48472857  68.44405844
  78.39177003  72.67286984  69.23537043  62.36837512  72.46246842
  65.11904963  71.71758894  64.91702347  64.97594463  66.90663281
  74.07492309  75.20947319  57.50041844  66.92773655  65.74369511
  67.83766363  64.66923005  62.68869368  67.03791653  71.18440091
  68.86520598  67.43876582  64.32968807  67.51645904  60.02487413
  66.50136717  70.05002813  65.26226182  62.23943217  60.43604404
  61.54779954  70.94932007  69.57001857  61.76264396  70.20302881
  70.10317202  71.30754075  67.49700591  62.17934989  65.69853898
  76.02847053  59.10314929  62.9206198   69.53381582  71.32476511
  65.80137073  62.86288841  63.08380094  68.76862184  71.27427752
  70.29515302  71.33331735  74.05142847  72.46246842  65.11904963]","[ 40.29434694  39.63361904  45.22628083  36.34138215  44.56190339
  39.98939379  40.24410871  45.01185043  40.52723458  41.68519533
  42.9453082   46.94101152  43.89948234  39.10612665  44.02815468
  47.24614517  32.66349025  40.70593951  43.61564059  33.29461512
  43.2828422   41.14827682  39.28535517  41.92696926  35.2986443
  42.29923238  35.29333826  45.06303144  38.70997754  34.04002069
  36.68354283  34.2984049   39.94734792  31.69651127  45.05322542
  43.99847471  39.30475928  39.97183434  35.47307241  36.55414822
  43.24202336  34.23111433  39.06790442  43.89948234  39.10612665
  44.02815468  47.24614517  32.66349025  40.70593951  43.61564059
  33.29461512  43.2828422   33.21222067  43.86858784  45.6292638
  39.44174547  37.58833746  42.91394208  43.07416898  46.60734418
  40.6377986   43.67643805  38.73854727  41.46671186  44.04060637
  41.6946926   39.90995709  42.59307132  41.40786924  45.02447591
  47.5304442   36.87271215  39.87953879  44.14284596  33.78946152
  47.96763393  40.96229481  40.38985711  43.63186406  37.69381753
  39.29457616  41.44817714  33.50376894  40.9400703   40.29434694
  39.63361904  45.22628083  29.64899132  42.86750957  36.36484973
  41.05744653  45.24196826  37.83752652  44.96859948  35.93433885
  45.61809346  40.96229481  40.38985711  40.23295752  33.55169175]","[ 56.95211298  57.99225353  55.28155719  57.0206228   56.40780635
  59.28971763  61.39078256  64.63601426  57.94239129  67.45120831
  57.8405488   62.24445407  59.32432417  60.48284116  57.59418997
  62.59902435  60.35444989  51.74953569  55.4905832   64.41305773
  60.30899535  53.01613148  62.13329383  61.40588242  61.25671554
  59.60859816  63.37642845  59.12301332  61.26641177  63.43234641
  60.60238483  61.53618537  58.37731578  64.34080069  62.66989324
  59.83192521  63.98552665  63.76904262  57.70945529  60.16047455
  57.90850994  58.62085609  69.18626263  62.11701773  61.88878714
  64.53913978  59.37919949  57.70759134  61.56056535  59.79479173
  54.07351608  59.64766912  59.01068262  54.7140291   65.02434407
  63.26514665  58.8288791   57.34375469  68.89540595  59.95583871
  63.04083152  60.89772795  61.35573157  66.91521945  55.10489853
  58.67803132  61.18842597  64.45980939  63.41642373  65.2540921
  60.04038547  60.24557865  54.03244352  60.75361509  60.85490494
  56.85151454  61.07371401  62.59902435  60.35444989  51.74953569
  55.4905832   64.41305773  60.30899535  53.01613148  60.99411251
  64.24797659  57.20201874  58.67356189  61.04763271  60.63988352
  66.08941878  63.41787694  57.02889011  59.66506033  64.68109358
  61.3257196   59.16617323  57.99657001  57.70945529  60.16047455]","[ 54.09748767  46.75811205  41.15421866  40.64845444  49.43605641
  51.00385368  44.75683348  44.6428168   44.06023919  42.16975042
  44.56182519  37.09681223  43.69545272  43.26407603  43.79100741
  40.63735688  41.64808058  47.7824954   42.84413481  43.00850577
  46.20712235  46.91041772  40.77001679  47.76912207  35.41606681
  46.30796398  38.82399389  44.8166325   39.64425286  43.94015908
  42.07168881  45.31360161  46.20712235  46.91041772  44.11514456
  37.40532336  39.95395427  42.60713205  44.99406872  49.31592563
  45.23390274  47.50126552  46.18535967  42.66794523  46.09987853
  41.72778851  41.74546365  44.89158972  43.15047679  43.70732956
  47.28393631  47.01385395  42.2196379   43.50271545  40.38343779
  44.4905444   47.44307408  43.65490029  50.24616114  38.84536752
  44.3551802   44.69711885  50.78359817  42.10108106  41.90486254
  43.54630418  46.16354023  43.66827391  47.03889387  37.42808171
  46.11528233  43.92134181  47.18125314  41.16026944  46.28102399
  46.5015148   37.40532336  39.95395427  42.60713205  44.99406872
  49.31592563  45.23390274  47.50126552  46.18535967  45.94364257
  41.80137487  44.82278869  40.64291836  46.62539711  42.45438787
  42.40395623  42.97326158  43.28894693  43.98849673  38.74015865
  44.85572608  43.62861819  49.5973179   43.55062108  37.3563345 ]","[ 43.27779121  46.60097182  38.04201696  43.99455297  40.73379514
  41.6278565   49.8234658   51.38728417  45.82213145  46.23561777
  32.92638098  44.39834578  46.14757702  42.48577472  41.70050623
  39.30964201  42.80450138  43.79107379  45.78347681  32.99707345
  45.20657422  46.78231307  49.25392461  47.59626807  50.12720892
  40.47504392  46.89949828  43.65084087  36.63955822  41.4179498
  44.47395715  50.82327513  43.33782154  41.89011185  50.9773797
  32.90469862  44.97511971  42.86276819  53.45979508  44.33467956
  47.17074693  53.02317922  47.06385516  49.37712609  48.27304526
  41.19637908  51.04665572  47.54811058  40.76438623  47.9560862
  55.71799316  50.68217783  43.86633186  47.63047334  49.96390598
  42.77467216  50.94153594  48.70620966  45.36316911  47.18844707
  42.06002928  43.47068684  44.14027665  47.19417781  44.42029564
  43.12295576  46.14757702  42.48577472  41.70050623  39.30964201
  42.80450138  43.79107379  45.78347681  32.99707345  45.20657422
  46.78231307  51.59065046  45.4561656   49.99743335  44.33842195
  44.20283559  60.7839873   49.04789787  53.32921382  48.12666058
  43.32082723  40.78915584  48.64241505  47.10874026  44.50013609
  51.51255038  41.63738692  44.55837082  55.13626632  42.80263211
  52.47304034  40.78749615  44.31984004  46.43639304  49.88210935]"
"[ 39.70966473  36.77319791  32.31672575  35.60098129  38.21393763
  39.99000795  34.43995938  45.04110338  40.29252768  37.75782636
  40.47424046  45.32885031  33.65899844  44.36622612  34.78699502
  37.81167762  39.66826041  40.17735494  46.2279485   34.3336125
  43.05947576  33.05948796  31.90564013  42.63111288  26.30225333
  45.91089807  38.27447436  46.14808136  36.47070655  38.35180787
  32.69231973  44.09200027  30.69280197  41.98882671  31.88430872
  36.63180644  36.80555889  33.99082732  36.4986101   38.21794523
  39.71412248  31.97676485  39.42516979  43.15555691  32.29720738
  46.60025824  32.69231973  44.09200027  30.69280197  41.98882671
  31.88430872  39.70966473  36.77319791  32.31672575  35.60098129
  38.21393763  39.99000795  34.43995938  45.04110338  40.29252768
  37.75782636  40.47424046  38.80113229  36.99719625  45.32885031
  33.65899844  44.36622612  34.78699502  37.75782636  40.47424046
  38.80113229  36.99719625  45.32885031  33.65899844  44.36622612
  34.78699502  37.81167762  39.66826041  43.42754656  36.53144171
  31.21995461  34.17548885  33.13337686  41.15234676  35.02818107
  34.91112734  42.79590762  36.47070655  38.35180787  32.69231973
  44.09200027  30.69280197  41.98882671  31.88430872  39.70966473
  36.77319791  32.31672575  35.60098129  38.21393763  43.6713846 ]","[ 23.67024817  26.98956508  28.85967926  22.39247933  26.88721192
  25.31424754  29.19792371  26.49913668  30.50400185  26.73525949
  30.46357016  24.03219627  27.1304566   27.61766066  25.92360084
  27.7958148   29.83115155  27.20588549  25.89020208  25.79039845
  25.03797146  27.1304566   27.61766066  25.92360084  27.7958148
  29.83115155  27.20588549  25.89020208  25.79039845  25.03797146
  26.87697418  26.16824868  23.07013435  29.48859236  25.5900623
  21.69538548  27.85076604  27.40734736  23.41982792  28.84810121
  28.6932531   27.65283901  24.36237356  26.05503057  25.89030934
  27.47602851  31.48942641  28.71599258  22.15038176  23.74653541
  29.96845319  20.2374545   24.37791142  26.05071047  26.81383528
  25.66694292  26.15617906  28.04515631  34.33712748  21.39378077
  30.00360911  28.28676277  29.21638313  28.33310828  26.12951085
  25.64394334  23.80816196  21.04303527  27.2707843   26.81383528
  25.66694292  26.15617906  28.04515631  34.33712748  21.39378077
  30.00360911  28.28676277  28.33310828  26.12951085  25.64394334
  23.5278051   29.15961002  25.89505151  31.89880212  32.23645254
  26.05503057  25.89030934  27.47602851  30.44420255  20.29588725
  23.42701266  33.31544143  29.49032721  25.70881409  27.08319964
  29.56707989  26.33319898  31.34687597  25.89020208  25.79039845]","[ 44.99221524  56.69075898  53.63864701  55.1805451   59.69384554
  57.11930387  53.45416033  57.17847881  58.60137542  55.03390097
  55.29383161  55.17623971  60.95455414  46.07061664  58.72560068
  58.55432909  58.30558788  41.618526    57.58885081  57.60841846
  58.52330417  49.79559467  60.35641798  52.57964914  58.26954014
  56.49871053  53.61121779  59.38020178  56.57157395  51.61154155
  56.41609573  60.26305866  57.11522365  62.86819762  62.127932
  59.75835029  61.9769173   55.89903519  61.92624107  56.91238577
  57.58694135  52.97893564  55.54573964  56.56506825  58.72560068
  58.55432909  58.30558788  41.618526    57.58885081  57.60841846
  58.52330417  55.59170951  59.63081458  61.11076355  54.41066542
  60.35641798  52.57964914  58.26954014  56.49871053  53.61121779
  59.38020178  56.57157395  51.61154155  56.41609573  60.26305866
  59.61914813  54.83249312  57.28867771  58.99827634  59.18324032
  56.98250991  50.38582683  42.08675939  52.67677583  58.22407441
  60.77800407  50.98674349  55.41816062  56.41645019  56.79749678
  47.3349704   57.94798618  60.96384947  60.59853999  53.53041171
  59.15384846  53.62647526  57.11522365  60.73066778  44.32002083
  55.21257559  59.3873765   61.11109403  55.545898    58.93422921
  56.35056513  60.05423247  56.10420757  56.48573486  49.95783711]","[ 63.8504032   65.2654576   71.72283902  61.3668      62.28066164
  65.80896501  58.0785102   64.50035808  64.71373908  71.07132449
  68.92636365  68.16018122  61.41036928  66.15471935  67.82419799
  68.59262864  62.30655556  58.484209    69.65915943  65.12109304
  70.46848176  64.02645273  59.55624975  71.39719674  66.65749155
  71.18864862  75.10430625  65.83953753  66.9756164   63.25482365
  64.74781036  72.8613725   69.52001005  65.33811244  64.91472114
  72.11589623  67.85756747  61.37058239  71.4353233   65.28273415
  71.96200201  70.27135447  68.61080032  64.44567568  57.90379161
  69.52001005  65.33811244  64.91472114  72.11589623  67.85756747
  61.37058239  71.4353233   65.28273415  71.96200201  70.43646463
  68.22242632  61.93455747  68.16018122  61.41036928  66.15471935
  67.82419799  68.59262864  62.30655556  58.484209    69.65915943
  65.12109304  70.46848176  70.09970629  65.19987029  63.14598624
  76.66244857  57.76625875  69.02010002  63.12048925  62.94214988
  65.26073065  71.72283902  61.3668      62.28066164  65.80896501
  58.0785102   64.50035808  64.71373908  71.07132449  68.92636365
  70.78317865  66.38228492  63.66798512  70.43646463  68.22242632
  61.93455747  68.16018122  61.41036928  66.15471935  67.82419799
  68.59262864  62.30655556  58.484209    60.90308467  63.83129975]","[ 52.98760336  50.9822842   43.44890926  45.38584371  55.15070426
  42.20305676  56.25289153  53.68807735  48.8973149   52.09971249
  49.80845284  43.26260446  50.56805431  54.14336558  51.66135988
  38.49852638  52.87546841  46.05782508  47.57342179  33.6474722
  42.44036191  52.01247244  55.51993976  46.214819    48.65694939
  47.06817016  33.10803714  47.99893035  49.48147214  49.60177971
  56.16856599  39.52431276  52.94873838  50.20350097  46.82534038
  47.14503607  53.92173977  50.6392522   55.03941916  55.50101202
  42.22017771  55.79948926  45.64485636  61.41829964  50.46239134
  51.5187148   43.81656766  53.39365283  41.51593456  35.17525129
  52.20137922  47.29222049  60.23592918  50.4085876   50.43510067
  49.80845284  59.85841834  58.65718118  50.20350097  46.82534038
  47.14503607  53.92173977  50.6392522   55.03941916  55.50101202
  42.22017771  46.05782508  47.57342179  33.6474722   42.44036191
  52.01247244  50.89619448  42.22393998  43.25594579  51.70944639
  49.9765259   50.9010821   52.18154533  42.32574463  48.15215418
  50.66628487  56.64973511  51.96233247  58.09972656  53.13059574
  55.09607676  45.15306835  61.41829964  49.80508757  40.68770247
  53.65162804  46.41206541  43.6441816   53.82272385  51.39661196
  43.56091209  55.63593026  54.76879437  56.81218148  53.60882547]","[ 72.19943679  61.51461132  71.2431658   71.70737686  63.68065409
  58.80869418  67.96720517  69.16857674  69.11812459  66.52368209
  73.31888957  72.79535028  63.18513404  66.87979715  63.10199765
  68.06335658  66.28234796  66.98207411  62.83965897  72.3228233
  56.83560575  73.80338482  67.39985865  57.76677009  72.39732184
  70.40087097  74.65692095  64.53470569  60.36104758  68.94144752
  60.85137874  68.51334565  67.3951892   54.74776791  68.03440837
  66.39309327  69.09633415  69.00739168  73.41383878  69.27010957
  68.76991719  67.64393047  64.89534843  64.29475527  72.64249087
  70.46089215  71.44071689  68.20907643  64.12792535  66.11321929
  71.55430863  67.50518707  74.61669069  69.46175139  68.06335658
  66.28234796  66.98207411  62.83965897  72.3228233   56.83560575
  62.84823362  69.10267868  69.96281026  69.79265044  74.61341068
  56.83560575  62.84823362  69.10267868  69.96281026  69.79265044
  74.61341068  64.85643624  68.46831178  69.29528599  71.8678113
  60.06642933  56.83560575  62.84823362  69.10267868  69.96281026
  69.79265044  74.61341068  64.85643624  68.46831178  69.29528599
  71.8678113   60.06642933  67.02768379  67.08668297  69.64298457
  75.01348441  65.16444049  70.74168745  64.97828579  51.63913276
  69.67384997  72.80697472  74.02317842  73.04159946  69.96115951]","[ 38.2137744   39.39974834  35.85683281  33.82916085  41.4704035
  43.05389435  45.40107251  47.46054699  37.25030356  42.96317915
  37.92107161  37.92107161  39.34557249  42.14564139  40.96267585
  39.12425239  44.57876035  39.63373874  42.16681101  40.90235965
  42.20506058  40.31589829  44.73724606  39.2331944   42.76597979
  37.24144388  36.78889844  45.82934156  32.6561959   41.48390994
  41.19400501  46.54688634  43.906209    45.50382818  41.66173327
  45.34413368  40.54336425  47.94843959  42.56284826  43.04593425
  39.82845981  37.28658567  34.57615231  43.96072841  39.5665911
  38.36141505  46.36553527  39.40615198  41.5844425   45.64458915
  31.55332778  34.69605717  37.86320265  37.8357088   40.63281305
  40.90235965  42.20506058  40.31589829  39.2066593   42.56178269
  47.59312639  36.57896472  40.72469417  41.42052135  35.00702389
  41.12008326  46.15422048  40.00432305  45.53534567  38.99847982
  41.83415685  35.31272956  36.07005593  45.55347159  44.13022896
  44.15769691  43.69566968  45.6415789   44.73724606  39.2331944
  42.76597979  37.24144388  36.78889844  45.82934156  32.6561959
  41.48390994  41.19400501  40.49443247  42.28144826  35.30166709
  38.78124925  41.04775056  42.93607348  47.00882798  37.62467297
  37.94425488  42.87661949  40.76438599  43.85975798  39.88349494]","[ 66.13039813  65.33174956  58.6485015   65.09637327  63.35065276
  55.17978023  59.78894254  58.6256912   52.5790179   55.97248419
  63.4600522   62.56256646  64.22522106  57.58797779  58.88343707
  63.37937931  58.21910865  63.4994911   61.74866443  68.0353379
  61.7119318   58.83690202  59.19612088  48.5981921   55.55187801
  60.54198615  57.19157521  48.48654752  63.67035549  56.02448236
  62.49304925  61.14616675  57.91337434  64.79186499  61.43635642
  61.71171638  60.18665874  62.04896567  61.55394181  57.41242655
  59.27085032  52.07750676  60.58458403  59.85917127  63.64172836
  63.88171258  47.7686134   58.42112564  56.96399588  56.52653038
  58.23298238  64.3578214   66.54406751  66.3946601   66.05072904
  60.3742234   57.61986633  56.04804315  64.39573085  58.32006325
  54.26864305  59.53367492  59.44693133  63.50803628  53.34479815
  63.3868159   63.19119791  64.22894589  53.50305457  61.3092683
  53.02543517  60.37412659  59.43571847  54.02181395  57.27247415
  63.66409815  62.35897558  56.80320331  59.97653673  59.02624461
  58.42021651  68.74045376  65.12532624  58.72229411  56.09402089
  52.37313744  57.69486692  62.25393693  56.49283588  64.04363539
  61.43635642  61.71171638  60.18665874  62.04896567  61.55394181
  57.41242655  59.27085032  52.07750676  48.48654752  63.67035549]","[ 40.55578861  43.68621459  41.35964009  39.03231261  42.94879121
  48.6258163   45.32801998  43.9444252   40.70019069  43.94885646
  39.55138913  36.09449583  41.01211139  39.67073013  35.94354359
  41.62440834  40.85850982  39.30133545  39.40051092  41.8186284
  47.52855682  37.205932    41.10104402  50.60554736  43.10596569
  44.42568972  49.08847254  41.6176173   40.56949672  44.26100059
  43.54078734  39.29017824  34.35102926  44.02690049  39.93536963
  41.58312379  34.39353537  47.98521289  43.61398391  46.41422407
  41.37670343  44.85733049  45.32406168  33.83838563  44.42568972
  49.08847254  41.6176173   40.56949672  44.26100059  43.54078734
  39.29017824  34.35102926  46.98566683  31.72089919  39.97476583
  43.94885646  39.55138913  40.62640467  43.20872075  48.18600016
  35.225999    34.0562795   39.89894946  44.78468442  38.7227654
  49.59238475  44.68242591  36.66247467  46.0834253   44.41246313
  34.7010371   45.46555576  42.7907107   46.08269786  41.66165508
  46.28499266  43.20872075  48.18600016  35.225999    34.0562795
  39.89894946  44.78468442  38.7227654   36.62202695  40.38348184
  40.81386858  41.03396737  39.54163922  45.01806074  41.65552002
  33.82487854  37.85604688  39.82002016  43.79543973  44.51668432
  43.30701239  40.96306508  43.74659124  39.19975411  42.11771886]","[ 48.4312308   50.91004173  31.01049773  43.33402206  41.46148665
  52.51412221  41.49680793  44.40258209  46.55440523  49.62690871
  44.61403948  43.44512967  56.78674915  45.83543965  39.34029428
  33.37720387  44.05170931  44.65705265  43.95573815  49.7763898
  48.78966641  38.75939129  43.32450238  41.63181208  48.38755052
  46.685069    49.04095088  42.76288835  49.33573537  38.78306635
  40.98370201  45.99835426  49.40725005  49.14051124  37.43368572
  46.99038382  35.99856939  50.90893458  42.31540718  46.47417812
  41.65913728  36.84167788  51.06909331  54.30222172  38.38945554
  38.81927296  45.3189589   42.28808712  42.68277531  41.72979409
  37.655682    48.5978376   47.58732598  49.25681731  48.4312308
  41.78058183  44.0552852   46.50249569  42.83767846  42.26931861
  39.74845123  48.03251575  45.05842872  46.48136634  44.69352302
  45.84730791  55.51927014  45.81417045  49.85879921  41.57205425
  36.3255511   35.35848638  38.20198598  38.44726739  51.90257536
  48.4729873   39.34227319  50.65992777  54.30222172  38.38945554
  38.81927296  45.3189589   42.28808712  42.68277531  41.72979409
  37.655682    48.5978376   47.58732598  43.90337665  38.44796558
  49.00243045  45.56179468  43.53910506  46.2090538   49.35196019
  52.73068491  44.84603824  46.3639574   45.85577532  41.74537618]"
"[ 40.80069958  29.58821584  36.74178266  27.35432401  32.50639538
  44.97576952  38.60384995  39.53983831  33.91162705  38.21917233
  33.24478467  35.61443847  38.32069256  44.19890107  40.06931981
  44.64075641  44.1689364   35.38715845  44.15508646  31.71456906
  48.28931775  40.69466452  41.00882814  38.70172603  35.32727332
  40.53279534  34.13685982  37.23611909  35.99055425  32.94696225
  28.09285317  41.2633999   33.79691402  40.97545583  38.59085864
  42.66091805  35.77376046  41.69272881  40.80069958  29.58821584
  36.74178266  27.35432401  32.50639538  44.97576952  38.60384995
  40.80069958  29.58821584  36.74178266  27.35432401  32.50639538
  44.97576952  38.60384995  39.53983831  33.91162705  38.21917233
  33.24478467  38.32069256  44.19890107  40.06931981  44.64075641
  44.1689364   35.38715845  44.15508646  31.71456906  48.28931775
  40.69466452  33.99222005  31.71456906  48.28931775  40.69466452
  33.99222005  51.05664589  29.52303125  37.45063669  38.94373362
  36.90687599  37.04951791  49.85773327  38.60384995  39.53983831
  33.91162705  38.21917233  33.24478467  34.44501629  35.61443847
  38.32069256  44.19890107  40.06931981  44.64075641  38.48231054
  46.8622292   38.2748129   36.15910652  31.04106876  40.06294101
  39.55550422  40.85538969  40.34117871  45.72720478  37.58134266]","[ 28.83624694  28.14656874  26.67502565  34.37217753  27.45275353
  26.57344278  27.97041121  31.38469903  27.83052236  21.89605465
  28.74110886  22.65334787  26.08888351  25.88741707  28.8774601
  29.77242111  27.89916092  28.41555242  28.0347453   24.57921227
  29.53359333  35.20946471  33.9617229   28.43951428  24.56136648
  23.91414728  28.83624694  28.14656874  26.67502565  34.37217753
  27.45275353  26.57344278  27.97041121  31.38469903  21.89605465
  28.74110886  29.76650534  25.85074562  25.31934722  34.26027538
  28.47419914  30.12859738  22.65334787  26.08888351  25.88741707
  27.63652696  26.1786379   27.51342261  25.5533574   22.97071823
  26.96530196  29.16644991  30.90491649  21.88466709  28.41175     28.68940483
  21.44423962  30.62575525  26.97061466  31.69712014  28.15701148
  24.60296526  27.09483343  23.20707457  37.0880319   17.77032989
  32.96364326  31.69712014  28.15701148  24.60296526  27.09483343
  23.20707457  37.0880319   17.77032989  32.96364326  23.18500601
  31.73531724  29.68016544  27.30285285  19.3315948   26.67365798
  26.15146129  23.87947761  21.39924924  30.12754867  30.42984834
  35.60597259  27.56187848  37.0880319   17.77032989  32.96364326
  23.18500601  31.73531724  29.68016544  28.43951428  24.56136648
  23.91414728  28.83624694  28.14656874  27.879389  ]","[ 55.52464581  54.97306383  55.9828245   56.26973843  55.10490621
  59.09337093  54.41594748  56.03443638  57.64200174  56.48632909
  61.78238008  57.2959095   56.57215364  56.2373742   55.86121716
  61.38100645  57.8498478   61.76307977  59.30724945  53.97076596
  57.17231205  53.57194784  53.83685809  45.705628    58.39156419
  62.43933781  61.05534837  61.39033225  58.17752874  57.53222399
  60.88786164  51.90510097  53.57194784  53.83685809  45.705628
  58.39156419  62.43933781  61.05534837  61.39033225  58.17752874
  57.53222399  60.88786164  51.90510097  55.02049335  54.31203506
  58.75515007  56.45462653  57.42463891  61.43231965  56.72423779
  55.24911246  52.3819757   54.74782626  57.74258786  56.31413264
  55.71761339  54.25618355  61.65209913  54.32432446  58.00902007
  58.57429493  56.53755342  53.22990133  53.93174822  56.72320946
  58.29987481  53.67352296  59.02815008  56.07124097  55.24648001
  62.35648217  54.10613914  58.26838606  54.82013375  57.0598669
  60.81278303  54.92356994  54.43746086  53.20632707  55.52464581
  54.97306383  55.9828245   56.26973843  55.10490621  59.09337093
  54.41594748  56.03443638  51.4660157   58.81316564  58.98892236
  59.00440337  51.05972316  56.13477371  56.20296843  58.90971543
  54.2615503   52.53713208  57.85278556  50.51613804  55.14395632]","[ 66.0564428   63.6445953   68.60884495  74.67021733  62.74146182
  67.78691172  61.15384102  63.69433466  64.56566757  64.71166576
  61.05551423  65.58936583  66.63292119  70.55426674  63.12386921
  68.30085403  63.21505678  63.82531663  68.15168424  69.98892242
  61.96942536  71.85196695  68.77007539  71.22602313  68.27155272
  63.1623064   63.65560962  76.23205034  61.56873117  67.85156036
  68.29657604  65.95244944  64.40071271  64.24107908  69.16518848
  64.70891014  64.98677874  65.59981008  67.55097999  58.98366489
  69.72594192  67.61246983  70.49399319  63.91568167  67.4883238
  63.84106595  65.33483564  66.29878213  64.36360066  67.15286174
  57.64363044  71.82591472  68.39716833  65.5202014   70.13694603
  62.51030845  71.10193038  67.4883238   63.84106595  65.33483564
  66.29878213  64.36360066  67.15286174  57.64363044  71.82591472
  68.39716833  62.74146182  67.78691172  61.15384102  63.69433466
  64.56566757  64.71166576  61.05551423  71.72341472  65.98631941
  64.24107908  69.16518848  62.06855616  66.82022773  67.67062502
  61.5060279   71.31080029  67.98775154  67.55651983  67.14237109
  64.27183301  64.22325531  68.27155272  63.1623064   63.65560962
  76.23205034  61.56873117  67.85156036  68.29657604  65.95244944
  64.40071271  71.14326019  65.90779567  68.60884495  74.67021733]","[ 48.2402168   57.27338925  43.31354949  49.71285522  42.30801715
  55.49950629  48.88238484  40.19387371  52.96761636  56.84613817
  45.83407599  49.86538232  42.5506424   51.9256572   51.01348611
  52.84083913  59.31690809  47.09311974  46.86889574  48.74574202
  47.21175035  51.73648452  55.42535145  49.09888933  50.00465112
  57.50284079  51.02433401  57.01984809  53.61282215  43.26816003
  55.70345752  48.87502897  62.24857873  62.24857873  45.39535203
  48.16487587  43.16173865  50.94848151  52.2662019   53.81525362
  53.14653485  52.80371484  56.78338336  59.14144081  57.32784667
  56.43993811  52.78516399  49.35564354  55.28973748  49.41832704
  58.52593446  51.27550241  49.50436264  47.17605889  44.05150121
  58.17763352  50.24432423  49.00622628  45.607031    42.3932294
  53.51577184  22.57873826  48.64032007  53.89019328  41.35425291
  56.60702135  52.33710082  54.9692345   59.9784562   42.14313177
  49.55249918  53.18641254  47.62330015  42.45918869  46.67280678
  49.98633679  44.38437416  63.77943968  47.91031571  54.63799863
  50.24309006  48.51756041  51.62253331  57.5653984   50.24432423
  49.00622628  45.607031    42.3932294   53.51577184  43.16173865
  50.94848151  52.2662019   53.81525362  53.14653485  52.80371484
  56.78338336  59.14144081  57.32784667  43.44041629  45.04405367]","[ 68.11787619  71.55924066  66.41778192  69.20872667  71.73112643
  70.54157721  59.17223365  63.59004563  64.22460955  68.84608031
  68.36511167  75.74541637  73.23308373  70.34021147  69.6414375
  60.81904066  71.59857245  68.32086682  66.31853471  67.20795052
  71.34614482  63.81917402  68.32086682  66.31853471  67.20795052
  71.34614482  63.81917402  67.04495715  72.78602807  67.35748421
  58.17372754  70.95032464  71.25158048  73.7975197   69.33960119
  65.97246447  58.3874691   54.65246769  69.24835557  68.00267396
  65.34850962  71.38205001  75.74541637  73.23308373  67.04495715
  72.78602807  67.35748421  58.17372754  70.95032464  71.25158048
  63.44471306  63.28991514  67.37277795  62.72429061  68.35813338
  60.39817221  66.62302324  56.14939911  65.98500387  71.19878079
  71.59382499  67.06058896  67.74216852  54.36045503  60.22685881
  69.05756904  71.10230634  63.43564313  66.84311253  68.04347014
  65.99852421  61.13528626  65.42560279  69.48651162  68.69475026
  74.05278651  67.04495715  72.78602807  67.35748421  58.17372754
  70.95032464  71.25158048  63.44471306  63.28991514  67.37277795
  62.72429061  68.35813338  69.25339624  62.22843255  67.57407654
  73.50748538  66.91058155  65.28332935  72.36077089  62.29987926
  75.17434664  69.35165624  69.70412718  64.64937819  73.2257011 ]","[ 44.28152318  48.10592346  49.76446049  51.14757881  41.6651229
  42.92359642  49.0597989   41.29719185  48.52925985  36.41250514
  44.55863626  47.54764332  38.08309451  34.39443269  40.29249309
  53.98732822  45.05413605  40.64131044  39.71489838  40.75339566
  35.7566441   38.23118488  49.07662665  36.52926052  41.39014132
  42.95114329  45.61962286  51.58481754  39.01950963  46.79128206
  39.46414413  49.53662795  43.47781326  42.78066674  46.9572177
  46.80632605  44.56293874  47.0649243   46.25077502  39.61988111
  42.77966051  44.91569335  51.17953424  43.08979574  43.86926469
  46.37030576  52.27285335  40.11215722  48.46383456  48.75317949
  45.34690125  34.95692356  44.83517103  41.39681044  49.22980083
  33.56452748  43.45560199  40.7256178   53.08876022  46.00414513
  43.30400584  45.63781302  50.14405503  47.38220134  39.87326683
  46.28507759  47.21907439  37.8749209   35.33184652  38.70064962
  39.09392274  48.01590976  43.5483058   42.87474429  44.36857581
  33.87354019  43.64794608  51.17953424  43.08979574  42.10781843
  48.4203882   44.68550901  46.96048525  35.09464217  44.28152318
  48.10592346  49.76446049  51.14757881  34.39443269  40.29249309
  53.98732822  45.05413605  40.64131044  39.71489838  40.75339566
  35.7566441   38.23118488  47.83636378  43.35148895  34.85545508]","[ 59.02872798  63.66382455  60.55347416  62.14800606  66.14050137
  55.35071449  56.22480466  64.81849458  60.78837549  58.73416729
  66.08876095  64.17915781  65.9247077   57.92941844  58.95769791
  73.32221828  64.91701516  57.69893692  58.94976755  53.76857338
  59.88169127  55.79675704  65.76129942  63.32231597  68.11600131
  55.0598303   62.81217261  57.94768854  66.39864299  53.51903554
  66.75660157  65.80118171  62.63686366  63.77491357  55.60569108
  61.00053885  68.5559666   58.99715645  70.68345629  65.42201767
  54.6394977   68.2166259   65.89656769  59.93787425  63.47853217
  66.27387404  56.85229571  63.35350227  58.10198727  62.67398359
  67.6231057   64.59328569  64.57203257  58.49651059  70.92299363
  61.91144419  52.48978443  64.28051087  54.59580315  67.44605858
  67.20952757  61.9524061   65.64410423  58.64195911  62.83393615
  65.48405482  59.05400009  62.27767972  56.14212872  65.25495805
  68.28610798  63.30809292  66.31449634  62.90218748  62.46360064
  62.34877165  62.54038568  56.31362506  59.02872798  63.66382455
  60.55347416  62.14800606  66.14050137  55.35071449  56.22480466
  64.81849458  60.78837549  67.83049088  59.14464422  43.42024183
  61.04753951  64.81631733  53.19587008  63.04875693  51.78644012
  59.16182387  60.65398532  59.41763885  68.11600131  55.0598303 ]","[ 44.47603443  45.43699689  43.36609203  43.18042879  44.90707671
  47.12760767  45.51839678  50.08515368  46.09104434  44.9284115
  45.6157565   45.42656138  43.52962011  43.5395263   52.5771236
  41.17282894  41.69128313  42.39954796  43.40785453  44.19614539
  40.83108348  44.36568774  43.75841385  46.3385626   42.72758516
  48.83320006  44.02498866  37.26017891  44.38868409  43.02395379
  42.29510078  48.31263421  50.58199699  39.44008707  47.23338751
  39.84576438  49.73103696  44.67654716  51.97978009  46.44619862
  50.23132846  52.65927786  47.75737036  37.9162693   42.80339991
  43.31212143  29.39700736  49.33095991  45.29980093  45.39960535
  48.81782761  43.63734151  47.08827011  46.20739844  45.81310269
  49.6416612   43.13666154  40.01496538  45.41299683  45.65575364
  51.74863679  44.47338997  41.36937763  48.38817289  43.89640435
  47.63405055  43.60868969  40.41110142  45.1665611   45.63717075
  43.86045903  48.77927719  46.0413376   39.2586292   42.09194128
  46.66054932  37.60420748  44.33991458  45.67657172  43.05586553
  39.52917611  46.71041406  47.97674594  41.10694041  49.13475706
  38.41810189  42.73111044  39.71601902  41.61572225  51.82599754
  43.75841385  46.3385626   42.72758516  48.83320006  44.02498866
  37.26017891  44.38868409  43.02395379  45.81310269  38.22400564]","[ 44.53228419  40.8157546   37.32681558  45.64592365  46.11191756
  40.62599822  48.70975454  51.94565908  50.80549465  44.00506801
  44.70438197  42.41429719  44.72691682  39.65311717  43.03807843
  39.22299852  49.64914435  44.53995797  50.60542693  45.66376115
  40.38787723  46.43647996  50.6914691   48.85567625  48.61865946
  43.46623346  44.68808613  45.86563625  35.74047461  44.85644812
  50.57956027  44.70364742  37.3691627   48.54513477  39.51282391
  54.10641496  39.38252214  45.35488632  41.97980185  49.07400929
  47.54230396  36.42270447  45.64231019  43.02943526  36.96710579
  46.71956935  49.16602239  42.88177348  46.15589406  48.22579184
  49.61347325  44.75208054  45.62791439  47.76898809  43.24787207
  52.55173628  44.41876118  46.68939287  53.85873956  46.32665194
  38.72386234  31.01176104  41.83351855  47.76886964  39.70261187
  46.32665194  38.72386234  31.01176104  41.83351855  47.76886964
  39.70261187  50.50952761  49.06964701  36.96710579  46.71956935
  49.16602239  45.47497824  42.68665366  41.62077408  46.59021535
  51.19922034  44.30322503  42.78807625  44.10747038  44.79139387
  42.15070077  39.67707353  29.44173607  40.44840487  47.07048993
  49.99858161  39.55486508  41.95490079  52.03923774  47.88289252
  38.49731217  47.73214795  46.46336127  45.30829248  47.29956971]"
"[ 42.20354427  44.68189471  45.87591844  41.91022418  37.43161782
  42.4661346   36.22009248  47.81157473  29.89001185  44.96218973
  37.57409521  36.10624847  33.84172398  41.04387588  31.98697891
  44.25948549  42.13887304  39.45827994  32.48337864  38.91599276
  48.37565244  38.00151805  43.7497007   36.90126169  40.79390638
  32.09245934  42.03391858  21.72603028  39.1818703   32.75540891
  37.33327082  33.54513919  32.34296027  45.86127223  39.9796025
  39.26651188  38.9201672   42.20285187  39.28936406  42.70292509
  36.10624847  33.84172398  41.04387588  31.98697891  44.68189471
  45.87591844  41.91022418  37.43161782  42.4661346   36.22009248
  47.81157473  29.89001185  44.96218973  37.57409521  38.40112809
  41.35678044  46.5138744   41.95526516  41.39233941  31.10654747
  40.94964999  29.63589986  45.35770913  40.30240788  45.44073797
  41.53172046  34.2654241   30.55083781  42.20354427  44.68189471
  45.87591844  41.91022418  37.43161782  42.4661346   36.22009248
  47.81157473  47.81157473  29.89001185  44.96218973  37.57409521
  38.40112809  45.39960605  25.26008459  45.86127223  39.9796025
  39.26651188  38.9201672   25.26008459  45.86127223  39.9796025
  39.26651188  38.9201672   42.20285187  39.28936406  42.70292509
  36.10624847  33.84172398  41.04387588  29.24820905  40.8974826 ]","[ 33.56708672  32.37146537  23.77851351  29.45721026  32.77234065
  29.91246036  24.94637799  35.01915618  33.53732898  29.31164591
  24.91888823  35.01915618  33.53732898  29.31164591  24.91888823
  27.32518381  26.82018952  34.33390476  33.80015492  30.77411043
  29.1873483   28.31952669  31.48190824  30.9316006   36.25746251
  35.15170125  27.74513077  30.53137945  31.12252634  33.56708672
  32.37146537  23.77851351  29.45721026  35.15170125  27.74513077
  30.53137945  31.12252634  33.56708672  32.37146537  23.77851351
  29.45721026  32.77234065  29.91246036  24.94637799  24.12118263
  34.75122671  32.53394618  25.11102921  24.31373391  27.17680642
  26.83690191  28.29177512  30.20632691  24.85321619  28.33130574
  27.90422838  20.70371303  27.51118107  30.71459801  22.69688935
  32.05380758  24.86100755  28.81383203  26.11414684  31.95875266
  22.34364209  24.91888823  27.32518381  26.82018952  34.33390476
  33.80015492  30.77411043  29.1873483   28.31952669  23.74655884
  26.27558864  36.98482775  29.57663049  24.76309654  23.61223889
  23.65726583  22.22490603  29.9056138   27.1023275   32.42644704
  31.97304972  20.86487595  22.49216116  26.27558864  36.98482775
  37.12040786  25.19294188  30.22469915  27.00864085  28.37255621
  25.18976837  29.57663049  24.76309654  23.61223889  32.98588501]","[ 53.51241188  54.08938493  54.02318012  44.71043467  57.43719468
  56.32028517  56.37742242  61.25940881  49.85734341  49.01132235
  53.46286475  54.76096098  55.4157866   56.90832086  55.50141746
  61.55958579  57.83033743  58.16357432  57.30443011  58.10481293
  45.80020944  59.12459446  42.14108685  53.91661937  58.19326004
  62.27895314  59.13427288  60.08465162  56.98459256  56.68527183
  49.37147139  54.880388    55.90769882  55.7188417   56.8059481   55.876385
  53.64002044  52.97221437  57.17167866  59.22371878  53.85569027
  59.29605006  59.22355192  50.24050648  48.60182957  54.76096098
  55.4157866   56.90832086  55.50141746  61.55958579  57.83033743
  58.16357432  57.30443011  58.10481293  45.80020944  62.61505532
  54.93649593  60.59911408  55.35712325  60.32431368  47.95821547
  55.51498135  58.0198101   56.19275104  56.68325326  59.37325936
  58.83334655  54.79513822  59.52030033  58.46083571  57.82464657
  57.79927113  58.843083    54.22991253  56.13603834  57.09599327
  55.82184733  57.49785242  57.2276035   54.57589071  50.67483119
  56.61843118  51.87679918  53.73994808  58.70242599  55.71943046
  54.1191574   57.82464657  57.79927113  58.843083    54.22991253
  56.13603834  57.09599327  52.10638903  59.64231762  56.76261877
  59.81162724  55.40786055  54.99696892  58.08457662]","[ 62.4500717   66.4289574   67.60734015  65.93042978  73.84078169
  66.28072246  62.76708501  59.7595394   67.10954051  63.48445322
  67.00346168  68.15267975  55.03558249  64.44613139  68.63549824
  61.70802974  57.24094424  62.97736789  66.69495624  59.12818359
  67.64479923  56.84850079  65.90946489  61.22750256  60.14674068
  65.94687673  70.89714934  67.25114776  61.42295623  71.62096531
  68.15267975  55.03558249  64.44613139  70.43627711  72.68167968
  63.58254867  66.52666611  64.12965348  69.1769514   62.37703933
  69.59744985  70.60515999  60.67326342  68.03486609  60.71464335
  53.93381018  65.90946489  61.22750256  60.14674068  65.94687673
  70.89714934  67.25114776  61.42295623  71.62096531  68.15267975
  67.20720225  67.17645599  62.4500717   66.4289574   67.60734015
  65.93042978  73.84078169  66.28072246  62.76708501  59.7595394
  67.10954051  65.27926201  70.97314034  60.71464335  53.93381018
  65.90946489  61.22750256  60.14674068  65.94687673  70.89714934
  67.25114776  61.42295623  63.60323066  60.20324893  65.76454346
  66.22060512  67.16888194  52.3759089   65.25387062  59.82978267
  65.61293474  68.68108638  66.2488696   64.25929131  67.68742998
  64.49339011  56.38084355  67.89562974  62.33215196  64.11215478
  69.29363222  61.17666539  62.91298957  61.5031776   56.96551755]","[ 45.27921254  53.58414615  48.48856213  47.52663639  50.84232195
  43.5702295   48.11015282  48.15195348  42.31561136  53.55927938
  40.5891974   46.73200838  60.29944306  50.03645714  47.47674349
  58.18805396  36.21855974  52.7102493   50.51505843  48.98437694
  51.37956227  45.35250258  37.28068221  46.68093145  52.95095692
  53.95152639  47.0003386   42.94235489  47.15885987  62.42326814
  47.73794719  53.63701981  57.08623849  46.98199424  52.82981064
  49.53160354  48.99297898  47.51788859  43.37068416  34.72340805
  48.58644571  48.09696707  52.772501    46.59373348  47.58831286
  45.90787103  52.17498089  53.42456139  24.28722667  52.02272182
  54.73376504  43.45743483  54.23693047  40.887806    30.33566101
  37.28068221  46.68093145  52.95095692  53.95152639  47.0003386
  42.94235489  47.15885987  62.42326814  47.73794719  53.63701981
  57.08623849  42.45717377  54.2094247   58.60676791  53.65695191
  55.61277293  45.27921254  53.58414615  48.48856213  47.52663639
  50.84232195  43.5702295   56.51351562  57.64622753  47.78118336
  46.06990258  49.54886822  46.70631398  50.56437447  58.31610627
  30.00408599  56.5198564   51.48698097  51.54183559  59.32530556
  46.07389948  47.23941432  44.84997694  55.3605984   46.29040448
  42.12675548  41.50652013  51.08011228  52.11444816  54.90288785]","[ 72.68142492  59.99369858  64.04726878  73.52318507  67.9212156
  66.81642309  70.80439619  67.36004687  69.00037905  64.49330021
  69.67914611  66.96499613  62.12048794  63.85379906  72.62868729
  75.63592645  72.79984019  69.81451294  70.65288969  59.95394033
  74.97876059  66.38879361  67.9212156   66.81642309  70.80439619
  67.36004687  69.00037905  64.49330021  69.67914611  63.35217425
  73.56594791  64.0297392   62.46377186  70.80439619  67.36004687
  69.00037905  64.49330021  69.67914611  63.35217425  73.56594791
  64.0297392   62.46377186  75.86256375  58.22599368  67.95800656
  70.48937838  68.84275823  64.07737631  65.94034322  71.80210001
  70.07883395  70.96207975  71.09816874  71.08466916  63.92332769
  63.1304717   62.52499721  70.98909211  68.38561552  66.9573202
  63.17675077  66.45131611  68.65101397  75.96783904  68.74492333
  69.80512662  72.98190794  69.70925755  69.15349055  68.12831623
  68.40609364  70.69428724  60.37201909  68.14864104  70.76283938
  63.1787476   68.65101397  75.96783904  68.74492333  69.80512662
  68.12734946  69.24183487  76.75722682  72.68142492  59.99369858
  64.04726878  73.52318507  69.82668575  72.12861094  68.61300066
  59.27148706  66.14976198  65.888482    69.47049907  64.27300223
  60.61985723  75.68452332  62.23608085  65.35791207  65.3450574 ]","[ 36.29824241  34.56335986  48.25249183  42.8155243   41.54849542
  34.04029984  45.58358036  33.81975425  40.07077061  45.4641793
  45.8924721   36.86097063  38.21505846  30.82193155  42.98105626
  39.31616064  46.54072261  41.69529857  35.64680961  40.61243666
  35.77751894  35.38904316  47.11474096  36.55955339  53.9759525
  42.5029142   45.30385629  44.26845514  43.19116441  40.54520574
  43.85070685  42.13885412  38.06421158  42.13898636  50.6684558
  49.15871129  46.31424379  34.25797572  36.29824241  34.56335986
  48.25249183  42.8155243   41.54849542  39.62365582  43.30556     47.11012665
  41.06978566  42.13873638  45.33767051  40.17767765  40.51501836
  41.89301281  42.55422626  34.91680217  49.67567331  39.62365582  43.30556
  47.11012665  41.06978566  42.13873638  45.33767051  40.17767765
  40.51501836  41.89301281  42.55422626  37.03874941  43.25018502
  37.68664859  41.44419858  36.80892793  47.39407296  49.10830924
  38.74727031  45.9140558   39.64358045  40.25444752  38.46146546
  43.50122374  42.80792895  29.18039677  44.19405458  45.78572999
  46.31685959  48.94646893  37.34758301  42.54636852  43.87240992
  46.6119101   48.4311728   46.40832935  40.49464695  41.59619381
  42.99879519  35.61767883  45.72200889  38.20260751  38.06421158
  42.13898636  45.79877369  44.94349598]","[ 64.08188466  64.70158943  68.19728761  56.83153518  67.5704633
  62.53576618  67.48651721  53.42762733  58.0207405   63.38968453
  56.98941533  59.8066876   61.0658732   50.00173184  58.54869971
  61.18374076  61.31086152  60.05221428  60.04769713  60.63732868
  66.55692994  66.91475284  62.32215537  61.32384653  59.8066876
  61.0658732   50.00173184  58.54869971  61.18374076  61.31086152
  60.05221428  64.09275874  63.24162215  54.06890126  62.64147856
  62.94265259  63.63433788  68.88347458  60.25428156  67.23524325
  65.78038075  61.53892579  53.14333539  56.44034397  66.78803454
  57.3778693   59.64621225  65.71763602  66.16674355  66.98770714
  59.24388628  66.6035145   59.44664236  63.88223369  68.87375982
  61.51075612  64.47152104  61.15082375  61.42361227  61.47253142
  62.57407092  64.39071354  63.11789158  64.74518736  46.74503671
  63.43208445  66.35665437  68.47870248  61.91089181  65.4380879
  65.91712344  63.03384758  58.08818913  59.98627336  65.30463506
  59.25109009  62.26194364  60.83467494  57.22556845  62.97654924
  71.14407085  63.09743668  72.70448646  63.21228304  66.15040534
  63.27296308  57.73330863  64.08188466  64.70158943  68.19728761
  56.83153518  67.5704633   62.53576618  67.48651721  53.42762733
  58.0207405   63.38968453  56.98941533  70.46848094  61.59224364]","[ 48.32026753  51.13571998  49.91083116  46.97462878  34.61104604
  52.38859366  48.80321938  49.24921996  51.82280425  47.61504015
  49.88291428  52.11953134  46.61208419  50.59295398  44.48830394
  46.72186876  44.25482437  49.63918483  52.10798414  45.35621552
  39.26992089  45.79477508  40.12329681  46.21523395  47.5409877
  49.02565061  43.80734873  47.79584055  42.01188658  45.64674282
  44.82209499  44.65578801  44.19207703  38.8361606   41.46264479
  48.28500038  47.72772553  51.66358677  49.13694345  50.68801391
  47.10768454  51.2830639   40.45967483  47.76326458  43.80734873
  47.79584055  42.01188658  45.64674282  44.82209499  44.65578801
  44.19207703  55.10052993  48.25610551  46.14667518  44.32200273
  47.83554817  52.61013721  43.39852807  51.11391475  45.75641008
  51.92775661  51.47213358  52.67693245  56.24749532  51.19653752
  40.12329681  43.86433699  43.08348317  45.92254851  40.34170886
  46.6897233   45.29602622  40.74232812  39.72738536  46.5789189
  49.78078751  46.93612422  44.48830394  46.72186876  44.25482437
  49.63918483  52.10798414  45.35621552  39.26992089  45.79477508
  40.46275811  49.88935836  46.73437298  48.86353426  46.07183185
  47.66183782  48.21468854  47.75976335  43.67272537  48.65726844
  47.65899921  47.47112113  51.49415269  45.5010617   47.19850403]","[ 44.77901903  41.73973576  39.54741605  45.31871746  40.66057241
  44.94269253  43.79353335  44.19672226  39.98556619  46.49211773
  45.48441636  42.3077661   30.33894311  40.11141199  48.35223043
  49.45220215  44.44492878  44.82740772  52.50950087  44.07779052
  37.00781825  48.91981439  37.98611261  39.62901645  46.9213103
  44.58367384  41.09071984  46.10031788  45.1317539   41.72236408
  46.45019069  45.18751177  39.18910467  44.86134648  39.53204926
  38.84858477  39.94788218  42.04157144  48.44250712  41.45780085
  44.36291235  46.13893502  34.91647125  41.6601406   44.31710799
  42.97732684  47.47101703  46.42855491  54.14678737  42.3456376
  37.98012877  44.85772941  47.9814822   47.39365393  41.32088232
  34.4227437   52.26118583  45.30605738  48.81217429  44.91556049
  49.51162934  39.42387483  41.23807894  40.9057436   46.64202324
  45.40933571  53.38280187  35.1288484   50.60818839  44.61140821
  40.88023725  44.13580273  36.29891902  46.26967224  47.3133097
  45.48114109  49.20812421  46.10031788  45.1317539   41.72236408
  46.45019069  45.18751177  39.18910467  48.48489707  35.88293731
  44.86134648  39.53204926  38.84858477  48.50947491  45.41827705
  45.18547416  36.59969929  47.76396378  42.32123434  43.42094345
  42.41840461  41.85580486  49.08409892  39.28086892  43.44167328]"
"[ 38.12719715  41.55837284  42.87777535  45.26425807  37.63174389
  38.6649357   36.83805614  47.31405024  33.99499462  44.07977301
  36.16263495  36.73926861  45.95126271  31.84072654  41.69997877
  45.60272868  41.68336289  45.51213615  41.15092459  29.48956106
  36.2561051   41.57878226  34.25725292  44.08435614  42.77822606
  48.97642187  42.25550493  34.71772166  36.73926861  45.95126271
  31.84072654  41.69997877  45.60272868  47.23355746  34.25725292
  44.08435614  42.77822606  48.97642187  42.25550493  34.71772166
  36.73926861  45.95126271  31.84072654  41.69997877  45.60272868
  41.15092459  29.48956106  36.2561051   41.57878226  42.20664923
  43.14514279  33.11206208  47.70991808  51.5872015   41.7596391
  31.57596321  40.36239692  42.00516709  38.02059416  47.23355746
  34.25725292  44.08435614  42.77822606  48.97642187  42.25550493
  34.71772166  36.73926861  47.70991808  51.5872015   41.7596391
  31.57596321  40.02305811  40.52986751  36.59593712  42.11526445
  46.36851473  44.91479945  41.33049371  42.39362378  39.51484     39.50273487
  47.60928641  45.20625814  42.01641462  35.49849265  33.8885539
  34.76528866  46.51951664  40.66454679  39.18782746  38.9642685
  37.2731628   28.24963984  39.43973141  35.75071567  37.75200745
  30.92776252  41.33627859  45.51213615  41.15092459]","[ 26.94139726  24.4785798   30.31609829  26.29859937  19.72714723
  28.03438802  24.59819195  27.24835889  29.6298125   22.5017864
  30.40507023  26.94139726  24.4785798   30.31609829  26.29859937
  19.72714723  28.03438802  24.59819195  27.24835889  29.6298125
  22.5017864   30.40507023  30.49292642  31.64092224  33.30376806
  29.19208118  24.39487052  29.60312163  29.09286985  29.24957937
  30.01759696  25.43031237  32.42580112  27.39564674  29.0432877
  23.08247345  32.3051953   29.68963384  34.66988083  30.52265302
  18.25983115  20.5024667   32.2562511   22.302932    27.2827486
  34.21870928  31.51198966  33.99667921  29.77769616  21.30232111
  29.21182409  29.20245357  29.45931556  29.74522437  29.0047222
  24.77177228  30.46739107  29.4559848   29.27446551  25.88315886
  25.42418152  25.48992823  29.06790492  33.58258305  27.52099178
  24.1331386   22.82614095  26.84455095  31.79471336  27.03481923
  30.46320841  31.81539091  27.78180774  27.20206695  30.76890774
  26.01805952  23.08247345  32.3051953   29.68963384  34.66988083
  30.52265302  18.25983115  20.5024667   32.2562511   22.302932
  23.35883244  26.92193733  30.52265302  18.25983115  20.5024667
  32.2562511   22.302932    23.35883244  26.92193733  23.43957715
  35.86403865  26.94139726  24.4785798   24.90253371  27.19320778]","[ 57.88129196  56.40988213  57.00740229  57.3769607   55.22739833
  56.09418446  55.35249429  56.63342286  54.55117329  54.99289846
  46.13070546  48.76852191  51.60166535  56.84678611  61.53181666
  59.9578133   58.62032854  55.06011696  57.67966241  53.00182919
  56.2796874   54.85853727  52.88582243  52.07899845  50.63258589
  54.63466148  55.0813613   56.80318438  59.15862169  58.36166803
  56.99026635  59.61765846  59.28960396  57.24574812  56.48698431
  63.18211639  53.423698    49.88479669  50.4040081   57.13724266
  58.03825429  56.5586575   62.1983025   58.42171012  58.61640881
  64.62161582  54.03375141  59.90720424  53.48280189  54.44624293
  56.89558037  60.03685006  57.0632919   48.66835308  58.58530153
  56.41406387  56.99724744  56.68784518  58.39481567  51.57689122
  57.88129196  56.40988213  57.00740229  57.3769607   55.22739833
  56.09418446  60.11535587  60.62907604  55.3335109   56.03062882
  58.17640756  48.9360811   59.4803461   54.4583009   57.18589114
  53.75705659  57.31043208  54.98364846  51.66209054  40.80299463
  57.69576029  51.94552109  59.25387036  54.70400218  56.37934932
  58.98167356  54.8444836   55.21043088  55.4117884   54.98364846
  51.66209054  40.80299463  57.69576029  51.94552109  59.25387036
  54.70400218  56.37934932  58.98167356  54.8444836   49.54168256]","[ 59.11017035  61.22941785  65.39803965  69.91428671  61.83821115
  65.26559139  55.07862926  56.39393021  57.08911153  64.35757414
  55.80695702  56.47889495  67.14033757  66.74291808  59.7178034
  59.24340151  65.60592888  65.21107004  71.90344234  54.98033495
  60.55651704  58.1765952   56.82078524  60.20286893  62.34310149
  55.95087224  65.07238929  52.25625853  67.56692996  62.07993727
  59.11017035  61.22941785  65.39803965  60.0035826   55.47402205
  66.43555228  62.93139585  66.48147709  70.78493104  71.86458857
  64.48606528  60.486577    62.65868796  65.73504714  66.50635901
  55.4407339   67.99017192  58.84532772  64.16272894  62.29535648
  61.11548428  67.19676153  64.22123113  62.12366389  56.14018594
  60.75582446  69.23313827  60.90597624  56.82078524  60.20286893
  62.34310149  55.95087224  65.07238929  52.25625853  67.56692996
  55.47402205  66.43555228  62.93139585  66.48147709  70.78493104
  71.86458857  64.48606528  60.486577    62.65868796  53.97195741
  64.75543265  69.23313827  60.90597624  56.82078524  60.20286893
  62.34310149  55.95087224  65.07238929  52.25625853  67.56692996
  62.07993727  59.11017035  65.95127496  70.31403176  66.28100969
  67.96685629  70.64923266  54.51078408  67.53907117  61.89583391
  63.24418794  64.65389414  66.61876567  65.39706723  60.48777351]","[ 54.77561582  49.76699991  52.50605828  48.44128097  47.97563858
  41.42415467  56.32063074  37.39384202  57.91670915  45.46281501
  47.96287668  51.40689961  47.34261976  47.46604136  49.62913378
  43.90656635  46.74496603  45.88529972  50.25470599  46.11750957
  40.14407814  42.51807418  54.21113652  49.09974321  52.94843675
  45.49938838  50.99996075  47.93459957  59.05840043  51.10251756
  48.03846628  50.04166143  53.17932406  50.25423035  54.09983842
  52.29797703  53.55469268  44.86579199  46.94701111  46.40574493
  47.37874936  52.83356008  44.92019462  45.78183907  42.43587424
  59.05840043  51.10251756  48.03846628  50.04166143  53.17932406
  50.25423035  54.09983842  50.9062206   49.98947344  44.85517373
  56.73648011  44.51179044  43.82313936  53.33090915  46.2150457
  49.87286932  46.04918246  51.89065563  49.79429205  48.12325772
  45.53740808  51.46745674  47.08366071  55.4399316   47.72453182
  43.43045583  39.07867056  47.0044091   47.30495799  42.88564456
  47.37311206  57.35105278  55.10924725  52.61389984  46.75084207
  47.24569985  46.49030148  54.22121501  52.13687928  59.26699697
  47.3393668   50.93744021  54.46450731  50.38712089  34.21548974
  49.10261001  47.10145805  45.02799654  50.7691023   46.22055716
  45.89807631  52.11095085  49.39579176  50.38712089  34.21548974]","[ 65.01048063  69.43027815  79.11439576  76.37463781  64.78208394
  69.35098229  73.66394053  67.38812278  70.1969255   74.34312052
  69.44826316  73.34079119  73.84746586  70.76387116  71.17666371
  67.12062103  58.17453532  72.50827057  69.4239618   75.41106697
  73.68437125  74.22848228  64.261326    77.12071607  75.00530959
  74.97485705  66.28773819  68.85604071  71.90152451  73.34079119
  73.84746586  70.76387116  75.39218024  63.47708184  76.32334292
  75.68422764  71.76229719  67.39768419  70.40415911  73.07880673
  62.18799711  72.44792376  72.04985857  73.74594506  69.91906416
  73.35244459  70.64979952  70.41264383  70.60389709  74.69775816
  68.03738863  75.02337337  65.59442972  75.87244209  71.17666371
  67.12062103  58.17453532  72.50827057  69.4239618   75.41106697
  73.68437125  74.22848228  68.51408818  72.97666085  71.94242184
  69.78933391  72.90558025  71.41080902  66.64441184  65.4046636
  66.24653739  69.24877884  76.60337001  66.23473955  75.87664196
  67.52157107  74.16204884  65.26191452  74.17907253  75.64693846
  76.99689195  72.46230921  73.81777309  64.19447043  73.58868898
  70.68104526  73.817551    72.50827057  69.4239618   75.41106697
  73.68437125  74.22848228  68.51408818  72.97666085  71.94242184
  68.43699909  76.30883591  69.5256123   64.79201762  61.5462264 ]","[ 43.26696044  42.86206337  38.82902681  49.88757357  50.96310712
  48.51293736  35.27181201  43.03911095  43.70044194  43.25245189
  37.69683156  37.6177223   42.59280558  45.06121231  37.39818547
  41.60218354  41.84970507  44.43715033  36.93225727  43.88455113
  35.27016093  43.3975256   41.77256521  53.16335571  37.7509365
  57.88265464  48.43089015  47.83585831  46.23052429  44.05134859
  45.85472627  45.64851234  46.09968858  40.65591725  35.30275647
  43.79246781  36.05883017  39.80783784  45.6276387   48.23405205
  47.25276164  47.31893126  41.18196506  38.70519102  43.84231621
  54.38422125  49.4897509   47.36104616  36.24915389  37.1466237
  36.40100363  48.74847625  43.64451612  47.51338353  46.79650892
  45.33114176  43.44018362  34.53574533  43.47875246  48.93452359
  40.6521531   42.51388508  46.01283025  44.43750165  42.36477722
  50.54551589  44.31575842  45.19563475  46.89876593  42.25109622
  43.63361646  43.26696044  42.86206337  38.82902681  43.62913623
  42.36134878  38.11822438  36.51470065  46.4381258   47.23244318
  48.70948672  44.87072092  49.28532418  46.54249616  35.4721314
  35.27181201  43.03911095  43.70044194  43.25245189  39.05646325
  49.00794685  44.19745443  43.04431088  44.45253236  45.67259418
  47.37211753  54.17053436  45.85093017  37.69683156  37.6177223 ]","[ 66.56025305  68.48425642  66.90056689  69.6181858   69.06307607
  65.14270501  59.12642626  62.98390512  55.85135575  76.71629383
  67.79465709  64.68819356  70.00267505  59.02932654  64.06276904
  72.1423827   59.0925958   65.02881124  62.9136325   63.44320774
  61.17097253  63.30640516  61.5704524   64.66909646  72.66911861
  64.15058606  69.54391505  66.21280506  68.32808991  66.06975022
  56.60764173  71.95011198  61.94759923  60.23393651  62.57634761
  69.89232269  65.55653194  64.33238667  61.96650576  66.2214432
  65.7659891   65.80013937  66.1085449   65.93847489  63.20170903
  62.14548127  62.17777382  63.91780981  63.4952043   67.77507463
  64.61306754  61.12430128  68.6547005   70.10510402  67.31447461
  70.97638629  63.3450156   56.43158281  61.81674312  67.22577916
  66.7999489   72.76290266  69.2827578   66.56025305  68.48425642
  70.56257181  65.93847489  63.20170903  62.14548127  62.17777382
  63.91780981  63.4952043   67.77507463  64.61306754  61.12430128
  68.6547005   61.93059061  67.19254007  62.56065749  64.13739996
  56.81936324  63.20606861  65.09786191  65.83091539  59.98889791
  60.86887136  66.60573381  64.54564585  57.76556539  67.77227196
  60.2931549   67.06602201  59.54341784  67.84271741  64.54872622
  65.82314108  67.6361661   68.03209092  59.12642626  62.98390512]","[ 46.95072603  52.09779886  43.21111954  48.92843051  47.22610788
  49.24556204  41.52343224  46.04466344  47.92267695  45.51761187
  49.7950864   49.47205591  41.42924851  46.95072603  52.09779886
  43.21111954  48.92843051  47.22610788  49.24556204  41.52343224
  46.04466344  47.92267695  49.55479453  46.18395828  48.82100645
  51.1363415   51.09579357  50.24689354  41.58915784  51.27880876
  47.05095397  45.42902711  47.62666977  41.32861421  48.79610992
  49.32420691  51.97785971  46.64411868  54.22992868  49.404811
  53.62864532  50.1323162   49.55281702  47.99123306  46.70125485
  44.46269918  44.90429693  56.46638486  47.74336202  46.78315802
  41.20491606  48.22348731  48.01894445  48.57427194  46.34152641
  42.72763318  45.84459165  46.49845302  48.24144702  49.60282472
  49.49291628  45.59467555  46.9431513   51.79559382  46.3143491
  43.27651707  52.19638312  48.55198391  45.53439664  50.49140728
  41.78536272  45.57557784  47.64850765  49.29775859  43.05764286
  54.19409997  52.216206    45.13215811  45.13215811  42.32840633
  55.14355036  46.02714679  42.1863172   49.55088157  49.15862079
  45.15732317  50.86815389  52.78961164  42.1863172   49.55088157
  49.15862079  45.15732317  50.86815389  52.78961164  47.64366363
  52.52041615  48.52431591  44.50853674  48.05149165  47.5824621 ]","[ 45.40295142  25.00883183  46.6908761   42.07830816  42.44083855
  33.07081041  47.27326262  39.16615429  42.67447963  46.55557135
  45.99964707  46.55557135  45.99964707  42.98750959  45.85292631
  45.92488278  45.17744537  41.98232492  42.53982528  40.08449257
  42.26543616  42.24694435  44.54820196  46.99410532  37.48970809
  48.65243406  35.99708124  42.78444509  41.50892478  46.63387442
  43.85121635  43.79576951  39.82650798  42.62610383  49.89896931
  39.76301176  39.29918932  36.07924815  42.3901276   43.58105988
  33.86001439  34.20166146  49.68919061  34.85061041  46.82313113
  45.49917326  38.98877718  38.42045826  39.16384413  49.43342611
  43.69314528  44.13178627  45.67811437  49.56828724  43.93759609
  43.8213314   41.42304471  45.38059066  44.04402876  37.61105278
  40.98359991  43.20345864  51.23186756  39.01012018  44.85625553
  43.09644259  48.0748325   40.70186391  44.25815713  49.24138073
  45.35700501  46.23673397  47.77068728  45.52632914  37.83383988
  47.12384617  40.43834548  42.86311026  38.3355261   44.66916554
  48.44524828  45.40295142  25.00883183  46.6908761   42.07830816
  42.44083855  33.07081041  42.48441057  42.12214233  24.83957599
  43.13585142  44.14249184  46.687641    46.2571807   47.25993707
  46.17877162  45.13933915  34.80010367  45.44063033  33.62900669]"
"[ 46.62509917  47.96901289  48.2578379   31.9871968   49.27255459
  47.64827374  43.14114454  30.43162388  43.56024719  39.05371933
  35.08075339  30.43162388  43.56024719  39.05371933  35.08075339
  44.49705182  39.93995026  39.41402761  34.93626207  44.99842133
  34.49284486  35.42949588  41.7394676   39.04727451  32.30714272
  42.23145387  51.56381468  34.13152873  47.77935024  34.39409287
  43.10106056  34.8239797   50.86652206  40.32581874  42.78598709
  43.1446148   47.82888384  38.79630029  33.76672231  38.54623863
  44.82340093  40.58888818  26.39099182  43.3539068   44.20608343
  43.88388457  43.14114454  30.43162388  43.56024719  39.05371933
  35.08075339  44.49705182  39.93995026  39.41402761  34.93626207
  44.99842133  34.49284486  26.39099182  43.3539068   44.20608343
  43.88388457  40.83181866  44.38023129  42.36926155  37.67889977
  44.16097222  38.92782467  42.65675331  46.87134242  46.51613761
  29.08247241  39.63735904  37.95409014  41.7663737   32.26426663
  41.40706221  35.57729412  44.01204912  39.41402761  34.93626207
  44.99842133  34.49284486  35.42949588  41.7394676   47.47945313
  43.1446148   47.82888384  38.79630029  33.76672231  47.47945313
  43.1446148   47.82888384  38.79630029  33.76672231  38.54623863
  44.82340093  40.58888818  26.39099182  43.3539068   42.1141602 ]","[ 31.82996197  23.68781292  33.43757769  23.26349806  28.87775971
  29.65555385  27.03381253  32.40927439  28.83049938  23.99442577
  28.01998632  23.26349806  28.87775971  29.65555385  27.03381253
  32.40927439  28.83049938  23.99442577  28.01998632  23.50250596
  29.35783944  24.00813409  23.70314175  29.13295067  31.82996197
  23.68781292  33.43757769  23.26349806  28.87775971  29.65555385
  27.03381253  32.40927439  28.83049938  26.28355269  25.40128751
  29.82900035  30.5044298   39.83046885  27.99857205  27.89189756
  38.001975    27.48120657  27.32908719  27.09672181  24.00813409
  30.73213444  26.65279531  22.1310047   34.28133742  27.40315566
  20.7194983   31.55074083  34.69726783  28.32392616  26.15080994
  22.4009664   22.4009664   23.01913863  27.76918837  23.68678134
  34.51586528  34.24773307  28.21989846  28.48768466  32.50458959
  26.28355269  25.40128751  33.05301069  35.40018744  30.67948702
  30.29891263  29.82738755  34.90855412  34.0237905   35.67388368
  30.84712894  35.23653727  31.59655895  24.00813409  30.73213444
  26.65279531  22.1310047   34.28133742  27.40315566  20.7194983
  31.55074083  34.69726783  28.32392616  26.15080994  31.17607857
  33.23529607  31.10900081  27.86572753  33.59687616  26.59573178
  31.62146781  29.7401659   25.64539331  29.9954666   32.91623069]","[ 56.71269357  59.79658116  53.32347922  60.42350539  56.9189051
  52.3662742   58.67316374  51.92994046  59.962064    58.21820337
  58.38752919  57.29275802  57.1290188   57.8196715   56.28352415
  55.76887316  54.58433866  50.2126353   60.02433407  51.98281576
  57.87464131  60.15285721  55.45498933  45.05244947  60.08473525
  60.79210253  56.44393697  62.92192438  51.24144137  53.9808295
  50.03091127  55.76035332  58.15806802  59.02972655  58.53485253
  56.62732788  54.42161744  59.34004734  60.17248168  62.54375117
  56.30081683  58.58331533  56.33776464  60.27897142  60.23110503
  52.63654461  55.64252546  56.35870325  48.35811124  57.3128105
  59.48058598  58.44794723  56.85735557  60.84687404  56.63721781
  54.55710406  58.97714107  58.62880209  59.65965556  57.10608541
  57.6667754   56.4923643   54.40908072  61.46386833  61.02766005
  56.70075049  51.24144137  53.9808295   50.03091127  55.76035332
  58.15806802  57.57888746  60.21047685  61.50901015  57.18677907
  58.86589405  65.54424716  49.25677165  54.40091838  51.67219467
  53.79077406  47.88006824  60.88090714  56.71487198  56.69563046
  60.70602105  61.85671925  47.86814665  57.30405115  55.57753401
  59.74386052  51.4182381   60.37016171  57.50207359  51.25209786
  53.74044266  59.82914319  55.24305803  60.40543115  59.02972655]","[ 64.30932743  54.41952999  59.43323038  64.07935505  60.37412051
  56.66722043  72.00339891  68.70760574  62.29601288  66.15694774
  62.64186052  68.26475339  49.24982092  54.77801605  53.73638664
  66.43003768  66.1633242   66.54162788  66.41792909  62.1033861   71.017719
  56.261651    63.95366132  69.63859809  61.71190705  68.26475339
  49.24982092  54.77801605  53.73638664  66.43003768  66.1633242
  66.54162788  61.76220771  62.47328954  60.3309723   66.02325951
  64.19510366  72.56560037  60.6602221   57.88216761  58.47561325
  69.23668664  66.77027504  59.8489007   60.95834765  56.22638189
  62.29285425  63.14663046  60.06154295  56.65210332  64.02275762
  57.0074569   66.82011061  64.69096307  64.05205103  64.30932743
  54.41952999  59.43323038  64.07935505  60.37412051  56.66722043
  72.00339891  68.70760574  62.29601288  66.15694774  63.70290953
  57.05684156  65.02106511  58.24658287  67.21097261  64.12013755
  63.86442052  61.19641226  70.1700727   68.15139196  71.05963277
  62.1033861   71.017719    62.72512337  62.72502113  52.76095143
  62.49348424  68.83815823  54.20248969  59.99664187  58.67232488
  60.56946437  69.63859809  61.71190705  68.26475339  49.24982092
  54.77801605  53.73638664  66.43003768  66.1633242   66.54162788
  66.41792909  62.1033861   63.0178959   60.42282581]","[ 49.61362587  49.60862983  50.82394336  46.56358179  44.70499224
  40.68656392  45.70712872  45.05085457  43.86736966  53.31949209
  48.87614256  56.85042277  54.71977689  56.30504748  45.51427347
  50.79807031  52.83962408  58.75923411  50.2539636   44.37166673
  58.00325381  56.23524401  53.90197934  44.7554017   43.16845551
  50.97271373  51.09362049  42.30956726  52.56935833  42.49993359
  45.17459399  51.34702549  37.78773912  40.41099331  50.86573946
  42.36529093  53.0729559   49.26708967  55.51860344  35.97971852
  46.31116174  58.88135778  46.34116526  46.25791049  46.56358179
  44.70499224  40.68656392  45.70712872  45.05085457  43.86736966
  53.31949209  52.68338127  55.35560798  54.32454403  58.47909201
  58.47909201  50.02321953  47.83801269  51.25087011  44.36725397
  52.39226966  50.07326764  49.1078385   44.92221914  48.01029153
  44.63371421  52.23900649  58.19630403  38.75298706  45.76624935
  57.50052076  50.7009044   59.0361143   49.51668659  45.27444203
  49.61362587  49.60862983  56.30504748  45.51427347  50.79807031
  52.83962408  58.75923411  50.2539636   44.37166673  58.00325381
  55.16851825  50.11072331  39.50898592  48.88294232  54.6112876
  48.48180876  47.65362138  51.02254804  52.75245917  41.43469956
  56.7493243   54.40619415  39.02382403  60.47928179  48.61867826]","[ 75.71551973  66.22850243  68.97843159  65.93884204  78.72678008
  75.92776046  64.79643801  70.21847811  70.61826436  72.28462546
  69.21074221  71.90654865  72.17811022  75.33269244  77.08125076
  67.1241626   65.04584456  75.16389684  72.85808616  71.64020788
  69.80258237  73.49219323  70.95648503  71.41789178  67.54863388
  73.5863456   72.56379773  71.72463195  65.83885845  73.88987142
  72.89216002  66.5078311   75.15305226  76.64682706  71.73851468
  69.64204108  76.98059888  69.49222589  76.6060371   69.86202672
  73.07946306  71.64005711  69.96338903  72.60493317  66.80718597
  63.30980481  70.83423029  56.65377251  62.77058263  72.00743433
  66.45242274  64.20458594  72.60198773  75.61405599  73.93049817
  76.26598251  71.85144197  71.03021748  67.65632719  66.36178432
  58.88844427  73.20273804  67.37906691  77.05315022  78.0636715
  73.7540425   58.88844427  73.20273804  67.37906691  77.05315022
  78.0636715   73.7540425   74.80993042  72.40138339  71.73851468
  69.64204108  76.98059888  69.49222589  76.6060371   69.86202672
  73.07946306  71.64005711  69.96338903  72.60493317  68.64925877
  69.92010833  75.99182655  73.07946306  71.64005711  69.96338903
  72.60493317  68.64925877  69.92010833  75.99182655  65.51951051
  75.83435149  76.65402364  73.64393042  68.91419864  65.72218123]","[ 49.64772363  38.31391614  40.88239123  45.38514268  41.97634598
  43.15543828  50.68497125  44.11435144  44.8903096   54.17231442
  47.06273094  42.04103687  46.55366468  39.12260523  39.89495648
  41.6586071   42.77110363  44.0673973   44.51079073  41.30778111
  46.2295797   49.89908066  39.06424646  46.81286401  48.13361584
  44.6962672   45.86218434  43.1727888   35.60603452  37.5019046
  53.31132229  41.04595709  42.37844442  38.39899195  53.55835977
  46.10765179  44.56879865  42.10279643  42.37105125  46.3722488
  45.33293317  49.08253042  38.85375987  43.04998774  42.47961956
  42.53526469  48.83175818  43.25582497  42.08627744  44.82466802
  36.93174387  42.02509267  42.04103687  46.55366468  39.12260523
  43.70244214  48.34474066  46.79266119  42.24397319  41.39411629
  47.57427365  36.74682092  49.32302788  51.27250408  49.18894518
  42.01361482  39.59959886  44.29932478  41.16124042  34.15107027
  37.0828668   38.32290537  43.73865903  43.44442032  41.97402659
  38.05063764  45.9826993   40.41513686  42.95778532  44.03089724
  35.41195435  50.15420306  44.42469326  42.2657801   47.37895194
  46.25915124  45.187066    44.362438    47.54493688  43.51329341
  51.28767544  41.73128742  47.24720097  46.46000133  47.46837175
  42.47961956  42.53526469  48.83175818  43.25582497  38.39899195]","[ 62.58490101  53.56744314  66.23258009  61.41919367  69.56388681
  69.78702368  59.00683056  68.50986138  58.19184901  63.12055344
  66.48082827  69.05019339  68.25501488  69.38685608  68.69475372
  66.63220428  63.19140639  69.16584873  61.46619438  66.06050679
  61.3321521   63.86038075  69.32098912  68.19265949  67.10546993
  64.50091959  65.70444657  71.97268558  70.69831391  60.66614545
  64.32896206  67.09947641  69.32098912  68.19265949  67.10546993
  64.50091959  65.70444657  71.97268558  70.69831391  60.66614545
  64.32896206  67.09947641  58.47265226  63.7661774   64.66135692
  64.97861923  69.76897073  72.70461435  69.62177778  64.50030234
  60.2375785   61.64598719  64.22926625  66.25322766  70.24133914
  60.125305    53.2220264   64.43002025  55.18122077  72.77669493
  66.89208565  63.49074691  62.52331445  59.68006684  64.16579277
  59.68006684  64.16579277  74.5412095   60.71332121  63.21190922
  66.34007736  62.58490101  53.56744314  66.23258009  61.41919367
  69.56388681  69.49630338  67.04113703  69.41097415  62.03521049
  64.45917569  61.35624717  68.49941534  64.99895487  71.49931606
  68.20244017  64.13021522  66.21171494  67.82486488  66.71341505
  63.04252235  59.61284415  64.82392845  70.28972271  64.24925677
  64.58267915  61.29621846  68.42747672  62.88938919  62.43937111]","[ 51.25619527  50.97192416  50.20801083  47.09298217  56.29259976
  40.58072097  51.8911405   49.90484552  50.89829029  47.34987985
  52.62848322  51.36330842  52.97039063  46.34696665  52.80861281
  52.95351535  46.47199423  52.88936412  44.80427019  49.03293702
  46.50965054  55.55184262  53.94324852  47.4384244   50.5428499
  45.92784423  49.20740776  49.23972775  53.69208189  47.71575482
  47.91507304  54.88149711  50.46491584  47.2426527   49.53557931
  49.21418134  50.66965732  43.1504222   48.84676068  49.13676413
  49.79889109  45.3424739   57.51410076  49.02430197  42.02560554
  48.82385744  52.86706521  52.85301201  49.46612339  43.16703002
  50.20612016  40.06718519  47.96166491  49.46612339  43.16703002
  50.20612016  40.06718519  47.96166491  50.31941112  42.40659409
  48.97352742  54.03785371  46.37091148  46.93724186  50.33711123
  37.21212064  51.76866317  45.58786524  51.15848972  49.80307393
  53.18608153  50.57638505  45.14130091  47.66525934  52.16684606
  46.48417447  41.55668164  51.99286812  51.41819115  45.92518249
  50.16618675  53.81898293  49.33296314  55.07992885  49.02430197
  42.02560554  51.76866317  45.58786524  51.15848972  49.80307393
  53.18608153  50.57638505  45.14130091  47.66525934  52.16684606
  52.1076135   50.18963029  51.58459905  56.46820896  45.13477383]","[ 47.36161567  43.02969123  44.64851352  41.09904242  47.64857691
  41.40874563  48.42603698  46.71023709  51.94277908  46.1030735
  49.51834426  47.84288412  38.48334955  47.41398901  43.91667633
  42.87621328  44.34390714  48.36737341  48.90022773  40.87957265
  53.18322677  42.24573712  47.65701766  37.19069979  46.42643925
  47.28087543  37.96919517  45.47392457  45.55430324  40.13599213
  41.98926825  34.79856364  43.77222976  44.3433926   40.93797342
  38.12691342  41.04238303  33.84577119  30.57254765  48.71856782
  43.14750924  46.07018454  27.37002257  52.08799106  47.56244358
  35.64375697  41.58734171  42.48626297  53.30853673  39.08864589
  37.48704063  39.92435303  44.10995866  45.67995304  29.32316727
  42.92893969  48.42603698  46.71023709  51.94277908  46.1030735
  49.51834426  47.84288412  41.65751178  45.06936478  44.33110458
  44.66890432  44.66890432  47.53759474  41.54862007  43.10583237
  46.3442384   48.02055648  44.4210409   47.68739871  43.23003389
  32.68355787  49.11074123  31.12695463  43.56464044  45.607632
  46.77224457  37.58446735  47.96357741  40.482675    41.79950193
  45.34095052  37.57887861  46.56665645  47.75150658  43.40153875
  45.89625538  39.07254383  51.30204497  47.98451954  44.1813887
  45.3912712   45.24006009  42.55294412  53.93468182  37.72585306]"
"[ 31.01611713  47.49184404  39.77413717  44.13265927  45.10870232
  46.12960111  42.34538452  36.67273427  44.32439916  40.24442532
  45.9758987   44.32439916  40.24442532  45.9758987   40.03946178
  35.0440489   35.37827434  44.20856502  29.90480322  37.27058547
  45.62731619  43.63170867  29.90480322  37.27058547  45.62731619
  43.63170867  40.82136574  36.73602423  48.4112328   38.52391101
  47.96974816  45.39984857  47.87208781  42.34538452  36.67273427
  44.32439916  40.24442532  45.9758987   40.03946178  35.0440489
  35.37827434  44.20856502  29.90480322  37.27058547  43.36130426
  36.98784581  41.57649942  46.48958694  39.22256614  38.43703861
  50.1828339   31.10656934  45.82589101  47.38747368  39.7538168
  40.88892818  41.54290945  33.27966542  44.84368786  40.57003073
  37.88543105  39.96326458  38.8259737   43.28259705  48.36108532
  45.6064801   33.48458333  40.0937136   47.52711897  40.57656582
  31.01611713  47.49184404  39.77413717  44.13265927  45.10870232
  46.12960111  42.34538452  48.19050792  36.88225615  33.48458333
  40.0937136   47.52711897  40.57656582  31.01611713  47.49184404
  39.77413717  44.13265927  45.10870232  41.71293626  41.36350741
  45.52602902  37.64054978  36.29867986  43.06978583  43.49223823
  33.69357261  54.53661109  45.07570732  39.72936067  26.49922147]","[ 26.32295319  24.02789748  37.04344316  32.84123339  32.70250894
  30.38670775  35.1718021   31.28898754  27.86811382  25.91571958
  23.50116964  29.05425276  35.65866478  34.23689444  29.10650313
  35.25407043  31.94353752  16.53304258  30.06722117  29.30328826
  35.50267673  36.92689932  33.35779375  35.02207478  31.48304714
  31.09273839  31.81670334  34.44137234  32.9771287   31.82565958
  35.25910145  32.86551825  25.88592941  32.45189615  25.28126489
  25.73219174  38.88864793  36.57089847  25.2753859   31.96204281
  39.28886248  26.92013667  26.32295319  24.02789748  37.04344316
  30.80964113  28.49641247  34.28935547  31.08708274  40.02205011
  36.2109092   28.46702939  31.57915864  35.06400021  28.30682327
  35.7408806   28.49641247  34.28935547  31.08708274  40.02205011
  36.2109092   28.46702939  31.57915864  35.06400021  28.30682327
  35.7408806   25.28126489  30.03596381  31.199987    25.11801238
  35.36075449  32.48653452  28.2028976   32.43483012  31.44829822
  34.66471846  31.97332393  31.85518507  26.33679403  29.05425276
  35.65866478  34.23689444  29.10650313  35.25407043  31.94353752
  16.53304258  30.06722117  29.30328826  31.3925445   35.67962547
  33.27994885  26.87755916  36.61175732  33.10340622  39.47835358
  37.11776267  29.00633143  26.55835253  29.10650313  35.25407043]","[ 63.49623636  59.73025678  57.29150576  60.66548696  55.22700211
  59.87992362  43.91270545  56.29774745  57.54848968  60.06115002
  54.4452809   58.24816876  49.04231688  56.85013864  59.39160016
  59.35169182  55.4050587   57.03648146  53.30145555  57.3897539
  59.78212231  51.25876139  58.38544661  59.44287005  55.43776619
  46.4264762   56.94878344  59.76529582  54.32113063  57.68430106
  59.77290263  58.92292941  50.08740683  57.0434642   58.12105507
  47.82055953  57.01342468  58.79577322  58.54061139  57.754155
  61.89027018  56.81292385  55.35760163  58.24816876  49.04231688
  56.85013864  59.39160016  59.35169182  55.4050587   57.03648146
  53.30145555  57.3897539   59.78212231  60.16722462  59.82446688
  64.13278062  55.65197195  59.94056881  53.49081381  61.10439292
  57.61366233  52.39892087  59.49361019  51.78426628  60.40926224
  57.61366233  52.39892087  59.49361019  51.78426628  60.40926224
  56.87846578  58.83835734  57.41795697  63.72701176  59.32494268
  50.08740683  57.03179016  55.37498683  59.71767526  56.94625667
  59.05899966  58.55949013  56.31299808  57.8552583   58.33060192
  58.48635921  55.73619019  57.3740016   55.65795492  56.23702375
  59.8907057   57.8925253   56.7112401   59.22579616  53.33074142
  55.71245164  60.04096476  56.87645228  60.37734469  58.43656066]","[ 55.15753239  61.00785658  62.81406761  62.8389521   53.28189264
  68.87149767  53.34560537  59.05707769  59.98176085  55.71234092
  64.88391618  57.73518108  56.7916785   62.49804415  60.55582723
  61.74756927  66.57059605  62.68548353  54.51650849  55.25122238
  60.47152922  65.68808329  68.38220487  53.73071907  62.42756131
  58.53445717  63.27778799  58.9443115   61.97204905  67.002179
  63.05503972  50.74855175  62.76433126  65.54640588  59.53080378
  55.96312893  64.0180398   58.51315228  60.01377089  66.36145327
  61.77679324  56.06259759  56.67446441  58.26713328  62.49804415
  60.55582723  61.74756927  66.57059605  62.68548353  54.51650849
  55.25122238  60.47152922  65.68808329  59.72341023  58.79649229
  63.30646735  58.71359895  57.8373304   68.38220487  53.73071907
  62.42756131  58.53445717  63.27778799  58.9443115   61.97204905
  50.74855175  62.76433126  63.6578269   65.16207313  64.60267437
  63.8574377   58.55028598  56.60239958  59.52702852  61.01909813
  66.64625774  58.79305599  57.06319044  62.98395372  54.21805473
  63.85908432  57.24056143  57.27880441  62.88152169  60.74932588
  55.34948768  65.33791734  62.98395372  54.21805473  63.85908432
  57.24056143  57.27880441  62.88152169  60.74932588  55.34948768
  65.33791734  60.02282346  59.34453745  57.8373304   68.38220487]","[ 53.24542555  47.00261044  49.15963726  47.57602225  49.82924248
  40.60223297  44.67126488  51.60731086  52.28363476  44.79224893
  48.57532773  50.20378784  44.18230914  43.31072949  42.75146387
  46.99765959  52.32680676  39.07572026  51.0559303   40.10192669
  47.90535501  45.79148139  52.94385588  53.80705074  41.44070875
  45.39070133  48.50135513  45.83681717  45.11408101  54.13861262
  48.12208437  41.47441891  46.67531943  53.24542555  47.00261044
  49.15963726  47.57602225  49.82924248  40.60223297  44.67126488
  51.60731086  52.28363476  44.79224893  47.73903255  51.93855058
  51.73740165  56.63279914  45.95401804  56.68602418  45.6474449
  46.24428847  46.27454881  42.09254252  41.72604791  50.143351
  42.01453268  34.76453424  37.53685883  43.72577336  50.27924472
  50.11297713  40.93822957  43.71539441  51.15021523  44.32975329
  55.5730123   49.38831208  36.37094701  33.05208707  36.69116711
  37.38142784  49.89956313  52.28236447  48.72960788  45.79148139
  52.94385588  51.88928149  39.75495621  49.51671431  48.65528029
  47.95060949  50.32718796  46.02755789  53.68286638  43.20547707
  50.70430129  52.33703553  45.39070133  48.50135513  45.83681717
  45.11408101  54.13861262  48.12208437  41.47441891  41.44483647
  46.81922151  55.19672002  51.88928149  51.74918699  45.49195473]","[ 78.91355605  75.75726335  63.3722731   60.81438681  65.70731339
  67.84685328  68.55246725  70.03340127  62.22667758  55.93351548
  74.91910162  73.5056638   70.79685296  68.58346247  59.23560371
  69.96438397  69.38432675  68.56526102  58.49411723  74.60064316
  72.81009917  72.77636697  71.72530359  66.38358337  70.06459321
  73.25124859  72.4069818   66.94870144  59.47511457  70.05976628
  63.73434143  70.64964585  67.19699244  73.25124859  72.4069818
  66.94870144  59.47511457  70.05976628  63.73434143  70.64964585
  67.19699244  69.99683855  68.03387254  64.50495355  73.22810032
  66.44078291  65.95858326  75.67834146  68.99823225  76.55028184
  72.06201326  75.97866018  71.29584174  70.76814278  76.35130343
  69.38432675  68.56526102  58.49411723  74.60064316  72.81009917
  72.77636697  71.38667445  71.72530359  66.38358337  70.06459321
  67.76826599  53.71268999  67.78140302  75.12354851  64.5618387   69.240568
  67.63973582  65.75653392  75.66605603  69.92039576  71.55776565
  70.05976628  63.73434143  70.64964585  67.19699244  69.99683855
  68.03387254  64.50495355  61.69531588  68.36255994  68.91911152
  61.42985136  71.00874714  65.98416412  74.37782174  75.13243732
  69.68771695  71.14741067  79.72126416  76.48033217  71.74259745
  61.44677679  73.04699817  65.55895561  63.82514858]","[ 42.64584053  46.48234017  47.22870563  41.26329739  52.59789324
  44.22394552  52.15972102  47.40535191  45.86097934  42.6275823
  52.44226155  36.20206899  44.52504872  48.69230306  38.47111352
  40.98685481  52.83764904  45.71033821  43.4280691   38.39004391
  48.80782012  42.46371671  48.12603595  51.09979544  38.30881553
  42.51739878  45.11685901  51.17373607  53.14985133  48.47863627
  47.09385668  42.86256322  50.33156193  50.14773926  50.71136019
  41.8147047   50.54261623  44.48528191  43.61802281  46.71595619
  53.35639975  40.89376513  43.01988654  44.42191321  40.3140721
  55.34095654  55.50207025  49.01748264  43.686157    47.55337258
  49.79160916  52.63349757  50.15600956  52.67266064  52.71380578
  55.34095654  55.50207025  49.01748264  43.686157    47.55337258
  49.79160916  52.63349757  50.15600956  52.67266064  52.71380578
  41.95377066  55.04439812  45.32093117  44.13791297  40.91902217
  45.85067315  54.2414018   46.05970977  42.64584053  46.48234017
  47.22870563  41.26329739  43.12171212  44.63615812  37.37718496
  46.72980849  45.70871294  46.49272264  45.48030022  55.04439812
  45.32093117  44.13791297  40.91902217  48.07083718  50.91447975
  48.99477132  50.56802254  43.48281194  46.32117264  46.15047711
  55.49527234  47.9886522   48.00736852  50.9939769   49.43600951]","[ 63.60437168  59.93592203  70.1128535   71.63437672  69.53987827
  65.83638959  65.08091932  63.34333942  66.8634127   68.44592602
  61.44483816  60.90314942  64.786801    71.32420772  63.39470762
  64.10769981  63.27783648  70.14977225  67.27991384  67.06076905
  60.66854671  63.64629595  62.25761756  65.45723682  71.27392722
  57.87926638  61.00802285  67.60932553  67.60503102  65.89483898
  63.60818002  61.64052901  68.3057943   64.12679078  63.0891909
  73.7578512   63.78779327  61.11945276  60.22423236  70.65150369
  62.85518875  62.09884865  57.90158093  68.79332952  63.02466704
  58.02292867  61.9560898   72.57794834  67.52351905  63.49802879
  55.71783707  68.3220295   65.6058551   59.59408843  71.73255553
  61.26966452  63.59103399  65.28250014  62.29225294  59.54067398
  68.32787279  65.85118171  61.92014815  63.49805838  67.91936362
  73.43484677  66.90323319  64.27466815  71.56939901  63.33304607
  67.39425696  65.6439939   65.97685796  62.41666219  68.7675361
  70.40420113  73.43484677  66.90323319  64.27466815  71.56939901
  63.33304607  67.39425696  65.6439939   65.97685796  62.41666219
  68.7675361   70.40420113  79.54326797  62.82338413  62.17834898
  62.97991396  58.32930835  66.90897877  74.20822521  67.62225653
  67.98229278  67.91761087  63.40210467  62.09884865  57.90158093]","[ 42.92268984  49.56104055  49.68256439  50.55050085  52.07244226
  54.98361959  48.17659824  49.73200622  47.16987224  46.57267825
  48.23072126  49.85160416  41.13148606  48.61463738  47.68516863
  50.16503339  50.21264082  53.39643702  39.07569513  53.57751648
  53.93611567  46.72798541  51.19231959  44.64088998  39.6705184
  47.61717954  52.71025961  42.31839612  47.53105866  51.15843528
  44.54298989  47.58024285  48.81618132  50.41403269  49.91994827
  51.03129635  52.84027056  52.21649439  47.02064     52.19824873
  48.21530346  52.82452562  45.44731322  44.48322412  53.84357004
  57.41765863  44.91640911  42.97657073  47.47733489  51.1628978
  51.49072562  47.30376295  45.59426752  40.7283914   44.38771484
  44.53407552  47.68181314  49.7958688   49.75134541  49.55247047
  52.84872327  54.19821217  47.93248352  49.43012437  47.4954217
  43.83375047  52.21649439  47.02064     52.19824873  48.21530346
  52.82452562  45.44731322  44.48322412  53.84357004  53.22949344
  52.3995728   48.20475457  48.81618132  50.41403269  41.70469482
  46.32789279  51.0970429   47.07751862  47.6297767   48.00801081
  38.61745026  50.83500072  43.06417151  47.6297767   48.00801081
  38.61745026  50.83500072  43.06417151  50.785045    48.10318132
  48.66706383  49.73818424  41.89139954  49.95791674  47.99441405]","[ 44.62663664  51.21913987  41.71957833  37.71277364  48.58391501
  51.8176747   45.32793867  41.19827014  38.97646258  51.34375077
  48.90376273  44.58475435  49.00153851  45.46842736  51.32128861
  53.07505401  49.18739463  54.61757263  43.68807798  44.58320582
  49.2795853   51.54214866  40.9858832   49.43614715  44.86792463
  44.62663664  51.21913987  41.71957833  37.71277364  48.58391501
  51.8176747   45.32793867  41.19827014  48.45068252  42.53139613
  37.87261255  40.54234     42.79481908  48.50435693  41.82916106
  37.65286566  39.75972435  51.05740263  41.60106422  50.72556045
  44.68848735  50.80064395  38.93885557  47.63137051  49.25181823
  42.89972248  52.19942445  46.26370658  47.5626902   44.03332105
  39.59983446  46.11721137  43.44688167  47.15173697  46.02085804
  49.07150056  49.81128926  53.63973161  44.39185347  48.72279964
  48.80460525  44.32019069  35.69276119  45.85714578  51.64491456
  41.55206796  48.40361533  51.0311045   46.80734509  40.03154226
  37.10573215  45.03879504  47.17694205  43.20437224  46.91476087
  41.8661877   49.34623419  40.74399463  47.41212041  46.22583014
  46.41600429  40.25433841  41.49145191  49.93431152  46.97736042
  47.69001505  53.85941641  52.30096268  51.73495901  46.07417058
  43.98974082  39.21979658  43.72130919  49.27517765  49.3975783 ]"
"[ 43.93473422  46.08680841  39.58988289  31.58408243  37.10857146
  42.59787542  42.2147933   35.89375185  45.76877503  43.74227819
  48.90200426  36.0650828   37.2202949   37.27216634  40.76459188
  45.8714419   39.45984555  38.45542176  37.84582291  45.73185407
  28.21901852  47.42362164  34.55669614  42.47737632  37.89018061
  31.69958948  51.0500622   40.34902879  33.84706974  41.36035871
  49.35227413  42.97154266  41.4766604   45.73185407  28.21901852
  47.42362164  48.26032262  47.31173787  49.52067426  26.69468652
  34.55669614  42.47737632  37.89018061  31.69958948  38.39147466
  48.11100053  40.860156    38.20746745  45.63213855  40.01233191
  36.0650828   37.2202949   37.27216634  40.76459188  45.8714419
  44.60824221  33.33425658  39.78922213  45.80099183  47.61621508
  38.62565904  38.39147466  48.11100053  40.860156    38.20746745
  45.63213855  40.860156    38.20746745  45.63213855  40.01233191
  36.0650828   37.2202949   37.27216634  40.76459188  45.8714419
  39.45984555  38.45542176  45.0100461   40.826014    40.0160356
  42.14593329  37.78868016  51.49391132  27.57866735  37.53383259
  38.51638396  43.00372224  38.45542176  37.84582291  45.73185407
  28.21901852  47.42362164  48.26032262  47.31173787  49.52067426
  26.69468652  34.55669614  42.47737632  35.41268345  27.80519398]","[ 25.41785229  33.29847616  30.8804901   32.05089444  30.00211987
  35.15829312  32.31705213  23.21140249  30.95687844  31.09789107
  30.47192825  26.48378561  21.30853059  31.83395264  26.75533949
  28.06944616  30.18474728  29.91147937  30.48793991  31.60199081
  31.12718179  30.66873144  27.69300362  26.99640937  37.08810208
  22.33883911  36.07148577  18.32095659  33.69123893  32.43418825
  27.24622244  27.77160704  34.03913808  33.37982662  26.07723426
  24.72962121  36.31227629  38.99050194  39.84012754  30.98804309
  35.09865965  35.8792262   30.47180681  25.36796011  24.72962121
  36.31227629  38.99050194  39.84012754  30.98804309  35.09865965
  35.8792262   30.47180681  25.36796011  25.10600605  28.06993396
  34.33336985  32.18013954  34.24858519  29.91182735  29.06467076
  32.64933443  28.68693713  35.06328365  38.37759646  33.2196277
  34.67815684  33.34193565  28.82243098  25.54915925  26.38799329
  29.44728596  33.38251623  31.74780196  36.50560571  34.33336985
  32.18013954  34.24858519  31.40349808  37.19569265  37.28089931
  27.20655727  32.1995502   37.55434615  37.88803144  28.24548224
  30.70823537  39.14433436  35.49473032  26.99640937  37.08810208
  22.33883911  36.07148577  18.32095659  33.69123893  32.43418825
  27.24622244  27.77160704  34.03913808  33.34193565  38.99050194]","[ 61.49413474  59.97748401  58.63359478  58.35352425  61.02851367
  56.42800267  57.66714403  51.38691812  54.71592777  55.23856733
  56.68962933  60.78975697  56.65242898  55.12543316  59.06547119
  57.51721193  60.32059699  62.69325105  55.45148583  60.18032763
  60.94488883  56.45378116  58.47621904  55.98681292  57.86373144
  59.02472932  57.9748492   54.58928123  57.82966445  45.80162949
  56.96280077  62.30307424  59.32312051  62.43287458  60.48541355
  55.42418334  59.8524652   51.31941722  57.7491495   54.32164099
  58.46251251  60.17656131  54.50475122  59.68808106  60.55334393
  59.63956446  62.58613461  62.37948302  63.01837444  59.29771135
  55.87947771  61.63208507  55.07680349  55.87254001  61.91335036
  56.87762388  59.02837215  56.73070072  53.52266061  57.06725518
  59.60036421  55.18259587  60.72155376  60.44750371  60.98936587
  53.85238518  57.51721193  60.32059699  62.69325105  55.45148583
  60.18032763  60.94488883  56.45378116  60.03035732  55.3818764
  61.54167713  58.01659158  55.60279376  58.52637879  58.05765147
  58.09399814  62.54156358  57.92674745  59.41917882  60.04582747
  53.54141858  59.62307278  61.11137587  58.78813988  57.74334551
  58.2995589   54.92520213  56.37382713  54.88117219  56.92667061
  58.03457801  61.17194862  60.6179746   60.81339826  55.74595554]","[ 63.52823189  56.92064856  64.97143532  59.5679996   61.00449543
  65.40804823  61.77040121  61.42771829  70.33290231  62.28635669
  64.96126966  66.85325389  68.321383    70.12828918  63.25964626
  60.52547237  60.68660259  59.31138089  63.95385494  56.93335429
  54.33784363  67.35328242  62.42216568  58.07184901  70.37738123
  60.47425271  66.85325389  68.321383    70.12828918  63.25964626
  60.52547237  60.68660259  59.31138089  67.35481473  67.9355809
  58.30857627  65.47163593  64.05791623  62.266691    62.54038076
  67.50972699  71.3705208   70.24452193  61.71003974  60.47425271
  66.85325389  68.321383    70.12828918  63.25964626  60.52547237
  60.68660259  59.31138089  63.95385494  56.93335429  54.33784363
  60.98128128  62.25886052  62.99446603  64.37875343  62.4077927
  67.54034456  63.17553768  64.48797344  61.27056777  64.95062512
  66.89107891  54.33784363  67.35328242  55.71646076  62.4765571
  63.58152277  60.74678897  65.39660358  61.11963616  62.30071631
  69.45988916  66.54747703  57.14632796  67.68584332  59.91160534
  55.01822384  62.23894118  63.31180087  65.07002576  51.52988558
  65.60036931  65.63781452  50.90089453  62.2829394   63.15991288
  60.98128128  62.25886052  62.99446603  64.37875343  62.4077927
  67.54034456  63.17553768  64.48797344  61.27056777  62.21681833]","[ 54.61721469  51.60598228  49.02732852  58.31496168  59.60526209
  50.92441254  50.69648354  48.24992024  55.19241187  48.47812921
  54.20615857  51.15083069  54.56318079  52.49938338  53.44191384
  44.54989761  44.79573375  53.16312093  42.63199629  49.31301157
  52.40832996  45.33264527  51.48530146  45.91712259  56.76903286
  40.52041105  55.09351586  45.4762287   49.54922633  52.97233719
  51.50075973  49.62609716  44.01731453  52.68636651  60.89047424
  43.33583416  51.97201945  51.13981     50.86330816  57.91058808
  50.00338693  45.09216588  57.07506588  44.46433139  48.67399125
  46.756219    54.59052545  46.70448637  52.58491266  48.2132906
  55.59340593  52.08085187  56.73689439  50.8993924   52.1050009
  57.83046114  48.56714463  52.87396983  57.77329736  52.68514885
  53.79081773  48.09776924  56.64171361  43.93131885  52.2229161
  50.82904572  52.49938338  53.44191384  44.54989761  44.79573375
  53.16312093  42.63199629  49.31301157  52.40832996  45.33264527
  51.77810644  52.51107163  46.88437366  45.87021212  45.9853815
  52.71636193  47.58777358  43.19987575  53.40649211  56.72566743
  53.92332666  52.38769475  52.2229161   50.82904572  54.45490533
  49.79023253  52.68636651  60.89047424  43.33583416  51.97201945  51.13981
  50.86330816  57.91058808  44.46433139  56.71512676]","[ 67.31544265  68.79611289  63.81205239  69.74268279  68.98067643
  65.80950169  73.53972708  73.15048138  70.20344439  61.98141969
  66.63360801  76.68706045  67.31195661  74.42918614  71.57886306
  66.92351706  66.55568842  61.69499452  77.59365975  69.62425549
  78.46302332  61.48230741  78.04376391  74.80687078  69.84151704
  64.20893682  72.25841634  73.50111855  66.4755475   64.2906658
  78.84177318  70.2572709   64.39189978  69.29034119  75.9848771
  72.26317127  82.46948146  70.02352903  65.04513404  64.89103389
  58.25836346  77.31655594  73.74359047  70.57621234  72.47041292
  55.62011972  72.0477523   58.35515058  68.14817959  70.3073328
  73.68121343  66.64928052  69.18203176  71.26374107  61.98141969
  66.63360801  72.94481519  71.68432086  68.92441029  72.47778903
  66.89484008  78.10911213  68.25190733  71.7545548   58.31943267
  65.80950169  73.53972708  73.15048138  70.20344439  61.98141969
  66.63360801  72.94481519  71.68432086  68.92441029  72.47778903
  66.89484008  62.73962607  67.57255349  68.21896476  75.30147677
  75.95823697  72.3483061   73.83637693  67.23761882  75.951846
  69.75632646  69.73603651  65.29551482  66.03246179  69.53125093
  73.81802026  66.24078782  75.37755446  72.25628671  67.31544265
  68.79611289  63.81205239  69.74268279  71.35894372  71.96833916]","[ 54.06943347  57.8550493   53.06816504  51.42462441  51.55523972
  47.3105639   50.82251437  51.06938185  53.49068862  47.41188473
  46.01888636  53.84210916  55.33008332  59.72412593  51.0159245
  51.37223449  48.56122252  47.23675734  54.25989823  48.83622262
  47.89418101  55.00880833  45.84304835  42.80054392  46.93489849
  38.79388676  45.77279905  52.35864874  39.18794959  48.17231738
  58.05919369  48.87003745  55.93276244  51.08710635  43.33890218
  51.74166349  51.56012383  37.91591913  45.36011142  52.05706879
  53.13295336  52.03940579  58.87924239  46.58560215  41.68419462
  53.09801628  47.81672012  57.11638989  36.10131022  44.91259862
  54.55657372  49.97517593  53.53424469  45.03777818  41.86631364
  44.65362639  50.50147424  44.21286623  58.70522788  48.32700453
  46.73741593  44.24967846  41.3608301   42.15656831  54.33595117
  51.09809476  41.3608301   42.15656831  54.33595117  51.09809476
  39.63313917  47.10353114  52.77448648  53.84210916  55.33008332
  59.72412593  51.0159245   51.73401477  48.37839048  43.89547288
  42.40975889  52.69852683  48.58015468  34.88446542  55.46136071
  45.25740704  35.70074054  42.71395315  54.79662238  48.7598649
  48.5115369   54.75404913  51.5629883   45.94364827  46.20265722
  39.86034303  48.46005513  43.93613846  51.74166349  51.56012383]","[ 64.52431205  63.07648931  62.49522425  66.79695466  64.55253159
  69.13170463  63.76671737  61.69600878  63.85729828  69.66449279
  68.17346437  64.94403439  66.79562429  67.30491935  66.19508602
  70.64201676  64.17311214  63.91731811  69.15945711  59.6212496
  49.50886774  64.88637525  66.10880688  61.59050088  65.39134422
  50.06748216  58.54231292  62.5093943   69.22141198  53.9341343
  55.81754099  65.81615184  58.55215596  68.55689981  65.75075926
  68.26885845  61.87351796  68.7102558   57.92674565  61.50322275
  59.15712847  68.55691692  67.46011803  57.82589324  62.89763473
  69.12815313  61.49299014  58.71201832  65.81911598  71.81838517
  68.334818    62.66497484  67.28089892  64.94403439  66.79562429
  64.17311214  63.91731811  69.15945711  59.6212496   49.50886774
  64.88637525  70.39719325  59.52960985  63.58419352  61.67498466
  64.13023432  64.76468251  61.26885125  66.07318568  63.37028435
  68.52784643  62.79974497  65.72398852  59.11112662  61.17214535
  63.32221862  71.50864677  70.9544519   72.07136237  66.07614425
  60.94657053  68.55323537  59.41773253  66.09422602  65.69532456
  61.27929453  66.52967026  66.10880688  61.59050088  65.39134422
  50.06748216  58.54231292  62.5093943   69.22141198  53.9341343
  55.81754099  65.81615184  58.55215596  62.99842408  67.63861829]","[ 40.89026207  46.95562851  50.88674578  51.03748627  45.81096691
  49.78820422  42.15272928  48.67522641  49.38911723  45.83819492
  53.45270138  44.00839684  45.87109961  51.18389011  54.33573476
  48.78358087  49.45849427  54.26163679  43.56003284  46.80677077
  44.23579796  43.50775615  38.04389803  49.30880906  42.93135532
  48.52285315  49.7841328   53.1633626   48.65123449  40.89026207
  46.95562851  50.88674578  51.03748627  48.78358087  49.45849427
  54.26163679  43.56003284  46.80677077  44.23579796  43.50775615
  58.12748899  53.57823427  58.53235678  51.90267133  53.36529938
  42.52500777  45.7580586   52.92769119  43.01956619  48.24238894
  46.10075135  49.64818365  41.43362151  45.20759998  52.96489056
  46.87861033  50.755028    54.20845132  47.13811404  46.93462234
  47.51986874  47.19930854  47.8959298   53.20657606  55.06076786
  44.46374695  44.46362775  45.70168846  41.51982701  52.90334725
  39.83964679  50.8591172   51.71533266  52.91923286  40.50205476
  50.4649563   52.56508276  48.67522641  49.38911723  45.83819492
  53.45270138  48.3493737   50.46841033  49.4422095   52.72510428
  46.32763572  50.24983958  46.09638585  45.44794771  52.85916427
  47.5874277   44.03033793  54.30150596  49.3997132   47.85831759
  46.82037077  47.23038563  51.69166672  50.0071113   47.26718665]","[ 43.11324063  49.02490792  43.57203614  36.21709952  52.20849324
  47.49134161  50.15267759  49.98938527  47.28305246  45.9252842
  46.82946132  44.72426342  38.471675    43.36951206  49.49455602
  46.86262649  52.23561658  44.49257055  45.35602991  43.48774653
  51.78265503  41.39775265  45.63647778  44.28858201  47.46148708
  45.48863861  47.09894938  51.62155917  48.03403882  50.20669717
  48.97482354  43.75059999  37.88504112  40.88649847  48.84575475
  42.66957978  36.02314497  39.11367954  40.82508329  44.43944595
  45.71416266  47.84359369  48.59120774  43.45289469  50.43199652
  45.70976651  42.60710115  45.7348357   42.14744061  46.8293925   41.685367
  47.0278555   51.71423427  58.64287255  44.70683577  42.34823219
  51.19900058  38.13115332  47.11031365  48.47103522  50.03203528
  38.16373298  48.18554715  47.20300318  44.83340529  41.35441262
  42.99327184  47.10366065  49.24397366  40.80826771  39.26889463
  45.48279007  42.21963341  40.8232597   46.15872198  48.08555629
  45.7348357   42.14744061  46.8293925   41.685367    47.0278555
  51.71423427  58.64287255  44.70683577  51.82162816  49.22162314
  44.98846837  42.56023913  40.71183353  42.28764659  48.16227906
  42.68968807  45.01536307  42.76665095  49.42481891  50.92559846
  46.31468904  46.7804616   45.44683411  44.45148071]"
"[ 38.22970175  46.54850823  49.66341419  49.26938105  44.64723612
  44.51175745  36.99255441  41.87780558  31.0627553   51.67473579
  33.90056271  45.20685127  44.01728753  42.22263548  41.45941361
  37.61168036  48.18830073  46.67422511  49.84671912  50.84791731
  25.40643551  40.50111301  50.15978868  47.6405104   42.82386957
  40.32209908  54.08615035  42.35563579  49.95175493  39.25224726
  38.37780435  44.85541222  43.27757163  46.67422511  49.84671912
  50.84791731  25.40643551  40.50111301  45.61122649  43.15023318
  42.17632244  45.81890015  34.51096503  34.39690746  46.27937017
  49.31426454  51.79218439  38.99929121  38.88701686  33.44900838
  43.97512302  20.48826158  40.59908806  39.90091234  34.71414391
  35.0495961   44.71866528  43.36177197  48.20323875  41.90122991
  33.07768144  43.92339082  44.573625    50.17782066  30.80132757
  44.85541222  43.27757163  52.62048513  52.30195887  43.99286067
  40.92321303  29.39776754  41.60016409  33.95519153  40.73645759
  36.29561528  43.15023318  42.17632244  45.81890015  34.51096503
  34.39690746  45.92923019  50.15978868  47.6405104   42.82386957
  40.32209908  54.08615035  42.82386957  40.32209908  54.08615035
  42.35563579  49.95175493  39.25224726  38.37780435  44.85541222
  43.27757163  52.62048513  52.30195887  49.84671912  50.84791731]","[ 34.5555577   32.17204597  27.45326318  34.07627483  30.73359407
  39.32197084  40.31105245  37.46652056  37.9696548   28.78629918
  34.77512216  33.82949801  31.39455847  22.80213333  35.68482537
  31.04177812  32.36543883  27.53426779  36.48996618  24.80467789
  33.19816428  36.91378117  34.5555577   32.17204597  27.45326318
  34.07627483  30.73359407  39.32197084  40.31105245  37.46652056
  37.9696548   28.78629918  39.38104277  35.88230801  26.65994241
  37.17368083  32.44437607  29.73917685  37.94824423  36.81969187
  26.60413889  32.30868265  36.9122501   40.51265263  31.30222666
  28.40520574  34.68312389  33.50958473  32.32397866  30.64646214
  28.18272586  24.21458186  32.71058798  34.77257474  37.17743291
  37.80772886  28.90510597  43.39318928  32.68444251  35.60486497
  34.78119686  34.96849665  29.1379029   36.18492706  34.42398646
  40.17693253  29.41353136  34.46342006  31.30222666  28.40520574
  34.68312389  33.50958473  32.32397866  30.64646214  28.18272586
  24.21458186  32.71058798  34.20074587  24.44343893  36.99538194
  44.11850395  33.68815838  30.84607818  35.96999011  34.69440142
  35.04112371  41.0673907   34.46342006  31.30222666  28.40520574
  34.68312389  33.50958473  32.32397866  30.64646214  28.18272586
  24.21458186  32.71058798  34.77257474  26.60413889  32.30868265]","[ 52.54370061  56.78647243  58.10370051  56.01588894  62.06849405
  59.35307162  52.81753897  57.41840135  56.6175596   61.21842087
  59.95677717  47.3079554   56.40220004  60.97079303  61.15673401
  58.08550559  59.52457363  55.55435112  53.21762722  55.31715342
  49.65074349  62.06930844  56.86584945  60.46187236  52.18975169
  55.48260907  59.53605826  60.18265682  54.88980652  60.66368255
  61.32999527  53.71005685  58.5130227   60.33953556  62.39634298
  59.05515416  61.2454443   59.34320092  50.57219756  56.56887797
  61.75254703  56.54066168  62.26921102  58.10053993  56.17035017
  62.46048677  58.27140598  57.16868281  61.13474814  58.41380585
  62.5967032   58.40112382  59.95499309  58.04179627  55.72663235
  55.34965739  53.65913939  58.39581209  56.80337172  56.98405131
  55.66444045  52.1588797   61.59346833  62.249277    59.53605826
  60.18265682  54.88980652  60.66368255  61.32999527  53.71005685
  58.5130227   60.9710986   48.32559679  59.86901811  51.85824591
  54.4459326   59.3503171   59.69474969  52.83672477  61.1302023
  62.3839744   55.00721818  57.82864105  53.73894463  57.96440566
  46.69450451  57.41840135  56.6175596   61.21842087  59.95677717
  58.33206545  59.1310558   60.3279715   56.78563001  60.32208487
  52.06519522  57.13298198  55.32283468  55.92466756  59.22929022]","[ 70.33811394  61.5933947   65.00545844  64.51402104  62.4560025
  66.51929833  62.01869611  68.37808267  69.23380971  65.4938955
  61.13800976  67.04573033  66.18913317  62.16239193  63.97848892
  61.45519563  71.35051304  68.01683685  61.70056512  60.18536863
  62.83058979  59.92324428  68.80196521  58.72068459  63.5724327
  65.66639635  70.33811394  61.5933947   65.00545844  64.51402104
  62.4560025   66.51929833  67.94641547  59.15864072  63.07326155
  63.8120621   63.97319886  63.38553093  62.91626892  61.04197497
  59.42586239  64.12776294  66.60544853  62.83058979  59.92324428
  66.68532293  70.1961048   62.26952753  58.99818074  65.15163504
  68.49702059  62.7758357   71.4547881   62.61202349  61.91728208
  67.04573033  66.18913317  62.16239193  63.97848892  61.45519563
  71.35051304  68.01683685  61.70056512  60.18536863  62.83058979
  59.10676343  69.47676404  64.75611725  64.82741547  68.35166956
  64.31322113  62.34860516  60.91454765  64.77760524  64.34173343
  72.59549148  65.94993077  66.01821382  65.14897301  61.91728208
  67.04573033  66.18913317  62.16239193  63.97848892  61.45519563
  71.35051304  68.01683685  63.07326155  63.8120621   63.97319886
  63.38553093  62.91626892  61.04197497  59.42586239  64.12776294
  66.60544853  60.80795213  61.34425259  67.15642643  67.23351713]","[ 51.2660311   55.41976957  50.73606995  49.97883208  54.15269897
  42.88471147  52.49007849  53.50643719  64.34874183  46.27724901
  53.35872567  51.78597797  48.26172626  54.04438004  51.50227173
  56.01399858  45.44095178  40.39143034  51.97548912  45.78281166
  42.77294955  45.21131814  48.31976313  55.9145315   53.65523468
  53.00097603  50.51699542  52.48104761  52.24444205  51.96385946
  44.10810818  51.25885436  53.52307407  47.57250116  54.78623074
  52.13907966  58.55771171  55.07878285  48.59595908  49.5022369
  55.47258568  51.3867007   45.21131814  53.15597925  64.43721322
  48.45475928  46.50633815  54.31813218  53.73889414  60.25913999
  51.21286524  48.412723    56.48752561  48.05587604  46.08620526
  52.36561993  49.38926968  45.32348671  51.5588435   52.22409313
  51.52178607  56.94786644  53.84180585  43.04941267  53.89010519
  54.83342319  61.00071934  59.85770226  52.89486079  50.78808107
  49.14667736  58.72197857  53.35359445  52.59555724  50.06346133
  50.01506485  54.04438004  51.50227173  56.01399858  45.44095178
  40.39143034  51.97548912  45.78281166  42.77294955  54.14532362
  52.27387677  56.29870974  55.58450191  45.18913203  44.920294
  53.79097733  53.37636612  53.59760248  50.75887086  50.28584989
  57.62013241  57.84017989  57.42346475  49.99256567  56.48752561]","[ 67.8805591   56.8545277   74.29992133  63.93189909  75.38081525
  62.68304743  67.72653291  69.4808262   65.87277471  64.9254571
  59.07062537  70.5991486   70.88456034  78.70497944  67.65793161
  67.27749904  74.22238519  69.40193071  74.32305648  75.97938182
  61.52214141  72.60336773  77.4407884   70.16637054  67.95418772
  62.22929305  67.785041    70.07066477  64.08829132  73.40948328
  63.21792318  72.94558835  53.22956555  60.21941352  70.18218415
  65.83846336  66.96318347  71.17656517  74.09837473  67.7386986
  73.97663067  69.81910877  67.05476224  72.07171896  72.40372838
  78.59077945  68.39443546  63.24807346  74.68582885  67.09023953
  70.95692132  68.65312183  75.57335039  71.50285943  67.61829398
  78.58346027  62.22929305  67.785041    70.07066477  64.08829132
  73.40948328  63.21792318  72.94558835  53.22956555  62.85347386
  72.86024583  75.16394645  72.4602978   66.12860168  70.5654005
  71.24769528  50.4211545   71.35945895  69.72587716  76.4212353
  60.18879055  64.06101641  72.94558835  53.22956555  62.85347386
  72.86024583  70.8402178   70.08377711  75.05171859  62.86537658
  73.70693163  71.31298672  75.16394645  72.52196996  73.74279729
  75.5808504   67.19589416  71.97422196  73.09637883  60.98043941
  64.90538755  70.73122198  70.19346549  70.6003977   75.05171859]","[ 47.72400303  47.22093286  57.38938631  47.24278434  37.87494088
  52.24356987  50.24681561  46.71044544  54.3858479   50.57938911
  52.90326602  59.48706474  41.90399218  47.88600714  52.57120347
  48.00203893  46.23376822  52.78152648  40.97267533  55.11277048
  54.67293542  48.23500885  52.03957797  43.16799661  46.91986887
  39.28969318  45.70194164  46.78617543  46.36259332  44.6248371
  51.96052927  50.78846704  45.86338001  48.87712775  56.53269422
  50.17709386  50.3481087   55.3747217   49.0148136   54.57008347
  51.53930301  59.48706474  41.90399218  47.88600714  57.88642188
  39.83006003  51.29291599  54.60507483  51.48266745  46.59304047
  52.47268137  53.64487128  53.02016353  55.82683641  50.22822019
  51.01561789  57.36625111  46.00722306  44.2561153   52.01444872
  38.20709758  52.04271575  48.72011381  52.71453374  55.12689469
  60.16940493  56.05668163  55.58029958  58.15396952  60.00894637
  50.01173417  54.72173301  48.9511419   48.87712775  56.53269422
  50.17709386  50.3481087   45.08246177  54.22191014  47.63755398
  42.73082047  56.23237922  52.13658511  40.31826179  45.31226165
  47.4229348   47.48554973  53.77014132  47.72400303  47.22093286
  57.38938631  47.24278434  37.87494088  52.24356987  50.24681561
  46.71044544  54.3858479   50.57938911  47.13857488  52.22586738]","[ 64.59536615  58.15228426  64.80845474  66.82426468  65.56606642
  71.91752743  69.08756958  68.44792751  66.70581404  64.78190698
  65.93090039  61.37555254  59.04125629  68.85527668  71.92389001
  63.73947239  64.32054664  67.68514599  62.63119689  67.36257951
  68.20985344  66.35231093  66.74435693  65.88858303  70.31385739
  67.7519206   70.53489865  65.89930297  73.25739902  66.69176293
  70.05779532  69.69024362  69.64504692  67.61531116  66.81328405
  64.19320725  67.59881563  67.6764869   61.81591764  54.92496686
  69.18885826  68.66332655  68.19854231  63.20593854  67.80667153
  74.72410368  66.91085195  65.63126338  71.31951205  65.08256445
  65.8713766   66.05977648  64.3812268   58.90519837  65.08256445
  65.8713766   66.05977648  64.3812268   58.90519837  67.63927739
  67.45191108  57.95084545  67.70851067  64.68692069  62.78850639
  68.69393091  65.75306602  64.11674769  65.56417233  69.01240246
  61.15118338  66.50632673  77.92368795  71.47127926  66.51437578
  70.716001    66.35231093  66.74435693  65.88858303  70.31385739
  67.7519206   70.53489865  65.89930297  73.25739902  66.69176293
  70.05779532  69.69024362  64.15973703  67.8449709   54.35059005
  64.5292316   69.00957105  61.81014493  63.44510107  56.17381081
  64.20305197  68.31731626  62.54100661  62.74515944  69.36408529]","[ 43.8755005   50.17314761  46.65874597  48.36993458  47.955397
  42.91620063  49.91090729  44.18643112  47.35842434  50.67967749
  43.11502866  48.92178252  42.92489331  43.4940264   49.21390965
  40.9913261   48.77893977  49.31779546  52.33439242  46.8577334
  48.88074767  37.60487619  47.44062626  53.81852724  49.79051622
  48.44145152  43.49986456  43.0678038   47.79924458  41.63350637
  43.07023506  48.41981389  52.07945914  44.74651307  41.74577855
  43.77762581  36.65310815  44.78280189  47.35252837  48.44547598
  39.98387888  47.18520996  47.6950873   49.95159695  48.55231322
  44.17732322  42.37012693  48.79718513  46.03730509  45.44054282
  49.80712598  45.07126059  41.79145413  46.54470774  36.74307685
  41.63350637  43.07023506  48.41981389  52.07945914  44.16317338
  46.96008725  52.3853087   43.88310025  41.749717    41.83297576
  42.05647311  46.96008725  52.3853087   43.88310025  41.749717
  41.83297576  42.05647311  53.69194527  50.0438695   55.87724502
  51.75416623  49.72737217  40.9913261   48.77893977  49.31779546
  52.33439242  46.8577334   48.88074767  37.60487619  50.08087665
  51.73630391  42.35799938  47.30394569  51.04125273  45.42626652
  41.72284332  40.8093088   49.64152461  50.19492449  45.21413114
  45.52286618  45.03055013  38.07802477  44.67872434  46.63921468]","[ 47.52956576  48.60212015  49.77177413  50.48807947  53.88839427
  56.11072628  47.88076995  52.35481455  46.72385786  46.36181769
  49.45941087  48.64841889  47.86736713  45.10036673  45.67634881
  49.50248974  52.22915154  46.68953855  46.1367341   51.95398773
  45.70458272  49.75807138  47.82744995  53.0452925   54.85100519
  54.11918177  44.62260218  44.36525442  42.74487594  50.24951609
  48.61967698  53.82216052  53.88839427  56.11072628  47.88076995
  52.35481455  46.72385786  46.36181769  49.45941087  49.00049286
  45.68356493  48.87508007  47.56356354  48.5610421   42.51325679
  57.56504164  49.51610263  40.98655051  50.56529757  47.373596
  46.88729714  38.96588101  53.7815019   51.92292985  48.33910217
  52.03505729  50.29731223  48.06149683  51.61253659  46.04112257
  47.10625186  55.806688    53.15970613  54.92956625  53.26726334
  46.34554488  45.78177203  49.82085275  48.67560774  48.74487099
  46.61682334  48.81975209  46.98205347  47.33240062  51.39101112
  38.98780664  49.62826733  41.11781438  52.33149728  52.75474769
  41.93746174  42.54990175  50.51493535  41.68370886  54.55714654
  50.89024613  46.46714487  50.8872977   51.00731691  57.32000811
  54.71333172  43.21284669  51.06510107  46.68971512  45.86259664
  50.13813137  52.07072003  47.87086308  45.35992734  50.06230594]"
"[ 42.73943976  53.10136977  37.42314448  49.80391391  37.09999674
  35.98409279  42.2079411   43.96726716  41.14905707  48.36249592
  45.15660026  43.44219774  42.73943976  53.10136977  37.42314448
  49.80391391  37.09999674  35.98409279  42.2079411   43.96726716
  41.14905707  48.36249592  46.27317112  38.60761212  40.1098206
  45.81571106  44.17483092  43.44219774  42.73943976  53.10136977
  37.42314448  49.80391391  37.09999674  42.2079411   43.96726716
  41.14905707  48.36249592  45.15660026  47.26008142  29.14885647
  46.55430126  33.29318021  28.60166962  38.60928723  35.55038266
  28.37478474  24.60221304  41.74227562  46.60425286  47.17075886
  45.63324454  38.05861307  46.17601978  34.38525492  41.2076887
  29.14885647  46.55430126  33.29318021  28.60166962  35.02089877
  41.96235709  36.09561898  33.48880671  35.47667046  38.60928723
  35.55038266  41.7713415   39.41782678  37.62718444  44.23696886
  38.37946625  50.71533955  40.04136924  45.63930874  40.7179973
  45.08407888  41.32638711  33.29318021  28.60166962  35.02089877
  41.96235709  36.09561898  33.48880671  35.47667046  38.60928723
  35.55038266  28.37478474  24.60221304  46.11334937  41.86281327
  38.03944999  45.85953454  38.14111148  42.5048572   34.42989442
  38.86643922  44.37002022  35.97130663  44.6967206   43.48334728]","[ 37.52300619  30.13327857  27.07767769  31.18752344  33.68330357
  34.09375306  37.44734676  35.57623858  26.06054083  22.415419
  33.37885536  28.93747178  34.16591309  23.14145487  26.728049
  33.92996478  35.40438083  27.91840402  30.24900069  30.82887781
  29.59537396  27.1657936   29.9417194   29.34743065  29.7505175
  36.55392124  34.16104381  33.16498162  33.82891567  32.57490871
  31.54367468  28.21643846  28.94223353  37.45422685  30.24900069
  30.82887781  29.59537396  27.1657936   29.9417194   26.07112587
  27.85593396  31.40049918  29.63086071  34.11127153  33.5155921
  30.92480004  28.40796535  36.53094055  29.34743065  29.7505175
  36.55392124  34.16104381  33.16498162  33.82891567  32.57490871
  31.54367468  26.51364147  35.43633405  38.16048747  34.635087
  25.44635717  33.2008336   36.70087436  34.37672451  23.03866473
  32.40424658  33.83290724  32.67707965  29.53259931  30.7220679
  32.47389756  26.78221414  34.67781751  29.97672781  30.63507176
  40.23178007  39.79997164  32.58566796  37.52300619  30.13327857
  27.07767769  31.18752344  33.68330357  34.09375306  37.44734676
  35.57623858  26.06054083  22.415419    33.37885536  30.92480004
  28.40796535  36.53094055  29.34743065  29.7505175   36.55392124
  34.16104381  33.16498162  33.82891567  32.57490871  36.87704025]","[ 53.7100183   56.34451621  53.11926763  57.7626669   47.10088107
  58.89655319  55.01064344  57.05698198  58.72746116  59.29020175
  47.8983592   51.16987556  55.37867014  53.44605159  57.74338299
  58.3483207   57.50737226  57.67893736  59.8463864   60.80839127
  45.95986767  56.37333743  60.45700651  48.43964496  53.71749098
  54.55752569  58.87850449  59.06454249  57.4645505   56.50379649
  59.61354807  55.37481303  57.19470818  55.5045447   56.50111191
  60.57651219  54.82407579  60.25615133  56.98252696  58.08538399
  59.53190112  60.81741297  55.20789865  57.87905616  57.61889558
  56.92779642  51.99310071  56.28389672  61.23832323  60.45700651
  48.43964496  53.71749098  54.55752569  58.87850449  59.06454249
  61.98212945  57.4028138   58.44456917  54.95204848  62.99559563
  62.55926399  58.37621931  60.29648505  60.19288444  58.25067192
  58.02350047  54.24957478  57.88479258  55.65417073  54.46779413
  52.98887893  58.83143463  53.89881328  45.04292739  58.26695405
  63.81740685  55.28144871  59.95298333  59.55910459  58.43438881
  56.35672301  54.75587304  59.3409216   57.82271256  60.55910115
  57.11120805  55.0101867   56.95902569  58.38799063  57.44225712
  52.82547203  59.34268826  57.38028357  57.4489492   59.66556899
  55.40252024  57.97070499  63.57480051  63.01562839  59.4961221 ]","[ 63.53201425  60.56730081  66.75194907  65.57772939  63.0825067
  58.9421825   62.53269431  64.66108908  55.38436046  50.18674346
  64.36306258  62.39663666  67.62110291  59.97768866  68.87118387
  66.38259866  63.53201425  60.56730081  66.75194907  65.57772939
  63.0825067   61.19548162  58.99439051  67.03903244  67.4393303
  69.7673033   68.66436144  62.69439858  65.94324966  58.46530171
  67.17765412  53.11180846  69.7673033   68.66436144  62.69439858
  65.94324966  58.46530171  67.17765412  53.11180846  67.22287381
  56.23907338  61.00838785  65.91783987  58.04223173  62.41777657
  64.67780943  70.98439753  63.59643092  67.14663951  65.93527153
  62.92479571  63.12076252  67.52999065  66.6492522   63.1540053
  55.14771287  58.04223173  62.41777657  64.67780943  70.98439753
  63.59643092  67.14663951  65.93527153  62.92479571  63.12076252
  67.03903244  67.4393303   69.7673033   68.66436144  62.69439858
  65.94324966  58.46530171  67.17765412  53.11180846  67.22287381
  56.23907338  71.82358078  69.14670808  56.02239452  63.29526181
  62.8645908   51.06510878  60.06280474  65.74952641  55.38291417
  61.1956957   65.95187545  61.00838785  65.91783987  56.14873215
  67.31838704  64.91694704  56.40037455  61.88823217  60.00113309
  64.97023029  63.75472003  60.93263507  60.62423511  60.92948663]","[ 58.20192046  49.66388483  55.90088666  50.84353819  58.05090499
  45.70820865  48.48918237  48.48805024  50.81065146  44.71811588
  48.30876343  55.16631717  51.81176464  48.98884605  46.73222468
  52.91094912  57.10767976  53.3990357   46.10218617  57.9978211
  51.02755478  51.48481779  55.00486595  44.01760909  45.90704074
  47.83443189  46.85282214  49.41924997  53.54152679  44.12917982
  48.32589424  51.64723311  51.48780597  55.48518174  44.95996563
  47.75220047  49.84881354  49.11174809  57.38569956  56.20567419
  56.35779658  52.04515228  47.17173259  49.49954314  50.81065146
  44.71811588  48.30876343  43.85548737  55.89705191  52.71254828
  52.93007094  52.31364057  49.40845356  54.75130721  41.42590353
  52.95952766  52.47338319  49.07059037  52.45683222  55.00486595
  44.01760909  45.90704074  47.83443189  46.85282214  49.41924997
  52.71254828  52.93007094  52.31364057  49.40845356  54.75130721
  41.42590353  47.66813839  47.60143496  49.14049186  55.62806784
  59.98648483  53.09165391  43.75280793  47.70188877  58.66961298
  56.21139684  54.53752599  53.76890652  55.89553119  43.38632623
  52.64624001  51.37743872  55.16631717  59.98648483  46.04134974
  49.44320223  49.20396362  49.09898905  54.45903379  46.95868027
  47.18072078  57.36004472  50.32210792  46.34396082  50.71557352]","[ 77.65292598  74.59784992  69.21671258  78.68296162  71.54513717
  80.14915566  77.76865888  74.99803114  72.10518648  76.21812917
  74.96479596  76.28295432  67.36835844  76.43849385  68.40587183
  71.11776432  79.62748369  75.18268085  59.6467359   69.78925096
  77.10680126  68.65940676  72.10518648  76.21812917  74.96479596
  62.08810775  82.27866693  73.03200008  71.07855121  68.78286789
  73.52765782  67.81923442  74.31641559  73.59382796  76.34957191
  69.07025114  71.31383031  72.04259031  75.69835416  75.81064314
  69.57538781  64.17508559  69.82937258  67.51756925  78.88636713
  77.65292598  74.59784992  69.21671258  78.68296162  71.54513717
  80.14915566  77.76865888  74.99803114  72.10518648  76.21812917
  74.31641559  69.14388677  75.46656671  72.15903055  71.04396012
  76.2291906   64.54813315  71.58592329  75.96679481  73.87618389
  73.03200008  71.07855121  68.78286789  73.52765782  67.81923442
  74.31641559  69.14388677  75.46656671  72.15903055  71.04396012
  76.2291906   78.00777972  70.88975807  72.85399345  71.91477133
  67.77564902  69.96547431  76.43968945  66.54822435  76.6006339
  75.44372272  71.36036929  60.09014703  68.83937961  76.16570214
  72.71621921  71.45064787  74.42669749  62.26857032  76.4691333
  75.30989383  77.05968815  64.57428868  73.52600758  60.21961907]","[ 54.37969795  49.56154168  47.95492683  40.55116876  60.23110847
  53.4855247   51.0777581   47.58059579  42.81437321  47.2926978
  57.24784745  48.9069691   55.22584219  48.12042334  47.96796322
  46.36031077  53.20960728  42.02154786  44.86066206  52.89846197
  40.94089302  56.14683856  48.73205251  55.37262343  48.35716631
  47.42982945  45.61549142  58.88491018  41.86177107  51.91497305
  53.112827    52.37311475  54.29052004  45.10004304  50.87561589
  51.1067972   54.13890146  52.32806421  52.6278586   50.66222604
  50.00997926  52.08470344  43.8959173   51.52404327  44.94779078
  54.10342059  44.64798666  45.1162866   53.00469906  44.14172685
  43.83192843  36.30731154  55.83867196  50.47705064  53.61207582
  47.54734905  55.69182154  44.58867089  55.48347163  54.00795517
  52.21146304  49.50644726  48.03078675  47.32100239  59.06138431
  51.91677577  53.61207582  47.54734905  55.69182154  44.58867089
  55.48347163  54.00795517  52.21146304  49.50644726  48.03078675
  47.32100239  48.40124865  52.94523268  50.12639974  54.53021717
  48.74787731  37.3544207   52.91258594  55.51256584  46.09326334
  61.14284862  43.69220953  51.36163223  50.01286489  60.43565878
  43.78054924  47.03743546  53.40260487  39.68739977  47.80179999
  53.03010233  57.84473074  53.44200921  47.80179999  53.03010233]","[ 65.4225253   65.41435248  64.03137162  66.69333895  70.56522861
  63.73254151  66.39754127  65.53358537  66.59134725  71.94071881
  70.96361497  66.09371873  66.00380706  67.93693057  62.02076074
  72.74089407  69.45066228  68.70906233  63.04486791  67.89734858
  70.4110437   72.95524383  66.6743945   52.43826474  60.41584089
  65.50494366  61.86381684  59.28451075  63.5604648   60.42034755
  63.97656458  63.62566268  65.55308482  65.73551596  67.79862219
  65.87195522  63.99159231  65.82116945  68.42154607  72.35137382
  60.27692997  63.79315933  63.14138548  66.5408915   67.72181232
  67.13202638  66.49914823  68.83596208  51.33347448  66.53619877
  63.79620356  70.78346556  55.28098668  58.78561467  64.58610416
  63.22278269  71.01855357  71.24969207  62.22023211  69.36986967
  70.03443109  62.36675865  63.37095916  65.44718862  62.42053372
  66.53619877  63.79620356  70.78346556  55.28098668  58.78561467
  73.63733947  60.00236135  64.87437929  67.70006387  65.43535719
  54.60873316  65.41435248  64.03137162  66.69333895  70.56522861
  63.73254151  66.39754127  65.53358537  66.59134725  71.94071881
  63.65268193  69.78573393  69.21181078  65.51585118  58.37848282
  69.46851136  64.48386695  59.13207829  69.20005846  63.9817698
  71.35768534  68.38075603  68.54292415  68.65581564  67.47369409]","[ 46.04510901  46.10276118  49.54154308  50.99305991  49.11855754
  44.92306971  48.36599806  51.34820194  52.02948414  46.8769946
  48.0528251   48.31219053  44.17141705  54.18373824  47.48616733
  46.36098706  52.4460804   50.89422639  50.15326454  44.59643069
  47.80665394  50.14744905  49.52011403  47.70147453  57.04356625
  50.88094558  50.65092581  46.2936436   43.9205111   51.53468974
  42.41084874  43.95770786  50.51683357  49.89665168  47.47197729
  42.51336963  48.33030983  48.46938383  52.49506384  50.10687209
  47.16316083  48.36269921  45.39035894  45.39175334  56.19503623
  50.05674804  52.4974149   50.82337014  49.35536881  48.31219053
  44.17141705  54.18373824  47.48616733  46.36098706  52.4460804
  54.75117113  46.96608313  43.06775401  39.15589639  42.43080309
  55.42775958  54.34952804  56.19503623  50.05674804  52.4974149
  50.82337014  44.39021582  44.22749508  53.21964126  46.06501951
  49.28994307  43.04353832  56.75498851  47.34894624  53.26454771
  50.49321948  52.79666404  46.06501951  49.28994307  43.04353832
  56.75498851  47.34894624  53.26454771  50.49321948  52.79666404
  43.95646067  45.68025621  43.997257    48.50397773  46.93787559
  50.22088322  50.70881639  44.56663842  41.56699085  44.971763
  43.42451023  45.67282511  50.76820984  57.18014241  50.02735106]","[ 48.27822128  47.86580614  42.82285026  52.65230111  44.16985381
  40.9057672   43.14755479  50.42940197  47.94686541  44.93995057
  42.89779986  45.73710219  42.93980051  43.34008526  48.93261079
  46.34600392  50.40505705  45.21330284  44.59323825  41.39178511
  45.45486608  44.54490229  39.83002461  47.13884282  45.66418566
  44.45748117  47.39188739  46.04183772  46.65818865  50.48460438
  29.79254883  45.35646055  49.84951253  46.06011001  51.1864199
  42.94267289  53.89060621  50.99822988  47.52377906  46.50490528
  54.36717286  49.5227469   49.88821791  47.65118101  47.81644957
  44.7979149   46.96210212  41.38069917  55.22203841  46.42550375
  41.44759087  43.29958418  48.04944783  47.09363733  36.84177133
  44.62946517  49.25115513  53.18623833  42.08361715  49.94432701
  47.29600381  46.80064364  47.4680907   42.15667498  43.50387623
  43.87853207  47.49064128  46.61792772  47.98411741  41.48796298
  46.06011001  51.1864199   42.94267289  53.89060621  50.99822988
  47.52377906  46.50490528  43.24194926  32.6814268   51.54391892
  49.976892    46.32940782  49.03722527  49.85889704  47.06182105
  47.62950421  39.45238948  47.22929179  52.17195706  41.69441426
  42.1326747   44.00146036  44.31637912  44.28368799  44.43573257
  53.90905333  47.82123718  48.7136458   46.12504882  49.02197336]"
"[ 42.38779401  42.67786919  47.06584497  43.32707863  43.04926753
  39.76388243  33.20161202  43.68634617  38.81807214  27.17388399
  28.92923878  40.68735086  42.49962208  32.87276605  32.28445598
  35.6803045   29.45595515  24.59604206  38.88182278  41.91274775
  39.32421151  43.41304156  39.32421151  43.41304156  42.57001964
  44.45468483  30.53836752  40.84344073  37.45368646  52.04019835
  43.25783763  44.5289636   45.96593833  43.68634617  38.81807214
  27.17388399  28.92923878  43.20778377  40.68735086  42.49962208
  32.87276605  32.28445598  35.6803045   29.45595515  24.59604206
  33.20161202  43.68634617  38.81807214  27.17388399  28.92923878
  43.20778377  40.68735086  42.49962208  32.87276605  32.28445598
  35.6803045   38.88182278  41.91274775  39.32421151  43.41304156
  42.57001964  44.45468483  30.53836752  40.84344073  37.45368646
  52.04019835  43.25783763  38.25909358  45.6508989   32.92041282
  42.08342196  31.59708261  44.51855803  43.40941876  43.11426731
  45.42712029  33.63423601  43.08868495  42.06194472  43.25783763
  44.5289636   45.96593833  44.35431602  40.20100641  31.30345691
  38.48974878  34.33447331  42.35583065  49.01528538  41.30767317
  31.56735266  32.51613403  42.58035253  46.90731273  40.85841038
  35.21544654  44.18202359  29.38981752  37.01319212  40.26862521]","[ 29.03259671  34.24876896  30.67991675  30.35334631  29.54247678
  37.47974038  35.73585511  26.16034578  25.37003883  33.96155248
  28.02006745  27.09987019  31.64449241  33.6067346   32.87332229
  27.01801569  33.57380083  32.83548726  33.69293728  32.29557203
  26.85208607  32.29976167  30.63133158  35.71040234  37.37537969
  29.03259671  34.24876896  30.67991675  30.35334631  29.54247678
  37.47974038  35.73585511  26.16034578  30.24485365  32.39640372
  37.84235009  32.29058709  30.92713262  32.54150072  27.65072388
  27.98702508  32.51232221  24.67827967  29.54857256  30.95280709
  28.76992577  32.2847968   32.35866175  32.22499657  32.79115898
  34.2607494   35.84519189  24.71822349  29.43695294  27.45015993
  30.665347    35.96202388  39.82854605  31.30578152  31.80894643
  32.18067685  34.50319347  28.3214049   36.06533294  34.65810479
  30.3747839   33.64707478  33.12154448  34.5479226   33.34909075
  35.50595498  36.90021409  40.00889726  30.95280709  28.76992577
  32.2847968   32.35866175  32.22499657  25.47669909  30.24485365
  32.39640372  37.84235009  32.29058709  30.92713262  32.54150072
  27.65072388  27.98702508  32.51232221  24.67827967  29.11302819
  35.71040234  37.37537969  29.03259671  34.24876896  30.67991675
  30.35334631  29.54247678  37.47974038  35.73585511  37.95903198]","[ 57.52249882  58.04926526  59.4867324   56.11795435  58.74063187
  62.09229472  61.99615607  52.91127388  56.43003327  56.20716936
  58.40199769  59.18689243  54.37543532  59.02594088  53.2146944
  59.86017873  58.38665761  62.67149966  59.1128184   53.0639652
  57.15689791  53.00900323  57.34259657  45.81463667  57.58782228
  56.12126749  58.44763569  60.381563    58.55287183  48.83861034
  60.11603127  56.01704808  59.87432687  59.06770974  57.28339152
  57.89071914  46.65484121  56.96792078  57.52249882  58.04926526
  59.4867324   56.11795435  58.74063187  61.01705328  60.60889432
  58.09669684  60.30829669  56.57291633  57.51934382  57.82942161
  57.38071328  62.00066673  59.93486133  60.08268783  47.95349031
  62.22002709  56.13174909  56.35336562  59.62705512  47.22447734
  58.14872065  56.48544701  57.44711356  48.60842648  58.42209121
  61.61168705  52.18458083  59.99120822  60.31205751  52.78870975
  59.43550349  51.08063036  60.19601512  57.42775077  62.07370267
  60.85245807  57.47279182  52.27044862  58.25182484  55.24567398
  55.23062556  60.76315435  57.48518664  57.28909704  55.42065187
  58.64295067  51.55905753  55.23062556  60.76315435  57.48518664
  57.28909704  55.42065187  58.64295067  51.55905753  59.21589962
  60.71246417  57.95747102  61.09489519  60.33981619  45.23137642]","[ 65.10700976  67.02798336  60.9792733   65.84902184  69.20207257
  62.26284581  64.33940769  61.45512919  69.14172117  55.0329281
  73.3119024   64.68804205  67.11408994  62.72216869  68.54119128
  69.45265398  66.70646283  69.9574757   62.79980927  64.22346913
  68.47092208  62.96815538  60.98286539  66.18089139  68.17688589
  67.42132386  61.40887052  61.69914378  65.4286488   68.11643231
  64.25134944  67.48198653  68.79278869  62.15651571  65.08308647
  60.98286539  66.18089139  68.17688589  67.42132386  61.40887052
  61.69914378  65.4286488   68.11643231  64.25134944  69.85714178
  69.24668682  66.43290526  63.7192516   63.59299878  68.1911895
  64.21869291  61.19913532  68.5943613   68.05849171  67.64283544
  64.62559636  65.75588155  65.32405438  64.82586077  62.37694142
  64.938155    64.27892181  70.83119049  62.91628181  67.69054432
  69.8600498   66.28654556  62.28110237  53.13886946  66.69435237
  70.33278605  65.60059002  69.85714178  69.24668682  66.43290526
  63.7192516   68.17688589  67.42132386  61.40887052  61.69914378
  65.4286488   68.11643231  64.25134944  67.48198653  68.79278869
  69.27386188  69.94735402  57.23651239  69.39617759  64.68804205
  67.11408994  62.72216869  68.54119128  69.45265398  66.70646283
  69.9574757   62.79980927  64.22346913  69.27386188  69.94735402]","[ 53.09601968  47.60700531  42.72383595  41.94291955  56.29592564
  48.0464574   45.1742111   55.44488708  46.90753316  50.87143295
  48.37300119  48.12859375  45.29973778  48.12859375  45.29973778
  50.69131092  44.18779041  55.59898636  49.06532563  47.82546175
  48.90705836  48.0941739   51.17111481  47.95372138  50.24763582
  47.5666605   52.99337495  51.39361571  46.19077196  49.9268198
  52.02598986  47.70615278  51.04718796  44.79807084  51.78530579
  54.9243313   52.37571503  53.5961159   53.22699728  48.55929802
  50.62256603  58.94887466  51.9307339   50.956265    45.18054531
  51.25404005  44.89700884  53.04994172  53.45799416  47.02585001
  52.28837698  51.78530579  54.9243313   52.37571503  53.5961159
  53.22699728  48.55929802  48.24848703  44.67921618  51.83325854
  46.04793573  36.30890787  51.43252736  45.69577885  46.21819482
  55.85256744  42.36479427  47.0388011   54.58773132  51.56284025
  46.05824069  53.39809967  43.74864153  48.41212     53.89589102
  50.79050114  56.56429219  55.85256744  42.36479427  48.81649791
  53.2688646   53.09601968  47.60700531  42.72383595  41.94291955
  56.29592564  48.0464574   45.1742111   54.64640968  38.22306029
  38.22565363  37.49283017  55.51153656  51.34950875  41.6733076
  56.20308162  61.32612338  57.79626502  48.14528993  53.46294526]","[ 70.45071069  75.75600869  79.13986651  67.32210989  64.57546355
  74.45215518  67.23123265  67.30840661  72.35033436  75.13959421
  64.95544526  59.98392322  62.74455901  68.38273267  76.18908004
  76.92564143  70.69006122  74.24010944  70.3927085   64.29013775
  75.275747    65.86705319  70.83099129  77.7722726   72.79630859
  73.7127487   57.62355152  74.61154183  72.24291472  80.79754586
  73.74478173  66.98220313  64.178913    70.10305167  62.40767268
  79.66472439  70.32970834  80.14511046  70.18855486  69.34380102
  74.6843874   63.19705128  70.86312051  81.20734797  76.08723566
  64.78425553  64.1236865   63.73490433  71.97482569  71.16228915
  65.74520334  67.26558888  57.61083163  66.13888528  70.27959801
  70.96083496  72.0443604   78.60291471  74.40390937  66.42859344
  69.82897963  78.66707257  68.38347316  68.56928921  64.87547612
  76.01933439  75.33216503  67.55422789  73.47935267  73.15673959
  67.99781247  69.48106932  65.57364559  70.68910736  66.23885143
  75.30616738  68.80282979  71.35523579  54.51423101  72.91674501
  69.02184667  75.59476731  70.96083496  72.0443604   78.60291471
  74.40390937  66.42859344  69.82897963  72.45801341  59.98392322
  62.74455901  68.38273267  76.18908004  76.92564143  70.69006122
  74.24010944  70.3927085   64.29013775  75.275747    64.29013775]","[ 48.32835947  50.43830058  46.44962493  53.79980635  58.42031237
  49.89780416  46.67745572  51.18964215  48.44973406  55.82405256
  51.6074101   41.2378603   41.49765641  46.35903805  49.44339722
  46.24630336  55.99987897  54.51621514  36.59103797  50.37146569
  50.2095935   40.24550486  51.494647    54.63561356  42.3109291
  46.95559049  51.18702216  52.37256594  57.38127354  52.52472188
  44.17363716  50.7255825   40.28281508  46.54792309  38.26742365
  44.27042935  42.81725471  49.59660599  40.59881274  46.86720298
  46.42621643  36.71428059  52.36006068  32.1542447   51.26114327
  56.28298248  52.29103255  51.7778387   50.1521653   56.45131508
  46.24401974  42.11565469  47.80042254  57.2486408   48.61861889
  48.41633491  57.73368314  47.27354303  47.7698948   47.33617211
  57.47039692  48.08346674  49.2871897   45.9819408   52.34829426
  36.63413986  48.75341455  51.48463251  48.002538    51.86999245
  51.24134514  51.57608667  47.87413536  50.44069244  49.52278354
  46.4238266   52.01813139  42.65245797  47.78853532  48.33468991
  50.01848755  51.00410534  55.71011172  53.82913156  43.2618314
  51.90598619  50.84374938  43.73808312  36.59103797  50.37146569
  50.2095935   40.24550486  52.92806374  48.43583053  52.01681913
  43.84963333  48.75341455  51.48463251  48.002538    48.41633491]","[ 65.54067089  62.68152366  71.39755395  59.3451131   61.40781707
  60.25453234  74.60559391  61.13981328  67.98526816  63.89638805
  75.18639945  66.39913292  66.41804835  68.27629755  65.19457078
  65.53664834  71.69693426  64.12402979  62.28332264  70.01979688
  61.92171901  62.63930703  68.38141303  60.7177748   66.34923614
  59.63038573  61.16578911  57.71592285  64.46361759  62.45743787
  69.48175635  67.983396    67.08267269  59.3451131   61.40781707
  60.25453234  74.60559391  61.13981328  67.98526816  63.89638805
  75.18639945  69.99267809  60.64139527  65.8205567   73.10326109
  67.5025496   65.14949883  69.85080282  60.37622564  67.37705168
  72.24300061  63.0635471   49.60582965  62.83527519  60.58408055
  65.81536792  59.23196995  74.46102517  61.10435214  64.9642678
  72.28381007  57.16012414  67.28603012  68.7539166   65.58067614
  59.0065668   64.60884424  63.28609707  63.38348324  67.72441451
  66.74558018  67.20293435  69.11343784  65.30550809  71.25168327
  66.66580746  66.25745428  65.58067614  59.0065668   71.66491165
  67.63991177  61.54835192  58.9132431   61.40548074  68.14926265
  65.52727234  74.46472576  61.40548074  68.14926265  65.52727234
  74.46472576  63.50273283  71.55353041  70.94461553  66.94842822
  65.27220775  67.53414627  63.9637766   66.33339582  66.77929876]","[ 53.62188769  46.06979724  44.99307767  47.85769872  50.30740737
  51.00157468  45.58432272  43.91391031  51.7463346   46.91079925
  51.0462017   45.45644949  45.62407929  46.65128601  47.33325809
  50.46159219  47.53231892  46.82349473  52.92264868  50.17901624
  44.03813561  46.89165702  45.93541464  48.60185563  42.05437305
  53.4676685   48.38098888  52.27372229  50.91011104  53.871146
  45.52419698  46.45443606  45.28411016  47.17742696  49.26520297
  53.07124819  49.66770468  46.40380286  48.74915105  51.12784164
  48.71214164  54.85690025  51.51760159  42.47562105  45.00533203
  45.44324183  54.11095614  48.87032946  46.93430708  51.08603809
  47.02345042  51.74335694  51.18896019  47.44331367  50.88380718
  52.27372229  50.91011104  53.871146    45.52419698  46.45443606
  45.28411016  50.51875303  41.92374298  51.43892124  52.25288969
  52.51343946  40.17297301  47.33306923  53.33697133  46.18318044
  43.51944625  52.0519218   45.93541464  48.60185563  42.05437305
  53.4676685   48.38098888  53.53060274  40.1819672   50.89370871
  37.83393378  47.85300229  47.17632403  45.06909377  45.38782835
  49.97048811  48.66392768  48.07909765  46.6370964   52.88780476
  49.26478174  48.86782546  46.37916253  56.13661535  48.32611221
  52.90609063  45.67871025  50.08404632  48.86782546  46.37916253]","[ 44.14236837  49.28926783  43.75814922  43.94850784  38.76046173
  48.16459186  46.72857945  53.47904975  47.36017076  44.38099939
  45.16566277  48.56164328  59.10613413  48.16642105  43.32017342
  48.62298365  48.82895253  46.76950294  48.51688245  49.57903485
  44.08547362  44.19488314  46.40182357  53.53904907  51.94601333
  43.90945223  42.71369158  40.78831476  47.22349665  49.00114793
  46.13594954  44.23159389  43.82662162  48.92167999  45.11118458
  46.67146963  48.50586044  50.70886332  51.37256366  32.64660719
  42.48262789  50.05707124  41.08519909  51.06608747  48.54771801
  40.64040283  49.08318776  46.01058843  49.3787543   54.41430188
  46.12110674  47.33772846  53.76852255  50.57003199  49.62667443
  40.39944446  51.48978541  49.52517816  50.47501433  45.6630107
  42.33298219  41.81042336  45.2037176   41.66830756  53.52846574
  53.0822601   54.2596104   50.05671952  53.59761489  48.20865158
  45.12790863  42.16767226  52.26721795  40.79161779  38.0401757
  48.89616123  40.1562843   49.64176198  55.77094073  43.33045998
  47.68284843  49.21992912  46.70598208  44.70134529  33.84030072
  51.21707419  58.35001115  42.35934671  38.76046173  48.16459186
  46.72857945  53.47904975  47.36017076  44.38099939  45.16566277
  46.36841778  43.30878739  47.49360365  43.96162937  50.2983273 ]"
,"[ 36.9621052   38.83176227  45.03095575  37.52725729  42.29362928
  38.73966406  38.7198394   37.21487291  31.79709199  32.65328207
  31.78994986  43.23961032  38.52114075  33.2456821   42.7663118
  40.11767642  40.47893697  36.77995068  35.34264727  37.95096484
  39.07476632  32.36708642  34.76696215  35.32872619  35.57926885
  34.04206741  34.89931951  42.54658606  35.06336162  33.13673266
  38.82586152  41.51108405  42.24620285  32.36708642  34.76696215
  35.32872619  35.57926885  34.04206741  34.89931951  42.54658606
  35.06336162  33.13673266  38.82586152  41.51108405  39.14412118
  41.30660453  39.98960543  30.62556955  30.96366589  34.75814275
  39.03961341  35.64149359  30.73047746  32.26235345  21.56321954
  36.48161572  34.82378732  44.1471297   27.8973477   41.52925318
  42.15462854  40.25216669  31.03575678  38.05363743  38.72049887
  40.86693791  40.38582685  36.99377438  36.3277456   33.85244221
  31.83011389  36.52440216  33.60772288  40.82624956  41.73533581
  34.31630065  35.90557087  40.99671992  35.52275356  44.16003658
  40.10138441  43.5893772   33.77821563  35.96740593  30.48267282
  32.48974155  21.56321954  33.77821563  35.96740593  30.48267282
  32.48974155  21.56321954  36.48161572  34.82378732  44.1471297
  27.8973477   41.52925318  42.15462854  40.80626842  38.25144175]","[ 53.07344966  54.07678619  54.52110429  60.69284497  59.00249366
  59.97387566  60.02736984  51.75141502  58.74758148  56.14917611
  59.79509064  59.96841028  64.87464639  52.75105215  57.87759693
  58.83933456  59.8670257   56.65417259  56.2676844   56.3232233
  55.8550581   58.94987775  57.86514637  61.99633081  60.44996247
  48.57941311  54.89054894  61.46036541  62.7615823   56.46340704
  59.41491143  57.17280401  52.69894271  60.2379877   59.81415352
  54.80057789  60.05679781  51.61596123  49.62344765  53.13426847
  61.86076748  56.83010008  59.12568194  58.66233929  58.90206052
  58.28758017  46.19952556  61.43953101  59.26885578  58.91785036
  55.03222062  47.01198828  60.0649484   60.6037651   56.11621255
  61.43593191  56.02593578  62.07077183  58.68047198  54.75199576
  50.58288333  58.10273903  58.73466743  62.7428397   64.21835073
  54.9867371   56.11494572  56.09924014  61.59218773  58.02033985
  60.02235186  56.85808988  54.96511928  59.54313716  60.42572334
  61.14470365  57.34607472  61.06239164  60.98962986  61.14304192
  56.11621255  61.43593191  56.02593578  62.07077183  58.68047198
  54.75199576  50.58288333  52.50731686  57.6539249   57.07598497
  53.81259087  53.60746017  57.86514637  61.99633081  60.44996247
  48.57941311  54.89054894  61.46036541  58.43073794  55.42418977]","[ 59.20325471  63.91286576  58.38832026  65.42279106  60.91620933
  62.5972225   62.76771846  62.42132812  60.32862914  68.74791469
  59.37224248  62.25589502  67.76324683  63.35414063  64.36389039
  56.92118419  58.51959937  65.29881472  60.07852646  59.741271
  68.03233743  62.26065987  62.4584471   65.60856724  68.23613309
  58.73773897  61.11752078  59.29340753  51.35305359  61.73477203
  60.41952955  67.94527584  63.71268454  62.81876051  62.25589502
  67.76324683  63.35414063  64.36389039  56.92118419  58.51959937
  65.29881472  60.07852646  59.741271    68.03233743  56.173191
  70.78702106  66.77193025  64.10707626  67.16180231  66.14080823
  62.08069575  63.54007218  68.37073434  66.22007402  61.73477203
  60.41952955  67.94527584  58.44210407  59.54542919  61.1102282
  55.11812925  60.24559222  69.7745372   69.40965928  58.01554762
  66.77193025  64.10707626  67.16180231  66.14080823  62.08069575
  63.54007218  68.37073434  66.22007402  60.79822646  62.99686584
  59.94699907  59.98482904  62.99686584  59.94699907  59.98482904
  56.42032633  64.64738923  62.95422213  54.78544101  60.71960497
  51.5181717   56.28227233  59.59636621  66.24493351  67.92272174
  56.173191    70.78702106  66.77193025  64.10707626  67.16180231
  66.14080823  62.08069575  63.54007218  68.37073434  62.92999428]","[ 47.23895859  52.00197045  46.95410396  53.24239037  48.80829655
  41.66819272  42.66870447  51.41772209  43.42045132  49.93356365
  53.28657978  50.93958615  40.85714229  42.1968112   51.84655001
  57.20163375  50.93457037  46.43931714  41.12189117  47.71965851
  42.83442217  30.42098659  43.53830533  52.50871396  48.82639902
  43.69997702  50.85082011  55.37828039  47.21528902  37.54974008
  43.26698705  47.23895859  52.00197045  49.43008041  52.92305812
  47.56444201  52.67296976  57.35010304  49.13128403  48.11553816
  46.65130538  51.21286976  47.51581123  48.40334727  47.68883484
  46.54008118  48.24152573  42.48477858  53.4073066   43.76665603
  49.65877216  55.92893573  50.98403672  53.37280043  43.32624555
  51.56840533  46.59160164  31.4636756   47.88760134  52.61011678
  46.87771432  55.47525154  58.88027886  51.97421203  52.02538084
  44.39315218  45.69165777  58.06164667  46.63052542  54.45075877
  50.66861735  60.11284723  42.46143977  45.42119207  48.06924203
  53.13834125  56.31252913  51.41772209  43.42045132  49.93356365
  53.28657978  34.40939528  48.79934352  57.58726923  37.76815715
  50.79051765  47.68883484  46.54008118  46.85425551  53.7779519
  47.66022223  40.52385016  46.65196073  50.68598746  45.69165777
  58.06164667  46.63052542  54.45075877  50.66861735  56.1396477 ]","[ 73.95006447  69.849983    72.90212995  67.68867865  73.27480793
  76.35685489  60.4794575   76.3187895   65.24781401  67.43256747
  74.36334424  74.8125681   51.25557717  77.74426177  68.85323619
  70.51794789  81.11370115  64.83146961  62.42424156  68.95943004
  66.10581583  70.48664682  68.83134353  69.67481857  55.7432013
  52.12082409  76.51059347  78.39542539  66.65120071  67.19516906
  73.63693832  69.38056468  65.47620121  66.46057273  70.6092784
  72.01667654  73.95732272  74.93245731  75.77850932  65.83610385
  70.24978537  78.17743395  73.13593244  68.97267826  69.4584459
  74.08981579  74.13872972  73.01505931  74.8125681   51.25557717
  77.74426177  68.85323619  70.51794789  81.11370115  78.17743395
  73.13593244  68.78057184  71.16803418  78.56187326  66.24519293
  68.97267826  69.4584459   74.08981579  74.13872972  73.01505931
  71.43790179  56.87846103  74.20755987  68.03171767  67.88033683
  62.64332173  73.53065283  77.4431814   70.12720378  70.62300887
  69.66505415  76.35911441  61.27284536  70.02143728  65.09517347
  77.36786349  60.23625652  68.50030567  78.77501842  75.60879309
  73.32878343  69.921526    65.94178632  64.17193355  72.15694132
  71.30025315  68.08695637  70.70958243  66.55014719  73.67546004
  64.51216858  70.7898098   70.25950572  77.45138741  70.6092784 ]","[ 45.42868394  44.09540821  47.30397918  53.28108518  56.10337512
  49.58949198  57.26571022  52.04641668  48.26641406  56.69575977
  56.17689089  49.78344956  54.15209379  51.6715908   34.31496205
  44.39938215  51.24289178  58.6475199   54.21908877  50.76161774
  49.06881791  40.56768969  49.78344956  54.15209379  51.6715908
  34.31496205  44.39938215  51.24289178  58.6475199   54.21908877
  50.76161774  49.06881791  40.56768969  47.01344593  57.36845925
  52.48345628  50.74610321  44.80101874  47.67566637  32.93014605
  56.91914179  49.75667329  54.14701666  51.51579191  45.91797811
  53.17443875  57.48563145  56.50086521  51.48799395  31.72148601
  55.32469338  49.83644481  59.88923229  49.67992882  52.73415581
  52.65261671  50.19263054  46.19201061  49.69751175  56.45974239
  50.39079176  64.48878919  48.99829737  48.32346588  52.2581102
  47.87375897  54.36227987  49.91623202  54.69921255  51.84237364
  47.80202005  45.42868394  44.09540821  47.30397918  53.28108518
  56.10337512  45.41451312  52.33327741  53.23162442  38.76018637
  51.2490115   50.26572175  53.87896934  46.87860829  52.99504273
  53.41199963  48.8263906   56.69575977  56.17689089  49.99958915
  50.11184355  41.45927144  51.24671757  35.60920259  52.90283526
  49.97105134  33.12930986  50.70255028  54.69701708  53.68177945]","[ 54.20586419  69.45887811  67.10930417  65.24031094  62.92656509
  63.9180597   61.70885421  63.30073192  58.766076    65.0107715
  59.78978025  64.19043704  71.76198344  57.75051634  67.39187966
  71.24428137  53.22368808  63.94560971  67.57694115  63.77553838
  57.19427628  66.93458578  70.11138957  60.74860755  68.4699155
  57.08687623  67.64363554  63.07032961  62.54587158  59.80001631
  63.23425763  67.17683274  69.09895076  59.96040667  62.27847205
  57.54432923  68.36738206  65.4862831   65.86168513  53.68330951
  66.3874505   63.97226087  67.5256489   61.00552748  67.9270521
  65.57370449  60.99892718  65.06851824  68.34294439  67.78542555
  63.0249652   66.20471398  55.34337192  60.39932607  63.40510442
  61.8906759   68.80050725  70.11138957  60.74860755  68.4699155
  57.08687623  67.64363554  63.07032961  62.54587158  59.80001631
  60.9166825   60.41602841  65.91574127  66.25690461  67.67512789
  65.47705018  69.1588149   66.79916919  63.28021964  62.90003305
  64.52015599  65.097563    65.69707395  68.76574009  62.7687657
  67.59088792  63.44328405  67.52635687  58.00749326  71.45930215
  58.51067544  56.58288523  65.16428794  63.957482    69.25241799
  63.15442549  55.45695571  63.64218646  62.42029477  65.82189512
  66.73743173  60.27113234  67.44984727  62.90003305  64.52015599]","[ 53.33072555  52.0741341   51.73146197  52.25173448  50.14889139
  47.14197997  46.34070631  47.44264845  56.22008174  51.67603984
  53.13372105  49.10439913  53.66206478  48.95323408  50.03348319
  52.89607448  47.29707306  52.34507288  50.04820283  53.41784102
  48.17319366  53.42989323  41.2849441   49.2468378   48.86350866
  48.5265901   50.08923887  55.12677722  51.21095658  49.08013778
  56.61398464  43.36986326  51.20011498  47.01188117  54.51958809
  56.47121142  44.98065447  48.00697715  52.79168776  50.36287187
  48.68144542  43.85521672  57.66265936  49.08896273  55.47594629
  54.41155931  56.10491215  39.12804769  54.06058942  51.88379753
  51.11998142  52.54090225  48.38784115  50.08993852  47.72559995
  55.57398509  55.71509208  49.18894132  51.77520199  50.74557057
  54.38495155  51.86913262  49.59198562  40.20590916  47.87217334
  56.2748133   51.51356273  50.51368677  44.96979899  52.89462683
  55.57398509  55.71509208  49.18894132  51.77520199  50.74557057
  54.38495155  51.86913262  49.59516145  50.69557207  54.51066533
  51.85456305  50.86183953  54.35587544  55.32314088  47.38796011
  53.48426152  49.66872384  44.05174249  51.11998142  52.54090225
  48.38784115  50.08993852  47.72559995  49.76159066  52.40004913
  50.69712935  52.03281667  57.78383979  49.34160468  50.79143537]","[ 34.92318748  47.22350192  41.95828712  41.04319395  44.44270969
  44.8579743   48.44440795  41.9992751   36.48136883  44.16236326
  42.90784908  45.23064064  41.29843408  48.13722288  47.89891582
  37.1537974   48.54857823  45.60841527  39.17373522  45.39239379
  37.04225212  45.92726744  44.13130553  44.56137127  50.60987135
  44.86893564  54.11785421  44.38573083  52.78126994  50.49708034
  36.31364235  38.00244988  55.72755147  44.14234977  34.88120524
  45.93627859  43.47652185  42.8797048   39.09876782  40.8294215
  42.87686032  44.83292565  46.77663374  50.42029836  45.93137419
  47.56192524  46.81416163  34.95099462  39.22298413  38.8621882
  42.2939653   44.83079973  43.12927198  44.9191262   39.11338165
  46.76223332  47.21843606  39.9527975   45.92876622  36.69466379
  45.39434742  43.83369452  42.89868683  46.69260597  40.42302483
  41.20302994  48.36855986  44.97304519  43.16741611  37.96101005
  49.42340598  39.32898821  48.3113546   46.87079663  45.06483155
  43.23001844  46.93461393  40.62162946  46.32140073  39.11338165
  46.76223332  47.21843606  39.9527975   45.92876622  36.69466379
  45.39434742  43.83369452  39.37611688  45.65160548  52.73955974
  43.6433796   49.24846552  44.93057231  47.28274937  39.67717467
  45.47432332  46.0924384   39.42125341  40.56858584  40.9565924 ]"
,"[ 23.24655652  30.08951808  27.71040273  34.83424553  36.27969413
  19.65643519  38.13044574  33.71811958  27.32190375  31.57155183
  36.18655948  43.48375317  28.34784091  29.76114342  36.05384092
  42.27273564  31.45002736  33.77046083  32.09046207  39.42114976
  37.05498361  33.34727439  34.30711782  32.62230405  31.97467086
  41.99707769  34.45007967  38.38320123  33.28181191  33.06173813
  40.4143926   30.62772785  32.09879036  34.44241848  35.16331923
  34.91146949  31.92640582  35.64900401  28.56763737  28.30105988
  35.31476182  28.35924225  38.62125891  35.21059405  34.44241848
  35.16331923  34.91146949  31.92640582  35.64900401  28.56763737
  28.30105988  35.31476182  28.35924225  38.62125891  35.21059405
  25.88790417  38.88910998  41.15330923  31.37080103  27.42329162
  37.1717156   26.11360876  39.74278309  27.80641792  32.03220773
  30.14184701  37.34297285  33.81593933  26.48758262  35.18212046
  23.24655652  30.08951808  27.71040273  34.83424553  36.27969413
  19.65643519  38.13044574  33.06173813  40.4143926   30.62772785
  32.09879036  37.47827623  34.73938262  32.32178951  36.27764793
  45.28467845  36.42951864  35.23429628  42.7629479   30.47058357
  38.98804844  40.06691109  39.02635931  31.6101065   28.43012106
  34.225149    39.61401713  31.44187714  23.09437159  36.57687171]","[ 54.15036055  58.0354041   48.98724818  52.36536672  47.58013821
  56.49328372  66.80064135  62.44574459  58.29574146  58.32759738
  52.89193593  61.92434671  57.27307417  57.69572843  58.50841429
  54.25226643  56.00312177  59.05190595  56.52925416  57.53848081
  58.91933464  61.58155961  63.61160191  53.12779272  59.01444767
  54.15036055  58.0354041   48.98724818  52.36536672  47.58013821
  56.49328372  66.80064135  59.93292047  57.25588632  49.8211047
  59.39232429  62.0969642   57.2619542   45.60927566  45.02482959
  57.30290903  58.26019657  57.48700193  61.0996706   62.11245535
  53.99325938  58.49844392  55.23739233  54.399563    54.18281084
  50.99393147  56.68680608  54.37247575  60.31854932  61.66390095
  53.33847386  64.60023312  54.85350095  60.83770208  49.99830156
  59.37262508  59.47662636  59.20671353  47.65623663  45.23016994
  56.46735214  59.37766527  57.79529067  63.34990562  58.24843714
  60.04126815  57.72549923  52.51568038  50.40609737  61.19560645
  59.13988633  63.9039771   59.55747268  61.17728044  58.11097331
  59.4415121   52.04132441  58.21636153  61.06696193  49.85413394
  57.53200531  55.75100073  50.51099081  47.34933635  55.67752238
  63.30225878  53.30451046  61.0996706   62.11245535  53.99325938
  58.49844392  55.23739233  54.399563    50.55014335  56.43785198]","[ 67.77265807  57.74455506  63.75941603  61.17672931  67.07898818
  58.6517766   68.3459965   68.51564669  61.44577798  62.63182355
  57.72358366  69.36673406  67.77572858  58.45591722  58.18325052
  68.15013114  57.34264161  63.41942729  63.98346946  67.77265807
  57.74455506  63.75941603  68.48619927  57.65571194  56.63432418
  65.28854406  67.81280013  63.45193931  67.85368997  65.51789903
  63.25799924  65.41033117  68.21197387  52.92409837  61.73090266
  59.20297084  67.464691    58.63482409  67.22116467  64.49701911
  55.78932473  59.65645706  64.98787311  69.26471668  59.65645706
  64.98787311  69.26471668  57.55166224  71.30856768  68.06672359
  67.01855063  61.4055269   57.33856495  58.87318096  56.35205655
  63.20046383  59.03376718  68.0149355   50.48016362  52.92409837
  61.73090266  59.20297084  67.464691    58.63482409  67.22116467
  64.49701911  54.40271482  64.85107018  66.31978807  67.39763602
  69.2154213   58.75769768  68.89697675  58.27352364  65.56106073
  60.84851775  63.47577416  56.20446548  58.30562316  55.99123663
  61.12265292  61.77209759  55.4515413   64.05567461  58.50746878
  61.19898496  65.97584777  61.40680458  56.20446548  58.30562316
  55.99123663  61.12265292  61.77209759  55.4515413   64.05567461
  58.50746878  61.19898496  65.97584777  61.40680458  61.61893276]","[ 54.87284105  44.70055455  46.12020173  45.02118618  52.07615846
  33.78565081  48.64086245  49.69299696  39.73518826  51.26216028
  54.31729536  42.43249256  41.60976223  44.9821601   45.8526455
  52.84210163  48.2412435   49.14805864  33.46996108  51.04290158
  48.86645013  30.84771123  57.1143642   38.07037929  48.92127206
  27.32189556  54.33671478  35.3018379   59.0685927   48.34853061
  48.69368411  53.60993148  44.79919669  31.90586385  48.94084925
  46.54406859  53.8208342   48.13504126  45.08450925  45.86354895
  17.97755199  46.27386427  41.52694821  47.90083324  57.47346722
  44.77288328  49.37173551  53.25388989  56.82219539  46.26694452
  54.27031872  38.07037929  48.92127206  27.32189556  54.33671478
  35.3018379   55.53357912  41.36495092  44.33514493  55.15473914
  42.63928526  53.99828509  41.69831542  51.70782841  46.37668642
  55.22069292  57.59440442  55.22069292  57.59440442  48.02056274
  43.6051763   48.25994564  47.06676747  56.20024677  49.66710273
  51.45518483  48.84656833  50.39215663  41.19790499  54.31729536
  36.3042214   46.83520276  47.67399647  50.69679409  48.24682026
  48.52912473  55.53357912  41.36495092  44.33514493  40.78351298
  48.90194968  48.23378611  46.24336483  40.94270569  41.79194193
  42.49443155  42.20446701  43.19196299  48.02247457  50.2944012 ]","[ 71.41436377  58.78215535  71.90252037  75.02422125  68.31641728
  73.44943292  57.88295849  56.95319668  62.13583863  61.91883675
  74.94455135  68.50228222  64.6316073   61.14095858  70.16154674
  75.77221574  72.64362867  71.25233033  63.30456319  77.35613999
  67.64711307  59.42851384  67.78055997  71.76490231  66.31771967
  48.00407763  70.21454885  70.41460089  69.83095673  72.00710906
  67.4076345   58.96121375  69.55039595  68.74533677  67.74853536
  69.74137094  74.4813621   70.71428043  61.97699194  74.47100919
  71.8932846   77.07843589  68.64523964  63.04956509  66.95463198
  73.55132403  70.43819496  73.49461582  56.49535193  69.94641742
  72.77576512  69.3930463   73.27347546  70.68365934  71.54634184
  72.77576512  69.3930463   73.27347546  70.68365934  71.54634184
  72.46842439  70.42194829  73.63837054  65.75119943  68.36900111
  71.29715779  68.67622007  62.49089186  64.69133969  71.68702194
  70.61496514  58.15835844  70.20219213  64.4336107   79.74406097
  56.97973825  68.73618432  66.31771967  48.00407763  70.21454885
  70.41460089  69.83095673  72.00710906  67.4076345   58.96121375
  69.55039595  72.42091738  69.55039595  72.42091738  63.05150437
  65.0816657   77.44481684  66.95463198  73.55132403  70.43819496
  73.49461582  56.49535193  69.94641742  69.55972998  72.09960129]","[ 52.89365696  50.15626194  52.34926815  52.64068745  47.36436775
  51.68959654  51.89297038  47.78263922  53.2124982   52.09820009
  53.5509843   44.40868533  46.60329784  50.00171914  41.94291482
  43.03524793  45.31724725  37.87009046  51.26895178  57.0234006
  39.69233151  41.44026578  50.29406062  46.72083027  47.46366959
  46.60655851  43.86989175  51.60760251  48.68911078  38.72146387
  42.33552999  45.15049076  47.22990193  53.28846227  55.99692911
  47.95622137  52.94741718  50.94047895  50.94807935  51.56466486
  45.51746185  47.19058056  52.9947353   44.76824909  46.82907299
  49.75925779  43.53723269  48.71504955  47.40833996  39.35165717
  55.4099204   48.92853659  50.16477366  46.2782167   57.07742292
  60.07415767  56.97692341  55.08501992  40.96078962  40.04458705
  44.54348112  53.50160678  49.13373092  49.78455157  40.73473314
  37.87009046  51.26895178  57.0234006   39.69233151  41.44026578
  52.07474117  49.90237134  56.25839054  53.8607148   36.94575601
  49.28819222  53.5804707   36.30346077  41.70965183  45.64753997
  50.72030471  48.44579244  54.9686787   50.16224869  52.47998291
  53.79780858  48.28601162  36.94575601  49.28819222  52.53944529
  55.90066639  53.33958004  50.31576568  53.77982714  29.92344842
  53.05643269  49.68964229  48.13919629  50.15626194  52.34926815]","[ 63.47627228  63.70624633  62.12089067  69.06694079  65.69777249
  57.92829513  67.03898665  63.35050812  58.28749975  58.33626569
  61.6957419   65.64033509  67.13773697  72.11976443  64.50210711
  64.34942664  70.74023802  62.71699886  59.62135403  65.86911961
  64.63494049  66.60670015  64.42103603  68.08632155  58.30292731
  62.03332523  62.48407466  70.81522956  63.04314887  65.79245425
  67.3700357   64.41797596  60.50899636  65.66260542  58.16767524
  63.47627228  63.70624633  62.12089067  69.06694079  65.69777249
  57.92829513  67.03898665  63.35050812  58.28749975  60.627132
  64.27085861  75.93255154  65.43119809  66.08342679  57.04035571
  63.20627435  66.18928342  65.87521977  58.02609508  53.33847102
  63.91146834  62.57267861  65.8385116   66.7691728   68.16488668
  64.73915795  61.6503417   61.91589963  66.08350703  58.81614426
  58.5203401   61.41389771  65.13548963  62.06130516  63.0019188
  62.72844693  66.32175142  66.32391256  66.7118581   69.93647465
  63.90502257  66.08350703  58.81614426  61.4126299   59.01578394
  66.41664964  59.08318315  66.33439544  68.31519882  63.40182134
  65.1939926   53.21580158  66.33439544  68.31519882  63.40182134
  65.1939926   53.21580158  64.53495898  62.99662622  68.07249308
  58.21303442  68.66779687  65.98092246  71.84003536  61.61632098]","[ 48.05072821  50.38457112  51.44812321  49.0833401   53.47695341
  45.30171122  49.30632755  52.07026194  47.04436309  53.67261062
  55.44380696  50.76890792  55.22562584  41.84160858  48.22984562
  48.98414773  59.95002804  50.46280476  44.70535834  49.31105278
  47.94769637  52.07336242  51.22806659  54.66477564  52.53677924
  47.25546332  55.68421457  50.4515097   49.63717644  54.69055519
  46.64796186  48.13516429  53.6277148   53.20904723  52.59284865
  44.62515918  46.97594497  47.65814966  52.25523817  53.47579378
  50.91618527  50.99100284  52.086122    55.25110774  53.47579378
  50.91618527  50.99100284  52.086122    55.25110774  48.05072821
  50.38457112  51.44812321  49.0833401   53.47695341  45.30171122
  49.50609567  48.19767836  38.77016979  50.63737515  55.79361499
  47.48665057  44.12777314  47.06546669  51.01207325  57.29859449
  54.89261643  48.46424636  50.18030582  50.33965244  51.34947531
  51.76663051  55.69119646  46.09144101  55.60071397  47.64582966
  55.73874667  53.82080339  48.36657354  47.86307602  51.29389657
  53.69471676  48.24401336  53.68953664  53.97047516  46.93054158
  50.8471118   51.3857391   52.21673425  48.90656957  51.02498965
  49.58741371  51.73849403  50.27450586  55.41021233  55.66056274
  54.62059278  52.49079617  47.86766034  55.79361499  47.48665057]","[ 46.70303834  41.9993571   47.73245229  40.58291035  45.29725713
  36.37547646  45.97959949  42.57640025  41.91333721  45.38464637
  42.67955598  42.54839262  34.17582307  40.74420783  44.46386911
  36.23494304  40.00064297  40.63665703  31.49762728  40.08493451
  41.53371594  48.5740188   46.07194113  41.16524106  40.49244247
  43.03639323  46.05304039  42.89322645  44.77736162  44.26666637
  34.25811618  40.24605699  43.01217233  44.19783334  39.48291739
  45.56574517  42.21608543  46.46247218  42.32353458  47.22572473
  34.02352537  46.44020702  40.5580057   45.56574517  42.21608543
  46.46247218  42.32353458  47.22572473  34.02352537  46.44020702
  40.5580057   40.04750308  46.14326372  22.88686552  36.44761052
  39.0921961   48.72146391  42.04350581  43.37834755  40.91414009
  46.03596567  46.35681469  45.54199486  38.39238488  40.19012126
  35.14587731  43.79990898  40.78944045  41.64335677  47.11124429
  34.38383068  39.3098146   30.18842424  44.39138215  35.09966432
  38.4215156   46.698552    41.21078577  43.70935081  42.89609205
  38.71245602  34.89278089  39.26894849  37.18727883  41.08398921
  40.44493934  44.22249323  46.21610397  40.18369402  45.70692815
  40.5003664   37.00356072  37.1502474   38.7063632   45.80508611
  33.28631356  44.32594104  40.49600991  40.58181293  38.85641809]"
,"[ 44.66965895  33.7948277   21.43514602  29.79235802  28.5688657
  33.26346378  34.60506523  34.95935296  23.81827619  44.32029646
  36.13873183  35.85690632  31.86768025  34.39613402  49.77366686
  27.15053611  41.06311687  33.93719052  34.4411015   44.66965895
  33.7948277   21.43514602  29.79235802  28.5688657   33.32441272
  29.03203198  25.19430524  39.95971197  34.0832993   36.25562724
  32.83893784  24.36595253  37.37160089  30.76484838  27.78385848
  38.41143232  28.44296077  37.38285894  35.55268451  32.74833975
  34.4524277   25.34673675  28.77798897  32.34997845  36.32684453
  45.07993336  34.7817389   29.74647647  28.50627033  37.95705899
  39.18617267  34.00952229  36.92871137  33.14319606  20.95230146
  26.53123169  34.20538475  32.61977253  36.15033255  34.31741642
  27.14879699  35.86711392  28.44296077  37.38285894  35.55268451
  32.74833975  34.4524277   25.34673675  33.32441272  29.03203198
  25.19430524  39.95971197  34.0832993   36.25562724  32.83893784
  24.36595253  37.37160089  30.76484838  31.07460692  32.84720701
  29.86502659  32.30801927  35.03846187  32.27223102  34.50065521
  25.14376393  37.01952756  37.72914463  31.19869764  26.33699132
  21.81294157  32.15961775  26.58349484  37.32829788  40.06785222
  24.12209495  36.15033255  34.31741642  27.14879699  27.00041626]","[ 52.42609509  63.62042837  55.64736443  58.97871282  56.2471254
  46.75719482  59.66679895  57.38171586  55.43239657  58.83318129
  59.79573234  57.95576562  58.88995699  58.57065371  50.78257137
  61.88025644  61.39557847  60.49050755  55.13551786  61.09963253
  51.971547    57.83328241  56.47035734  55.38436027  52.05972579
  55.10243688  53.79482493  58.78110739  58.74796994  58.02045753
  53.24472472  44.01155783  56.18226188  54.94615753  59.62244384
  53.61577301  47.46378976  48.77389857  56.63898141  61.14686124
  47.25933256  56.45619732  60.93559863  63.58398258  57.34632484
  58.56574454  56.49269334  60.50943245  58.4985262   50.89135508
  56.78887486  43.63999484  59.01635806  55.27149476  58.31586803
  58.84712367  57.89993066  63.12852134  56.89437674  56.40542657
  64.56229698  60.48923159  62.66690809  55.02726432  60.11996607
  50.9850654   46.3186154   57.4488617   54.52053713  58.40414608
  51.45024877  57.95576562  58.88995699  58.57065371  50.78257137
  61.88025644  61.39557847  51.79033156  59.19845704  58.70946803
  60.76676712  54.19848051  60.14656119  53.66254016  47.20053794
  48.87902967  38.52521766  54.92476285  55.91905244  54.14770515
  60.18379083  47.07445506  56.47035734  55.38436027  52.05972579
  55.10243688  53.79482493  58.78110739  52.1683923   48.95829433]","[ 64.69055483  69.22863557  67.27630604  71.5380737   70.28294068
  67.08370378  69.18433505  62.60453852  63.63641191  67.21074689
  66.87828929  65.54709004  61.79298036  67.62660315  62.07633126
  70.56472364  69.33491294  65.69213022  68.42006612  63.35798821
  72.80508833  73.33042338  66.33586822  63.24415868  63.00923252
  70.86012164  59.93490492  68.94916277  62.48148601  66.20673178
  69.7470175   64.95844894  70.67674506  70.30291827  65.87029234
  62.54885239  67.64333609  72.56303599  67.32787284  67.34070899
  61.78390796  65.44357626  69.86963512  67.95581509  64.82997411
  66.39504588  69.5019572   60.4066286   71.63374197  68.81049937
  64.95844894  70.67674506  70.30291827  65.87029234  72.33239011
  68.79814612  67.40216214  69.20207905  65.73474172  70.51245081
  62.86152096  59.00189017  65.08334084  65.2164319   62.02349495
  72.33239011  68.79814612  67.40216214  69.20207905  65.73474172
  70.51245081  62.86152096  59.00189017  65.08334084  65.2164319
  62.02349495  65.41133065  63.46790634  69.96359307  71.65555678
  61.55341737  74.63420885  69.86963512  67.95581509  64.82997411
  66.39504588  69.5019572   59.29342449  67.42745223  72.21986679
  69.6921318   68.86912791  62.7301124   71.1521441   67.00058857
  67.21074689  66.87828929  65.54709004  69.96359307  71.65555678]","[ 49.50621331  52.24900856  46.70020312  52.5058854   49.21729365
  52.38361091  39.86020369  38.46354727  50.57855293  56.28664234
  61.73376303  40.50894394  54.35523334  49.28411404  46.93127377
  55.38499957  47.67332599  32.72088512  46.1250885   47.32614797
  49.41654507  50.57855293  56.28664234  61.73376303  49.16574934
  51.73633116  41.81863862  49.97233848  47.13125328  51.34765303
  40.50894394  54.35523334  47.46693262  49.31379039  48.35826991
  55.05174952  52.10031484  49.01079294  39.11380813  44.03037851
  50.32520205  36.00699109  33.68017993  53.07879686  48.07849335
  53.36585741  52.68128571  40.05184586  49.72014011  38.42594243
  45.42116126  43.55185195  53.55861972  41.21827586  55.29924138
  50.06067754  53.2009696   53.4678013   35.88520273  49.40876006
  50.93097924  53.51775067  48.89530495  50.75393885  55.55576279
  49.72014011  38.42594243  45.42116126  43.55185195  53.55861972
  41.21827586  55.29924138  52.32229389  56.66307884  51.66694439
  37.61681352  47.32614797  49.41654507  53.84188222  57.82402811
  58.02024178  46.49275639  52.86657999  55.72234411  41.65350096
  45.75554057  37.66265818  49.33162586  43.91195859  48.55466219
  54.2731861   48.78490806  47.33886601  42.45455292  40.50584185
  48.63084461  40.2903115   53.7774218   44.54563806  49.37613373]","[ 67.36371741  63.26088889  73.94634505  67.12879387  69.74130906
  73.63503839  70.75099757  74.33965391  68.40262143  72.59197187
  74.49194567  70.09293959  70.60913166  69.50964555  65.8091162
  68.75076231  65.36844559  58.62193303  66.14260817  71.89775035
  71.16029257  72.68529782  65.83015513  73.7977244   67.66890381
  59.96768861  68.42483307  69.39525925  75.56566228  70.91978382
  72.82992777  71.86154576  77.61646193  65.36844559  58.62193303
  66.14260817  71.89775035  71.16029257  72.68529782  65.83015513
  73.7977244   67.66890381  59.96768861  68.42483307  67.08836664
  68.92282815  59.12581141  75.50420883  77.8684866   75.2275559
  61.56458647  70.49299386  70.7384824   65.71393026  71.46060469
  75.75767506  69.07854769  54.01272295  67.32545021  74.17136547
  57.88140083  74.95559937  65.81623316  67.64436384  70.09293959
  70.60913166  58.27520072  62.39914363  67.93457762  72.78278146
  69.8118463   70.61296834  69.59230939  67.7155781   63.94407979
  73.26240079  64.89248874  73.47257127  68.90520959  69.41348028
  65.37952183  61.62867085  77.13184891  71.938597    71.37889774
  69.67342486  69.44423526  75.30984952  70.93908285  75.75767506
  69.07854769  54.01272295  67.32545021  74.17136547  57.88140083
  74.95559937  65.81623316  67.64436384  71.3888019   74.30231936]","[ 48.26691918  52.63421192  45.67186747  44.17206402  48.91043382
  48.92495215  49.47158913  56.16584552  45.27100717  52.46389367
  51.17937595  53.3851143   46.64035694  51.50488953  49.34136419
  50.07065752  45.75631162  38.9060352   38.55608957  40.62646046
  41.05995981  49.37931295  49.07891556  50.02930078  53.16772816
  45.14436141  49.59325586  33.37436123  55.04007292  60.01730253
  45.20402603  56.57495114  54.75905396  53.89936103  46.22909346
  47.66855885  46.87474668  49.7845528   49.71237893  54.50692338
  41.15444655  51.17835415  45.82855509  55.04007292  60.01730253
  45.20402603  56.57495114  50.38941375  49.89103848  55.68854507
  53.1384342   53.85781622  51.82504573  53.23406709  45.49218696
  45.43377904  53.30193031  44.77392159  49.9935687   52.70104476
  57.09576156  47.22665985  50.17396031  56.0378968   49.6162479
  45.67186747  44.17206402  48.91043382  48.92495215  49.47158913
  56.16584552  45.27100717  52.46389367  51.17937595  52.07675105
  51.04132347  46.11468309  53.13760887  38.84230518  48.51221806
  57.08412696  50.44472144  52.12130253  43.76417728  54.44101502
  46.5573046   47.23188642  51.82504573  53.23406709  51.87762851
  45.68381745  52.72508995  49.53070802  45.48536502  47.08497542
  51.81897119  58.34752676  48.26691918  47.66703971  54.52664992]","[ 60.38792566  63.51189093  63.27890959  61.19317578  66.64983509
  65.6367025   59.81771453  66.8232561   63.51999412  66.95964678
  67.78750641  64.10553381  60.2151352   66.57917939  63.14787147
  60.98840573  64.02963343  69.47302876  70.45789909  70.37760115
  67.38569487  56.35220274  68.12858079  64.63955079  65.79330554
  67.74728856  69.52293321  64.54310379  62.98421265  59.90987995
  68.96231652  60.7742088   67.95494312  61.39420748  66.93522926
  63.19076805  64.59936371  63.58279201  52.25869245  68.9149548
  60.94958551  60.98405259  57.96210227  64.31457499  66.17120025
  65.77793688  62.81811379  71.1652917   67.66092899  67.98146715
  67.1971443   62.67064939  64.51587311  66.14655315  64.28757537
  66.57917939  63.14787147  60.98840573  64.02963343  69.47302876
  70.45789909  70.37760115  67.38569487  59.96115872  66.95624206
  68.363474    61.14322803  67.17063174  67.27447766  65.54508515
  62.66488476  67.82241673  63.32848359  63.96991759  66.85858989
  60.60577542  62.21564273  65.0889309   65.21019852  59.98445266
  66.62661458  60.46654483  63.44864323  69.83865089  58.51450593
  71.84390504  65.92775516  68.33353651  60.98405259  57.96210227
  69.57444515  70.28513044  64.43582643  65.15667675  61.14322803
  67.17063174  67.27447766  65.54508515  65.77702017  67.17781933]","[ 50.36766371  53.96623968  57.60112596  48.49337579  49.08354383
  42.65393087  47.95736015  45.99944513  40.85394204  45.39093422
  51.65755236  45.82176093  48.42703809  51.57598445  54.57240361
  50.77654064  52.60492996  46.54329742  53.82872331  45.08648892
  43.95686547  52.94537989  49.56615618  56.97904932  42.24598719
  50.36766371  53.96623968  57.60112596  48.49337579  49.08354383
  51.93309007  45.28911562  48.90330533  54.54218766  50.38629972
  55.80199565  42.68985802  49.81679065  52.04550736  55.35008431
  50.1404568   54.57240361  50.77654064  52.60492996  46.54329742
  53.82872331  45.08648892  48.81269386  48.93916805  51.00209419
  51.91519508  52.27568031  42.00515547  48.99278643  50.57558394
  54.20415025  49.83369442  48.59115714  47.60311866  48.15043957
  46.24307624  44.38075665  45.4330557   57.2127627   47.95736015
  45.99944513  40.85394204  45.39093422  54.8161036   49.88193675
  43.67933019  46.3554105   51.37562182  56.00122832  49.31426861
  41.41827677  46.56274958  53.96340571  48.48310926  46.41297668
  56.37391427  48.43272564  50.77237514  55.75459191  50.10751407
  47.56082256  46.41408139  47.50705779  52.44911708  49.45351755
  58.49734215  51.52315926  51.73342773  44.28068968  47.69563327
  45.98927418  48.96756404  43.44466489  48.15151683  44.04053867]","[ 41.65101491  38.14439735  41.90649123  41.4561242   36.23940904
  48.29850837  41.29386864  38.11310022  39.11341815  45.33807709
  45.82533909  42.36338796  37.82524733  40.40546461  47.01309895
  30.34845116  41.77316686  39.51145501  32.24166087  38.77581369
  47.92964844  47.86944308  41.15916083  38.27994428  20.4410884
  44.34550367  49.966323    51.09317576  49.85743132  40.3045853
  37.94254799  34.58627997  34.37453632  31.78410309  48.1616013
  48.50961436  46.47017209  30.65039004  46.42622206  50.96925798
  40.38155391  44.42122885  46.48242673  41.09081495  45.92559167
  39.74879461  43.4951734   23.78538394  33.66054773  30.68810766
  40.30534931  34.56858397  44.61752596  41.35441381  43.04793021
  47.41934618  49.9879771   41.30273429  45.47696774  39.98601705
  39.30781044  43.02448613  40.3236118   49.66758739  44.05796248
  44.12117989  39.78256349  43.69714094  24.68594993  43.65993646
  45.05330266  45.9909778   41.20168107  29.78960042  35.20405891
  43.77970165  30.05547416  42.70043483  41.41689584  45.98939761
  45.95341621  40.97479846  40.2162383   44.03844067  43.12081289
  47.75292755  42.88543371  43.4951734   23.78538394  33.66054773
  30.68810766  40.30534931  34.56858397  44.61752596  41.35441381
  43.7916517   44.18288644  40.62740468  44.23913892  47.2979099 ]"
,"[ 24.18459923  37.47348082  27.98767208  35.48519806  39.73634283
  29.35709445  34.76365958  38.38975471  24.04355847  37.67935374
  33.55208366  36.50086987  34.31399888  35.8708746   26.24062618
  42.3347683   32.29168863  42.859777    39.33530685  29.88332831
  21.07341192  31.03464377  28.30387193  26.24062618  42.3347683
  32.29168863  42.859777    39.33530685  29.88332831  21.07341192
  31.03464377  28.30387193  38.73659146  37.41018914  40.31410227
  37.06781499  35.76562404  22.28203167  38.92379399  33.15488858
  34.46810792  37.7446721   33.54238379  33.23186295  35.45902983
  29.389669    30.9540913   28.56769574  31.74478394  32.84830969
  33.32028203  45.26372458  32.21967252  31.80976455  29.74981812
  33.64139518  25.75922635  29.94723512  29.65974252  36.50336281
  33.17818289  28.5261505   33.6302145   38.27857268  30.46554745
  30.36826179  27.99794459  32.21967252  31.80976455  29.74981812
  36.69181311  29.56480273  24.18459923  37.47348082  27.98767208
  35.48519806  39.73634283  29.35709445  30.11709721  32.32884546
  27.86543199  33.07257032  16.75199227  28.06061142  39.47276271
  31.06057665  37.77798072  39.88928451  29.42483637  30.71650782
  31.71913961  44.12647156  27.50375513  35.74674213  31.09285608
  35.10437989  38.68840429  36.05924032  34.46810792  37.7446721 ]","[ 58.12795205  49.18540433  57.14216836  61.05090408  55.22000007
  57.99338639  58.23532108  58.42375372  52.80111967  57.4104462
  56.52952157  56.75243287  58.05489014  57.8400443   58.96621118
  58.13659066  61.61356818  55.94537676  51.38342601  53.26827164
  59.52866286  54.70590546  56.15040654  55.1608601   59.40506836
  62.52246607  60.29360289  60.35978152  61.09915108  57.11203426
  53.02611757  48.30574162  52.74624191  49.56250351  54.30028747
  56.81355386  58.44410728  48.6317047   53.46147341  58.22554054
  61.65784189  56.74683015  60.14174897  55.06552984  53.23377781
  59.78492284  59.76192061  55.67702947  51.66652901  57.79840994
  54.9955554   58.57482732  55.14651915  58.80614296  62.09996807
  50.96156852  56.75029322  57.44010601  61.4467258   58.61386913
  56.8092284   55.61215905  56.70092905  60.75995149  59.75517923
  54.54557807  53.36679786  57.51795614  56.21883104  55.27336663
  59.51011759  55.06552984  53.23377781  59.78492284  59.76192061
  55.67702947  57.99378983  53.1843952   47.42619934  49.89860289
  50.86897451  62.44049696  58.90090763  62.20649469  60.23109715
  62.22838444  50.47823043  57.09331189  52.3175451   52.7572786
  50.4694452   54.52627726  60.76162344  57.77675828  51.02529556
  53.47003668  62.39473013  56.19876523  57.19745997  54.06399493]","[ 69.88273162  69.01482758  67.93676778  66.27353756  61.52673461
  67.45241732  68.46645596  63.02343232  73.48219726  65.57240612
  66.97846958  60.21703924  63.00944804  74.89835099  66.72096503
  70.37489209  62.93174232  70.34287817  63.35001851  66.99226685
  63.97849306  69.83653148  63.02343232  73.48219726  65.57240612
  66.97846958  62.07556378  63.63147676  61.887772    62.10698016
  65.43586417  68.18437139  61.02732327  62.1214094   70.82853702
  64.26020107  65.03305002  66.82635649  64.48399972  67.58741406
  63.44789153  67.46048791  69.33864681  65.17546449  67.46048791
  69.33864681  65.17546449  67.48102332  66.14277081  60.22593398
  65.19389505  65.60785671  71.83957285  68.9742512   66.4467641
  66.29022445  60.21703924  63.00944804  74.89835099  66.72096503
  70.37489209  62.93174232  70.34287817  63.35001851  66.99226685
  63.97849306  63.5940954   70.21554604  72.75475605  76.1870589
  60.48238232  69.59358879  62.53965143  73.43317547  70.44287677
  69.35606509  71.79709844  66.78050242  67.68491886  70.29319575
  71.34594183  66.07160026  64.03218654  69.08845047  69.88273162
  69.01482758  67.93676778  66.27353756  70.29319575  71.34594183
  66.07160026  64.03218654  69.08845047  69.88273162  69.01482758
  67.93676778  66.27353756  61.52673461  70.65729503  69.66092087]","[ 53.84868334  50.60788591  59.71499844  53.78998767  53.78874184
  53.27463675  47.4887003   44.05004316  53.21063806  54.82648852
  50.08613993  51.33721096  54.39531585  52.93659482  44.49260297
  53.17222356  54.15028771  50.12892848  57.62543705  54.95773416
  55.72706011  49.42377372  37.49801733  49.77570799  54.07396581
  48.86219378  59.7101511   55.43149978  51.32536092  52.09846702
  54.05657908  50.03428663  42.6842091   51.67333284  59.6214116
  58.07712997  55.62554307  50.08076427  50.88765838  59.73474316
  50.94765028  53.29330096  53.12475491  46.23994582  56.10806153
  50.71437037  46.33671928  42.73041077  55.72264863  58.6977893
  54.88167905  55.25587106  53.93019629  55.43542474  46.0569282
  56.08407807  55.41802164  54.98143863  62.44926006  53.53572756
  46.18101194  50.93076231  49.77570799  54.07396581  48.86219378
  50.1865228   46.27583541  49.68050514  57.18926231  54.9608342
  52.80539342  51.15432047  51.38808019  45.82140068  55.39363206
  45.97277053  50.03428663  42.6842091   46.19731678  51.28146224
  47.56086847  45.49862638  53.69721333  57.95146495  54.97038782
  51.33721096  48.49122044  54.56684503  59.37907326  50.32171486
  50.1865228   46.27583541  49.68050514  57.18926231  54.9608342
  52.80539342  51.15432047  51.38808019  56.9737632   53.1879308 ]","[ 68.50057425  72.48134919  61.68581395  70.96378406  65.93785377
  73.25671257  71.40385516  58.93608785  68.93440706  64.92966785
  62.24749593  76.6671631   61.89197401  67.63054784  72.50680152
  71.02517236  68.01559787  74.74856632  69.16799677  66.2662133
  69.0158756   61.5187671   71.95312727  66.44619048  73.38955693
  70.48142073  67.51584733  74.29375273  69.0348441   69.83928345
  76.86028992  69.17466034  57.62352455  75.61682235  71.66699232
  68.34353837  72.49501251  61.24373947  73.55102112  67.59664664
  61.92488398  70.28214537  78.76097363  66.88804972  63.74388586
  66.80844926  75.71389386  66.60031222  67.03739198  71.9034284
  74.32338458  49.47906516  72.2421203   73.54933563  72.07106962
  69.96110678  68.44785375  70.90369044  73.22199348  70.53160741
  64.78148678  64.49193809  57.48732748  68.58195103  73.04257147
  69.27453917  74.16816107  69.89592876  76.91018768  67.06950931
  79.32489129  76.10063739  68.83084635  68.01616499  67.30942703
  59.33487822  71.19317867  69.78656118  69.65767757  75.22398038
  72.19999251  64.40197604  65.02278518  76.4598137   73.99336328
  73.81076761  69.78656118  69.65767757  75.22398038  72.19999251
  64.40197604  65.02278518  76.4598137   73.99336328  73.81076761
  75.00789106  68.50057425  72.48134919  71.40385516  58.93608785]","[ 51.19120017  58.23013446  53.23227017  55.23219512  45.5661398
  51.40078505  51.25678275  47.82563071  49.77956629  41.28935586
  53.50308673  47.83071458  47.93408636  51.87652358  57.02863703
  50.19012093  49.25612153  49.53237245  47.49744779  58.99240676
  45.91311622  52.98556685  43.91616635  50.60512396  50.35890452
  50.17106309  51.12630459  51.19120017  58.23013446  53.23227017
  55.23219512  45.5661398   51.40078505  51.25678275  57.98578707
  53.33323355  47.46896985  54.43601906  55.38145747  54.13487333
  55.39640758  44.57103807  50.31898018  40.43345138  47.32632399
  60.13240832  52.35456992  49.83929511  53.0480269   33.3260751
  53.18734073  59.91998933  46.9635907   56.73400833  52.60728088
  56.94186878  55.18257766  50.73793957  46.34486745  40.20053952
  53.70424281  47.44697424  55.16704308  53.04088396  54.9905716
  48.10092145  44.14561062  48.18976924  49.18451791  41.88962814
  55.37907925  51.65551422  48.13500381  53.38281581  50.28393849
  55.1684343   53.04612614  41.28935586  53.50308673  47.85303038
  48.42034719  53.21556664  51.51055494  53.18668319  49.72767541
  51.25795643  50.64525069  50.92964071  48.73489842  57.98578707
  53.33323355  47.46896985  54.43601906  55.38145747  54.13487333
  55.39640758  44.57103807  50.31898018  54.22150484  51.2535824 ]","[ 61.90903211  67.10850013  58.92595351  59.58952645  62.11673414
  57.82965632  58.8160206   52.83928289  63.68554873  59.92775816
  64.00042426  65.10013413  65.84080682  68.61881519  68.82990821
  68.08024727  70.76721091  68.96389244  71.95520672  69.01485532
  60.05669501  69.39078854  60.44053804  64.80615758  56.80556704
  66.71619412  67.95870175  69.5371093   66.91605471  58.79549711
  62.88609057  68.37782206  67.38425027  62.88609057  68.37782206
  67.38425027  59.6595587   65.96488465  63.79888691  64.31795827
  67.60530168  65.97602564  60.58130755  56.68249301  65.86736434
  64.80570416  61.81790093  64.5384216   56.9623893   68.25570091
  55.67976717  53.61386975  65.48304974  55.79737527  65.00062112
  72.95492092  62.27401232  69.74401489  65.86736434  64.80570416
  61.81790093  64.5384216   56.9623893   68.25570091  55.67976717
  67.60530168  65.97602564  60.58130755  56.68249301  66.13241952
  58.15922575  56.5786851   59.13981066  62.78144852  61.598359
  63.02592186  66.63958084  61.9978992   68.94982508  64.43161133
  67.10730926  66.2770215   70.11142276  66.77988194  65.14952792
  65.85523572  63.76581276  60.50346262  62.01079833  67.03795473
  56.95765992  60.16897167  58.30065021  67.38789956  63.36634969
  67.41070776  66.75246958  70.07328197  62.9856161   64.51947718]","[ 48.54545874  48.94364798  47.4063152   43.01789899  42.62522805
  52.893995    45.20537705  47.06517091  42.84807082  44.91687122
  46.86690743  43.00407653  46.41006879  50.69180916  56.94170949
  42.85297335  46.73870054  47.73891497  46.22129973  45.40660729
  41.16291757  47.55076995  41.55096801  52.68394831  43.55066227
  53.71361719  40.2039926   46.39764228  48.09674887  49.49403996
  52.17672658  46.25315945  39.26672849  50.63339528  50.329416
  54.30304081  45.94146739  47.56978976  45.45404537  46.01744524
  42.77056356  39.46998558  41.3190512   50.798162    47.69544161
  48.89268906  47.33644025  49.36485589  44.78038327  46.94654702
  40.44334483  44.96296289  43.19888201  45.76314167  47.90013848
  43.4007837   45.60895346  51.97837487  43.40964085  38.74727     45.25910244
  45.92792355  50.50795634  49.42355228  50.47427132  46.94561376
  44.17226224  43.04465978  38.54389223  42.45815944  46.1151542
  50.19968706  49.33036226  46.1064392   46.89184739  46.64690431
  44.86433863  50.66707524  47.64752431  40.50751908  43.87106669
  45.42994239  49.13173513  46.48459466  51.22569231  49.27863837
  38.47149321  53.91921867  48.11725523  42.73972319  42.78787599
  50.82143687  41.13070305  43.4007837   45.60895346  51.97837487
  43.40964085  38.74727     46.94654702  40.44334483]","[ 34.88556814  34.83332208  45.52233347  39.16783048  40.16677836
  43.07910923  36.42464125  46.24447466  48.98225731  38.11193532
  37.11882933  45.16509056  46.58764552  40.52740738  41.05679421
  34.57179738  42.54343415  41.67241106  37.74642254  38.09525678
  44.16831769  30.56756168  40.22587876  42.75910233  38.39992655
  44.68296708  24.62242466  45.68863093  35.19599864  39.87478333
  35.45979405  37.32549058  39.68535435  34.09067857  45.06156241
  44.52893812  46.86837291  35.26438458  45.14882661  37.9568414
  38.41052793  43.7893008   46.29087417  48.72404151  44.19491767
  26.03279499  46.22030773  46.91986035  38.35760374  40.46685015
  40.42877516  37.28067131  42.31257339  39.32532218  36.82126437
  43.66549029  37.30194978  40.07718341  43.84722217  44.26560386
  37.82511577  45.59163654  46.95779301  42.47429807  37.52721068
  41.82785395  45.05475075  46.21272297  45.16509056  46.58764552
  40.52740738  41.05679421  34.57179738  42.54343415  41.67241106
  37.74642254  41.3774048   38.20355213  44.34238013  35.2456483
  47.96743903  31.55577626  29.50687911  48.26001251  39.87680346
  43.09024859  40.39442792  34.90133012  36.65323696  40.61326281
  44.8431186   38.28051262  38.83624506  49.21103843  42.23045684
  32.77457659  47.09018452  31.51833959  46.60929227  32.81953634]"
,"[ 29.86223901  29.25892757  35.20061045  39.33653855  42.95007963
  35.1043255   32.29610216  32.50498515  42.2938497   38.4514022
  32.00640245  34.950641    37.89305639  26.03950247  39.77377587
  32.42606996  36.59637645  40.0017441   40.81427629  34.29935801
  36.35188463  32.44480955  32.29610216  32.50498515  42.2938497
  38.4514022   32.00640245  32.51737578  36.51655686  42.56731508
  36.55898869  40.90571234  26.71570801  36.50694336  37.86069294
  32.77773185  37.15490787  35.31784857  41.11074689  36.00613686
  38.31076515  37.29519231  39.20716188  33.89027356  34.60244351
  41.09811571  38.13992947  32.64530733  36.12098595  27.49189491
  41.50711987  33.57584013  34.61903593  30.79379884  33.37174637
  32.77773185  37.15490787  35.31784857  41.11074689  36.00613686
  38.31076515  37.29519231  39.20716188  33.89027356  36.02530476
  38.84841476  36.36375517  37.02292997  30.62801021  27.70272484
  29.6742332   29.12085083  28.6406353   33.42631382  32.06395235
  17.44519255  32.44480955  41.3704322   39.84271675  35.16976037
  16.92823934  34.60244351  41.09811571  38.13992947  32.64530733
  36.12098595  27.49189491  33.63917148  39.44429632  36.94422227
  35.70692433  34.17600103  31.45375202  28.32811855  28.30816293
  29.00565984  34.56529093  33.80066357  25.32207042  24.91394258]","[ 47.01297889  57.43723414  56.79468974  59.53388919  57.29527851
  59.76652941  54.14691356  56.45661611  52.78760214  56.95424935
  57.71879671  52.45582206  59.97587021  57.25528759  52.29354387
  58.08295306  56.04082787  57.76011408  49.32644416  54.25452523
  55.72307647  54.1428644   57.05405321  55.37106794  59.97683713
  57.18972104  44.8658858   54.87712642  53.44199669  54.54726131
  53.27535055  53.25023299  54.59287103  51.81052336  57.25431442
  55.37829406  47.97469425  48.76712713  53.32995897  57.39103668
  49.68278043  53.47443866  58.3340528   60.61554199  57.28392645
  59.76652941  54.14691356  56.45661611  52.78760214  56.95424935
  57.71879671  52.45582206  54.53484753  56.32744124  52.89631482
  51.04815634  58.7727325   57.4514655   56.66127446  59.22440088
  56.18296837  58.32332634  48.74288381  55.40195378  54.88627985
  58.99520302  54.54458135  55.8997815   58.92207689  59.18272917
  59.72558203  50.92293953  55.71299266  52.64115478  57.86704804
  57.59972285  46.46718855  58.57629418  55.66666215  49.55260564
  56.1540764   53.69531576  55.58685252  58.29833067  55.80700985
  56.43151041  56.57701801  56.39870316  54.18142605  51.95987096
  53.54775976  55.80368015  62.14254188  61.28336119  57.25431442
  55.37829406  47.97469425  48.76712713  53.32995897  53.19651976]","[ 60.9717226   60.16720104  63.97103421  62.06202219  64.96605363
  57.88498732  57.75585413  64.32302118  64.01545193  52.30820665
  65.5861499   62.42273861  60.24842283  58.91461663  61.97102703
  64.57385554  61.13055848  59.33198636  61.79997104  64.3153231
  59.12516675  56.84712817  63.97103421  62.06202219  64.96605363
  57.88498732  57.75585413  64.32302118  64.01545193  52.30820665
  65.5861499   61.26643053  64.27381761  59.61956086  65.549789
  59.16486787  62.20181267  71.18857059  63.67581563  59.00256042
  57.13319032  62.42992925  62.9894404   71.03267567  65.549789
  59.16486787  62.20181267  71.18857059  63.67581563  59.00256042
  57.13319032  62.42992925  62.9894404   71.03267567  63.90716012
  64.3153231   59.12516675  56.84712817  58.35946721  63.37612891
  60.72617939  70.10292776  62.64202129  60.80595409  66.50821868
  67.92385693  63.40546906  55.73292791  69.26660103  66.45837946
  62.18752597  63.61766426  68.79996207  63.79382213  61.21834268
  67.4708153   59.74924286  64.04349123  62.48062606  68.42582169
  65.81531146  56.93718276  58.57354413  63.3968686   59.31206978
  65.36239454  67.80015212  68.76166831  68.29250261  68.55582115
  59.58039738  65.02023691  56.40249228  60.48643269  63.43224828
  58.41724137  58.78164828  62.43701795  64.01545193  52.30820665]","[ 52.5478448   56.71219403  53.19737542  56.44579357  58.74643699
  56.41002812  61.03008538  53.9798918   41.39571902  65.37363567
  55.69161489  56.0749534   55.671335    41.29708625  51.67876636
  54.91621822  52.74755528  52.45706452  56.00587808  51.68240326
  47.95411535  54.38527285  54.1029059   46.82610978  54.58520776
  54.19963285  64.87798019  47.81471703  47.82875337  54.72213893
  56.93278509  60.84661738  53.87980181  60.18148483  62.37349757
  49.49074662  51.53234454  60.26348823  57.40381226  56.62662373
  52.95910751  58.27080382  50.40315423  63.12564981  64.86240738
  55.64410064  58.93254427  61.26962223  59.98718029  51.89664185
  52.70196556  59.32586199  62.14806382  48.1990159   55.65967362
  54.96940933  52.97778359  55.61714725  51.33241077  53.42236177
  50.30218169  57.57690226  58.27663466  51.94605718  51.78783454
  52.19037725  53.89645724  55.10616959  55.57863322  52.71084737
  58.80235658  59.35861714  58.30897749  54.27932072  52.08355444
  59.4808077   54.66927219  64.87798019  47.81471703  47.82875337
  54.72213893  56.93278509  60.84661738  53.87980181  60.18148483
  50.16836871  52.63692407  41.39571902  65.37363567  55.69161489
  53.81594233  57.47115956  58.43803135  62.59892675  53.76163092
  53.92122772  51.00723722  54.70681404  64.58158426  51.16273628]","[ 69.42335864  63.29218968  69.69540122  63.70540011  65.03204246
  72.05328756  56.48194977  70.06168652  62.34770142  72.95302112
  67.63349822  66.95554706  71.32124461  73.99852073  66.78103986
  78.15575993  68.71642034  68.73884103  61.21676176  72.69213856
  71.21932615  66.11788966  66.36321715  68.76382154  65.63643107
  70.34464036  70.73418115  67.6148726   60.55961273  63.65473822
  75.12571342  74.50163338  65.4187684   74.94217915  63.08275103
  69.3573942   66.36321715  68.76382154  65.63643107  70.34464036
  70.73418115  67.6148726   60.55961273  63.65473822  74.35541176
  71.10811543  71.90545193  72.37743602  60.40715801  73.82545589
  62.40988827  70.60026807  69.03210491  72.69025553  77.93573701
  74.50163338  65.4187684   70.06565106  67.54935564  70.79529123
  72.70497873  68.68464022  64.56064187  69.05620743  68.20242967
  71.087704    62.28491332  70.31306103  72.73753772  71.0435036
  60.50018634  68.74102817  57.81723074  72.35077679  68.66228     65.69130747
  70.91948409  64.21926716  69.84527321  72.40553943  70.90484754
  71.85474404  63.96257061  67.84958521  64.80649383  78.00322163
  73.75866771  68.68464022  64.56064187  69.05620743  68.20242967
  64.59807422  69.42335864  63.29218968  69.69540122  63.70540011
  65.03204246  72.05328756  69.60607969  57.87270159]","[ 54.50657117  54.90935216  50.66917438  52.73045475  55.89039114
  57.5726061   58.24492014  52.56958821  60.22477525  54.97683208
  48.91438937  40.68078639  60.26892295  52.38327203  48.16314345
  46.48949025  45.4804889   60.89739587  51.96702534  44.32562436
  45.63841497  51.26878877  53.32847279  54.09632387  45.26988481
  52.08021428  50.9824862   54.5493162   52.05944779  40.94351237
  47.39780179  46.38529127  55.73148865  51.26395476  62.52159639
  53.57908875  47.00037458  48.52120516  54.61246196  54.32980347
  53.81330455  60.68872377  58.00853516  50.73685209  51.67259068
  59.92248202  56.01835922  60.71211118  55.31076998  42.74968514
  54.65069525  45.72331508  52.04217637  46.35212007  56.15943436
  52.38327203  48.16314345  46.48949025  45.4804889   60.89739587
  51.96702534  44.32562436  45.63841497  51.26878877  55.33606429
  56.04720177  49.26508487  52.14032973  54.13636794  46.39271502
  46.81202403  53.82227577  50.48226955  45.20010049  52.12209367
  53.2927313   44.35630872  51.80196895  50.1546602   60.7788734
  60.73996851  49.03094436  40.95720635  51.77091641  56.05747087
  51.96253843  47.29707972  50.67504405  55.32914025  53.14511846
  44.84954805  53.25948546  48.60866363  46.26562593  54.97252791
  56.71900869  49.0015167   48.37126738  54.5493162   52.05944779]","[ 70.46176398  64.76892189  66.7240611   61.51643688  69.75040641
  68.48933017  61.34067055  63.89287816  65.60176396  60.54550097
  66.42366756  57.30582495  60.38668734  69.8522198   56.15363864
  60.06754209  64.67435426  63.16295494  55.38229485  65.40857666
  65.97579395  60.48466832  66.69658476  63.25296607  61.47001683
  68.76907328  54.6532819   70.08342014  67.54719027  67.77405318
  62.94721022  61.67326683  59.27752599  57.1401692   67.71764645
  66.33487623  67.61398286  63.90976287  67.5950702   60.35813127
  66.2211726   72.09124281  60.27771445  66.44060031  67.9518077
  60.15616079  65.08769401  64.03789737  70.8384887   63.85495385
  58.33830294  56.92807466  70.1275222   67.65088614  58.61898762
  66.87195516  68.36897846  67.25149416  67.73448084  62.74781715
  67.70798776  67.18389412  68.08382225  66.66670782  67.75000272
  61.42378667  67.29435243  67.44497511  58.61898762  66.87195516
  68.36897846  67.25149416  67.73448084  62.74781715  67.70798776
  67.18389412  58.19344249  67.12042147  62.91780808  63.47217322
  69.84042084  60.87921574  67.53076395  62.21833333  60.22641955
  65.63655436  70.4215419   65.40857666  65.97579395  60.48466832
  72.57541322  68.72413023  63.70493035  69.88952578  66.69658476
  63.25296607  61.47001683  68.76907328  59.93613687  72.31012464]","[ 46.96440632  50.15306047  42.87163069  46.981876    41.29656316
  42.67471087  43.84029214  46.65023117  47.87717313  46.4297762
  43.49232932  50.23279218  47.41616257  49.2644872   46.10124244
  46.09127495  43.24796173  43.86125094  39.87968494  46.5016934
  50.84662454  46.49733924  40.90753912  49.02583885  47.82719173
  45.83681742  46.42220862  43.39187225  45.18934388  38.70806566
  43.7126629   40.18330495  45.86109246  48.80910241  54.13070441
  42.93909882  44.54375158  37.2098203   39.63555571  45.98838974
  47.31495334  44.14757043  42.92341991  42.34245752  43.86125094
  39.87968494  46.5016934   50.84662454  46.49733924  44.73859984
  42.05456759  41.64553181  40.98285125  44.02099673  43.67963211
  46.89414853  45.88624367  41.99967635  46.20130802  45.53920201
  42.22900136  47.61354099  41.76689757  41.77987539  46.127188
  40.75266056  47.80183611  46.43884728  45.48834342  42.56951795
  46.96440632  50.15306047  42.87163069  46.981876    41.29656316
  42.67471087  43.84029214  46.4297762   43.49232932  46.98477512
  52.31487845  44.48194449  44.01138865  41.37893974  48.2087392
  40.40398329  43.51716217  44.24288128  51.68604569  51.23499414
  40.61064417  46.05528798  48.25177016  46.84393813  44.37493127
  45.83122631  46.61068919  42.59354294  49.2256772   53.38671851]","[ 40.6634109   41.11386006  49.56427001  34.02710447  37.96808643
  34.93210692  40.42946357  43.69190718  38.85997105  41.52039632
  32.64854949  25.79090285  29.67251117  36.07752054  46.45762988
  43.23635367  34.6580618   40.34392704  44.21085719  42.17312629
  42.24656837  35.76645654  41.63488248  33.01887914  42.81613306
  27.69809855  40.86589276  46.65532116  24.61360703  39.09494392
  30.44387485  37.66234248  23.4653072   32.84110099  35.27841275
  31.34857166  37.64675803  41.33890509  43.23193696  40.70737344
  33.56865328  46.62032097  44.40402913  36.07752054  46.45762988
  43.23635367  34.6580618   40.34392704  44.21085719  42.17312629
  42.24656837  44.04634564  45.30743464  32.56128316  42.55626807
  35.87265769  32.24197243  28.53939244  29.82061403  39.76469866
  21.85139007  41.29022892  38.02106094  42.45790007  27.97596316
  34.05945299  34.14294075  35.39579224  35.30506271  46.61106077
  41.28963094  38.8060043   32.76061761  43.35857753  42.90536441
  48.28218091  41.10656949  32.27012966  38.24321269  35.95158487
  46.16212363  38.29508313  42.11529559  29.27972085  41.89255891
  40.02995179  36.89124275  41.55699905  41.41125645  45.91463877
  44.79447257  36.2978506   41.92778755  44.58198691  37.16564685
  39.50270606  45.12062226  42.03070821  28.90354336  43.70732583]"
,"[ 39.20398199  32.68953605  42.05924354  34.48676492  34.11120095
  36.91337032  31.09512473  35.42222603  38.76689634  37.18407876
  28.71648604  34.88484951  40.42314262  36.74815473  35.66664262
  34.82525515  32.8359923   35.66955393  28.12601367  29.3966105
  29.70967251  40.88321422  32.33140371  28.6563566   31.24460659
  36.09859832  36.85355008  45.07169608  32.83968359  28.94249044
  37.15306093  29.12147219  37.08111748  41.60992832  24.61606275
  30.64525973  40.78695555  32.06852148  33.34495158  31.69495006
  30.89335277  30.5927495   30.40998989  37.4642038   36.96430475
  36.90968973  36.1849794   30.62407467  26.6472922   34.88484951
  40.42314262  36.74815473  35.66664262  34.82525515  32.8359923
  31.09512473  35.42222603  38.76689634  37.18407876  28.71648604
  32.14727151  37.47129769  25.47255394  30.37879928  33.93405006
  30.98554327  40.43267216  34.54175139  28.74989089  43.13478489
  28.77989725  30.05886771  32.79310557  39.21396725  31.74522951
  27.16408439  35.51038548  40.43267216  34.54175139  28.74989089
  43.13478489  28.77989725  30.05886771  32.79310557  39.21396725
  31.74522951  27.16408439  35.51038548  35.44910034  45.12405069
  35.81403303  35.43960341  39.94796156  29.89731813  31.77703192
  37.92467263  37.1505827   42.15680888  30.41466723  33.52945903]","[ 56.32063984  54.75664744  52.95287904  52.43111219  51.38957425
  50.93811292  53.48182301  49.49519533  50.35220216  52.77474627
  50.91800978  55.87956473  55.26071822  55.30086857  48.30108519
  48.09536141  56.51615985  54.50199822  56.56304404  49.62335617
  54.16763139  60.36885216  50.02486848  56.43054695  48.10222485
  60.38018731  51.37630344  60.35247519  53.71391364  53.42335697
  58.21831164  52.21235582  55.90782643  54.0568461   54.57262493
  53.22404758  55.2164826   55.20671039  50.29782527  49.57276495
  51.36606259  48.4398015   50.04940069  60.08227019  51.37630344
  60.35247519  53.71391364  53.42335697  58.21831164  52.21235582
  55.90782643  52.70428997  43.39990823  47.85692652  52.84049737
  49.30787417  54.24285973  56.55631131  56.48218167  54.20282343
  55.79888798  56.75538411  62.43917964  55.51272023  55.77728681
  48.70059016  55.19416324  55.64215056  58.23097459  55.97154051
  58.4506199   50.39788981  55.13862842  57.19034893  55.81360204
  51.79101277  50.33114696  55.79926561  50.03223741  49.11288673
  50.43442299  54.17749601  52.66257303  54.16156486  56.71185841
  53.07263999  52.10439011  55.58803569  57.31059172  54.67163839
  55.90090908  57.49200248  48.70059016  55.19416324  55.64215056
  58.23097459  55.97154051  58.4506199   51.56720085  53.16189493]","[ 70.35783316  73.69683288  64.38083755  70.39249754  62.00053768
  66.3523878   73.95310574  62.69491324  62.8542757   67.76832913
  64.84852724  62.50286386  68.74668608  57.30531805  63.41891948
  62.89067449  68.43326442  69.13434432  73.96342792  60.18077727
  68.31877764  54.75235285  69.74160361  63.91632982  71.26188686
  61.93644405  63.15029778  71.04305413  70.85903375  73.20951396
  66.83291168  62.64620409  73.25112533  69.21343301  56.75288157
  63.35936997  60.2961408   57.15567443  60.36423005  62.27230341
  63.83272382  71.10068328  69.44152591  73.07864918  67.90625857
  71.07999346  63.88583548  70.18079987  61.68408742  60.17506224
  66.08323309  67.89179422  72.01664973  54.28185415  71.16526247
  70.39249754  62.00053768  66.3523878   73.95310574  62.69491324
  62.8542757   67.76832913  64.84852724  68.66286863  66.6113815
  66.5099104   63.83272382  71.10068328  69.44152591  70.2912243
  63.2697899   66.79877627  63.60440917  64.33156273  70.38413651
  59.3544388   69.72827146  62.8542757   67.76832913  64.84852724
  68.66286863  66.6113815   66.5099104   63.48658371  58.42121155
  73.07864918  67.90625857  64.56971521  65.26219711  65.58917476
  65.76000302  68.6383511   68.01688822  73.63170556  70.681396
  63.06498399  63.18289278  60.05005305  69.74160361  63.91632982]","[ 56.52062026  50.03906906  56.53105896  61.84206562  62.1105339
  60.5501244   55.19121613  56.67040555  58.0620065   51.87844221
  59.64322705  59.33354012  62.35538157  54.14813363  62.13674288
  51.56721719  46.1030291   63.76538963  56.21168856  55.82479526
  58.2670953   57.29860426  52.64175938  55.36044664  53.64415912
  52.34453102  59.253242    58.15153486  57.15965482  59.74733304
  57.90590637  57.58142979  54.26106814  50.01185228  61.68685861
  58.88120588  63.79094507  51.11704914  58.14194898  62.82123727
  45.75012229  52.56277798  52.97583672  49.77637311  62.99714213
  56.09878112  59.44061894  60.17467862  46.09495967  56.64226922
  55.93334769  56.31977611  52.84117729  61.68685861  58.88120588
  56.06439743  53.13480893  58.62658145  51.69677686  57.37549942
  57.0840734   56.78799932  62.99714213  56.09878112  59.44061894
  60.17467862  60.00363911  53.0993091   59.80238889  56.52298513
  54.1365934   54.38817256  52.8487625   51.58776684  56.99666462
  50.61692574  57.6525504   56.16157736  48.57010261  53.5831289
  61.94878594  66.15368245  46.27725529  52.02945038  54.0098721
  59.65210432  57.62091506  56.79534104  53.80494649  53.7148524
  57.91434982  58.31273678  62.9497723   56.50993513  54.4047829
  60.79097378  52.40946677  54.71298456  52.26778391  59.45181255]","[ 64.89906232  71.73709801  75.96389496  68.9028336   75.91869123
  68.55129853  76.40995132  72.24818678  62.37149463  70.41861616
  66.78806737  68.26398652  53.44411912  71.30427188  68.16766658
  74.99184319  69.51928393  66.3908399   64.30918772  61.2990707
  58.87276544  76.71888956  74.63086532  67.69396991  76.03184244
  73.89746283  57.32272716  70.47720195  72.77411777  59.76078392
  68.26398652  53.44411912  71.30427188  71.20413461  70.97893172
  67.51289911  74.63086532  67.69396991  76.03184244  73.89746283
  57.32272716  70.47720195  72.77411777  69.00698694  72.40974071
  69.98478395  65.04709585  77.9524704   73.7419145   64.63827174
  78.78595693  71.56744591  68.56890218  69.42570267  72.77098341
  78.04068785  80.98585588  71.08037719  76.54226122  68.58584271
  61.12093409  73.43023762  63.43522381  66.9280955   67.5688534
  72.1223054   67.45681221  69.05925704  73.56317586  66.40297177
  67.95266491  67.98995809  71.60441068  78.55965849  72.35382773
  65.84858511  64.30918772  61.2990707   58.87276544  76.71888956
  69.00698694  72.40974071  69.98478395  65.04709585  77.9524704
  73.7419145   64.63827174  70.21092346  67.82317357  64.84207981
  74.2289654   71.77780055  68.970269    77.29167784  66.77630081
  77.25469068  74.27222791  67.55033236  72.24011545  67.48000763]","[ 56.28409808  49.18315308  59.83883901  48.34018625  52.51633579
  52.20209126  46.5018826   56.46174514  51.35156147  43.44837075
  45.373511    51.48630327  58.7760295   51.63640499  50.11423831
  44.32315702  44.32028082  53.48778642  48.12797228  44.84644836
  42.75172747  46.5592982   49.43967133  56.13636536  46.49468681
  48.60983643  47.45207011  48.93112144  53.40160503  55.75745327
  58.789567    44.06313976  54.27149836  39.52464761  51.59862648
  46.6593626   57.46064366  48.19324252  45.67949509  43.08923178
  51.77726937  39.12614092  52.01955248  51.59804234  55.90303723
  43.53001984  56.84861936  49.19313963  51.37855358  46.12625882
  54.33882853  42.27821801  54.12734013  56.91506258  59.83883901
  48.34018625  52.51633579  52.20209126  46.5018826   56.46174514
  51.35156147  43.44837075  45.373511    55.54739359  48.00528869
  54.33552137  59.33834082  42.0998956   56.63670527  57.74952442
  45.8187817   57.60624403  60.16893691  51.68337639  35.67332027
  57.56064389  46.92067594  50.60914274  47.97520751  55.28353557
  44.82969453  53.98191077  53.95561797  57.20402114  57.11579607
  45.30907695  45.837302    58.29132158  46.61845174  47.11112157
  45.12995307  54.27149836  39.52464761  51.59862648  46.6593626
  57.46064366  48.19324252  45.67949509  43.08923178  51.77726937]","[ 62.87982451  68.32597613  67.46567203  68.32228238  67.25798642
  67.03866126  62.26783837  73.39573596  62.70369606  63.01021144
  67.09380533  69.76980851  69.69135235  68.76915086  67.30462713
  67.8934987   70.63599561  62.4953185   64.77965756  66.30875961
  70.96077009  66.41547633  71.70459633  67.00138823  67.58657438
  66.30379714  69.30615098  62.49004499  64.11082932  74.8452626
  70.10785178  63.56729382  69.88156628  62.92480238  70.94857486
  74.13089574  68.94520058  64.21438098  67.40369969  70.77047244
  72.94063172  59.41147436  68.7903803   67.89683831  65.80583439
  70.87458668  68.21099296  59.91310535  61.56376566  61.59650967
  69.08643576  71.71034304  68.12602509  65.39366416  67.07731901
  71.08160921  70.65506591  71.69778499  71.56020146  71.52998108
  58.34862449  67.4969265   64.58069135  64.7845989   66.88437579
  68.71791745  66.76287131  67.35010879  67.85730655  60.73233595
  62.51674753  70.2298245   69.13672645  68.30400145  71.38064016
  73.06564728  67.25798642  67.03866126  62.26783837  73.39573596
  62.70369606  63.01021144  67.09380533  63.31966733  67.948811
  62.09550702  65.78399921  69.55818122  71.71034304  68.12602509
  65.39366416  62.88185359  70.50344224  60.14808526  67.07731901
  71.08160921  70.65506591  71.69778499  69.91160229  66.15736896]","[ 47.30206802  45.74286223  47.18903544  50.62490092  46.36944829
  43.91716803  45.92146844  40.17448971  47.5080605   49.73700687
  46.17323259  48.290827    50.61694999  47.50266284  47.01002762
  41.05994364  43.77376489  45.61925882  47.95777117  45.00260079
  49.86044191  45.14640391  42.26742041  43.22022536  41.95288276
  49.55647906  45.92216961  46.15537295  41.07485264  44.61992843
  47.80341135  38.54445243  44.40574262  47.44801449  49.49310223
  50.33955012  50.76918494  39.8442474   46.33892944  51.71305755
  44.80420884  53.27957279  42.88984227  45.46869905  45.106287
  41.68261689  53.19875228  43.77479576  49.23477892  41.44779359
  56.29892526  47.40113045  45.07356616  47.8896712   46.16519174
  47.52249284  41.48943615  54.71749335  48.93381006  40.75868165
  38.80716712  48.290827    50.61694999  47.50266284  47.01002762
  41.05994364  44.80254056  43.42758542  44.41681013  50.67227519
  42.53570963  34.96419591  40.90758541  48.25153828  47.30206802
  45.74286223  47.18903544  52.47669844  45.27170159  49.67131339
  47.9859914   46.37738324  36.7320956   42.75593549  42.14523241
  42.43452685  42.98206061  46.20767389  45.39454025  40.64621786
  41.27258728  48.88802585  44.80254056  43.42758542  44.41681013
  50.67227519  42.53570963  34.96419591  40.90758541  48.69302974]","[ 24.46544844  39.25244629  36.85108159  36.48974075  29.81899131
  35.6343601   34.35297612  43.21425448  19.77329272  36.41543544
  38.83035572  45.43230504  32.75320653  38.29845424  45.42598741
  39.68840469  27.98308681  37.39551636  33.33228714  30.86762796
  27.74538759  40.19519699  33.67086094  45.97701035  40.68980768
  41.51124908  38.12656379  25.15567827  28.07116661  39.28763178
  37.37055918  36.64975578  31.24832107  36.15121435  40.17761601
  38.90720325  30.34676165  34.16680137  37.10899495  46.87967824
  44.89220056  35.75818535  27.89326051  27.74840503  24.69778269
  28.89283664  33.7568391   40.71630594  32.32882613  44.96202141
  32.33561867  28.13866649  48.16813074  28.26756436  31.05201729
  35.13380175  32.70056783  33.47577334  33.61132545  40.92847794
  24.5634644   32.36596113  32.12769821  45.55865029  37.54427524
  39.48239535  42.34309414  40.85531791  32.09185467  34.35283938
  25.07486162  24.60129618  39.32947968  19.21537893  39.57705765
  40.71630594  32.32882613  44.96202141  32.33561867  28.13866649
  48.16813074  28.26756436  37.42694622  30.43560822  34.84617055
  32.7153377   37.27391555  44.29553475  32.46974259  42.83166666
  36.930638    26.87578098  35.17409411  40.3167247   46.36034727
  44.63204124  38.08482898  33.17893468  38.06360788  36.2398229 ]"
,"[ 33.02263864  32.42451141  34.50775015  40.76966487  37.97273906
  31.31354048  31.99580924  29.19413545  41.05513864  35.26054596
  32.03428239  31.83834529  36.96430777  30.82034024  36.3163297
  36.18645455  35.91520094  30.00319178  34.71921044  34.82699263
  38.57563891  33.09461361  35.89185924  33.89135007  39.74420022
  34.17827847  37.38049294  35.54758132  42.39643217  29.76484003
  36.87374534  37.09143538  30.99005491  32.36690697  38.49573093
  35.03841258  31.44091961  38.39703859  31.34756385  30.27838758
  32.531902    42.11964032  38.22199936  31.93196255  39.04867157
  35.09706834  35.45186866  39.58123986  43.21563991  38.52665442
  31.0930346   33.02263864  32.42451141  34.50775015  40.76966487
  37.97273906  35.89185924  33.89135007  39.74420022  34.17827847
  37.38049294  35.54758132  42.39643217  29.76484003  36.87374534
  37.09143538  30.99005491  31.07409172  28.77015264  35.47559024
  42.16188654  27.42469299  33.73665564  40.93494127  27.50552977
  29.51861962  31.17396784  30.27838758  32.531902    42.11964032
  38.22199936  31.93196255  39.04867157  36.30649876  37.03620943
  37.26599942  38.58926569  37.75684045  37.98360689  39.10175449
  29.38598667  36.76819246  31.30357987  32.40515101  31.71953621
  37.69424611  41.13826787  30.1138865   29.74236144  26.73935685]","[ 50.5272536   58.81917829  51.04353364  54.96303757  51.89242803
  51.58580199  49.35673772  47.51493368  50.82466883  53.94803296
  55.68040723  60.39845345  55.86487093  52.90947421  49.53711571
  50.7448876   53.99175423  50.46000224  51.82413417  54.0273938
  52.40261865  54.33513452  52.41253608  45.53488808  49.57370063
  57.99219022  51.08351982  56.94046695  47.52141675  50.99921565
  53.96892035  57.20772467  52.43397753  51.50033809  49.76329343
  45.79162925  47.15304771  53.93403065  44.51966134  55.09126235
  53.56239772  53.32189199  47.81731758  48.71607666  52.59114823
  52.47788576  53.58989777  50.57420433  49.62378619  52.62315666
  52.90620158  51.19634169  51.0347416   51.44715247  49.37031857
  52.95119791  52.99540825  51.0135096   49.09254724  55.68040723
  60.39845345  55.86487093  52.90947421  49.53711571  50.7448876
  53.99175423  49.90402494  52.02382118  48.42127237  57.63293025
  54.30861675  58.46428227  53.85798123  60.99197398  57.93905807
  52.14498181  50.69510835  49.62378619  52.62315666  52.90620158
  51.19634169  51.0347416   51.44715247  49.37031857  53.56369518
  59.03504174  52.54285514  55.39439228  54.63269522  51.2219581
  53.9944074   50.90508537  54.61811151  47.54298105  56.79499622
  52.11240455  60.32901385  49.8411383   48.8455732   46.69663505]","[ 65.91956861  66.03496892  67.91502637  63.13027357  59.7890631
  77.82797561  70.77904093  70.86721213  64.54206471  65.67266896
  78.66480661  65.83748886  67.29168456  67.18848285  71.17875989
  72.07651794  62.76155518  71.81763423  63.12906635  70.60685528
  70.67766462  69.03603515  69.84042816  59.9948853   70.41012133
  69.24759431  66.88466008  70.15690144  70.14493889  72.83210124
  67.4580093   66.85661997  73.9455124   70.14493889  72.83210124
  67.4580093   66.85661997  73.9455124   75.09206348  71.14310454
  62.83311068  70.30533457  65.77875448  71.81936581  72.83575991
  65.74292312  70.10915369  68.9959356   69.27157814  69.55595575
  70.54877695  66.78231535  68.73564173  66.95896843  70.41012133
  69.24759431  66.88466008  70.15690144  70.14493889  72.83210124
  67.4580093   66.85661997  73.9455124   75.09206348  71.14310454
  71.81936581  71.93072546  68.98250549  68.90567007  74.02646389
  69.61676277  73.51427197  60.44396725  70.45699937  69.12475892
  74.7090714   66.68181196  72.83575991  65.74292312  70.10915369
  68.9959356   69.27157814  69.55595575  70.54877695  66.78231535
  68.73564173  66.95896843  66.91145232  68.50575909  69.23581122
  73.64132707  66.27672171  69.37442462  73.15694445  65.83748886
  67.29168456  67.18848285  71.17875989  63.22180043  71.13370465]","[ 44.31895541  57.75304834  56.90168487  46.07838309  51.96600428
  59.24477303  58.38356026  52.82904914  54.11286713  54.74170251
  56.19703262  54.51099591  58.20947447  56.61032611  56.92625275
  49.89889884  60.53271228  47.08881307  57.69844504  59.28252179
  59.48824887  58.68597055  61.95321596  54.23704468  60.97309499
  49.38121447  56.29941519  64.20248369  45.62637082  51.50460224
  62.03622885  52.27833735  59.84131122  50.11245579  47.71419518
  56.29103409  47.94953152  57.27388314  61.27993419  62.93196773
  52.01087755  51.04661833  57.05730616  50.30255429  62.52240936
  67.99760687  46.17522031  49.05286805  53.21606006  64.02294826
  56.67361597  56.72888458  56.54843186  56.75752891  55.62238303
  56.29941519  64.20248369  45.62637082  51.50460224  62.03622885
  52.27833735  59.84131122  50.11245579  49.14864413  61.32519005
  51.12753841  51.65190245  54.63770151  53.04411636  52.48690925
  58.74066769  45.11127817  52.41985777  62.52240936  67.99760687
  46.17522031  54.25297193  58.94062953  55.76054966  51.27024057
  50.89905467  53.78742259  59.76014646  52.63203503  52.18609862
  50.71785603  64.51903563  49.92509712  54.60319954  54.72775754
  63.90720158  57.50747996  51.44109838  56.02682391  52.4967391
  56.9557484   54.14127289  47.48701467  52.92263238  59.09230372]","[ 70.19166487  69.69631212  78.08711303  80.98428715  71.60743728
  77.41080183  71.5978185   75.7075411   73.25316569  70.19537128
  74.63582077  72.83902948  73.84284364  71.57516326  69.53286927
  65.6778879   61.6658542   74.07883961  65.38581791  70.06980431
  74.29781241  76.84234124  69.57881784  74.35974444  71.09001197
  69.08770057  76.67597045  76.38010226  75.84612624  76.94325672
  76.5858146   73.22625814  70.89492379  75.84612624  76.94325672
  76.5858146   73.22625814  70.89492379  70.32220408  73.05015868
  66.79710741  70.34280155  61.4704125   71.36471241  74.40414541
  72.53598091  79.15494011  71.02292493  71.42422451  73.84194433
  71.58262807  68.21346619  58.62666976  69.1560998   73.19349273
  64.69686526  77.51208256  68.46719492  62.09458116  59.22541556
  77.25660066  67.00599803  76.54243585  69.66223657  75.08156549
  72.76304207  68.41262565  75.34387794  74.50143949  71.25078562
  74.40076112  73.83703444  72.66816522  73.10960042  67.07073144
  66.27172944  55.27060759  65.48610179  68.8200847   69.2552723
  70.76944982  69.2243336   73.06085111  66.42586875  63.5282466
  66.07213283  69.10002289  73.48070344  70.32220408  73.05015868
  66.79710741  70.34280155  61.4704125   71.36471241  74.77010933
  74.75104018  66.2430915   68.17223519  59.22541556  77.25660066]","[ 42.06933501  53.00811196  54.77506814  44.2215544   45.71903904
  49.94852608  50.72063458  48.16722363  51.96570572  55.83485717
  56.57692752  59.30300334  62.85899727  54.01613799  59.70412768
  61.06509972  57.9662122   50.0583383   60.68549824  56.33224533
  40.6124282   55.12037009  54.3301509   52.2474701   51.62869387
  46.73674114  56.95083906  54.31437013  49.20342688  63.32360426
  56.07315131  60.46936756  49.07859741  44.14536753  49.1278876
  49.17115021  39.60311246  50.0905496   62.65053916  52.2711127
  53.12812118  38.29446689  52.20294859  44.0177866   48.58946534
  57.72181496  58.46995067  42.61386671  41.83939186  51.91838008
  49.69218546  62.34068328  51.25683174  53.31735914  54.71223668
  56.25017011  56.57692752  59.30300334  62.85899727  54.01613799
  59.70412768  61.06509972  57.9662122   50.0583383   60.68549824
  45.33981164  47.73200897  43.06596444  54.75380774  47.67198618
  52.27257553  59.94360552  47.87498223  58.79389386  51.90657619
  50.33711343  58.46995067  42.61386671  41.83939186  51.91838008
  49.69218546  62.34068328  51.25683174  53.31735914  55.12037009
  54.3301509   52.2474701   51.62869387  53.76411855  54.64264284
  47.04335396  52.39400801  62.07097985  61.75701921  53.69478062
  53.74430302  51.81265013  50.28480752  54.94096372  42.06209613]","[ 62.00223785  73.83648418  72.82368868  63.56264777  72.20951941
  65.95337965  66.67267258  63.87260604  74.14931034  68.71026211
  68.44722849  66.40390193  67.30950103  68.61430617  65.73706834
  65.78615654  71.54730274  62.04433422  63.46464866  68.59441623
  69.86872835  65.60043627  70.79179111  65.18679444  61.73538625
  63.93695131  64.8464396   69.26271658  65.55760156  69.16331741
  69.391066    63.41486986  69.29216137  69.16331741  69.391066
  63.41486986  69.29216137  60.49305132  70.46452673  62.8275544
  67.8649941   65.71144533  65.71360919  74.14994235  69.21756224
  67.84484478  69.66308477  68.69866681  60.5210865   64.89269794
  56.82528029  64.91114923  69.0619214   67.34831259  70.80419405
  68.78616805  70.67139125  67.91585688  73.89543312  68.44971885
  70.75218784  68.7891852   71.54668362  72.96123439  70.72100212
  67.87221357  68.94898412  69.63881919  70.39013857  74.6776241
  69.21756224  67.84484478  69.66308477  68.69866681  60.5210865
  64.89269794  69.46745818  71.04291304  70.58033022  70.13639682
  69.22636555  70.51028273  46.16834672  62.91214599  69.72893465
  67.86010714  67.91587159  71.42101465  72.38803902  64.44142258
  66.99179478  67.17664085  62.82108776  65.30627461  68.49390451
  65.71188925  62.68748381  71.19920018  57.79128499  69.99571069]","[ 47.85187464  43.43241723  45.60087911  53.21372053  47.00479137
  47.33964181  47.2886523   40.74119771  44.44051055  43.64521332
  46.77376254  46.09854741  50.99571483  46.44360745  42.71349072
  40.61349817  47.47428138  46.28230486  41.80191851  43.62230289
  48.05784607  42.11041766  40.93031032  37.53604922  46.03486489
  45.8508138   50.84771017  41.81883628  51.75991822  50.87142422
  42.51390001  40.22914814  49.02406422  41.75723405  44.83120666
  47.90479835  48.90608853  49.5425406   45.35995281  52.34677495
  51.77393059  46.46397679  41.48358678  41.38417346  49.03855552
  45.54953087  44.5536745   41.72034336  51.11151788  43.54305139
  42.68096889  46.93067336  49.06039994  49.44607726  46.55606458
  48.16576424  42.43273314  46.0077693   45.43843003  44.84317153
  40.88753497  41.3856592   41.39494819  46.8331047   46.06710744
  47.36947813  43.96516185  46.81172762  42.70650654  38.81730186
  47.18910854  46.55606458  48.16576424  42.43273314  46.0077693
  45.43843003  46.30057349  45.92531366  46.39592968  45.96000143
  43.00695213  47.85503486  40.06285083  51.79540375  47.88005097
  45.09008214  47.17323951  44.71724998  48.76821095  46.38680324
  44.26035248  42.16660817  43.13840671  43.53999989  40.01579859
  45.83437448  40.74879718  44.57059317  43.00695213  47.85503486]","[ 25.10377122  34.82634165  32.67956325  40.14454316  30.24284424
  41.19844473  38.52552577  26.96254844  30.30296132  35.85524602
  22.21960876  30.24722586  32.31629278  32.03114003  38.38544438
  37.05518345  35.69662352  34.20173921  28.69829148  34.19258503
  36.88145401  26.05947359  24.69500735  20.52771579  34.60195413
  37.04225606  37.26560353  35.41018202  38.99839884  23.57303726
  39.30938763  30.63246643  34.77523148  29.90688452  20.57080046
  41.50628708  31.57337791  32.23787964  22.78560439  40.0661972
  33.84288118  37.538144    35.60796457  32.60224914  37.38212273
  45.3048976   38.71632421  27.09660686  37.24339991  27.43734584
  35.87558879  22.68310816  42.80106562  36.1490277   32.61340471
  41.50017404  36.56524877  33.25785909  26.66355732  26.83274295
  21.82112999  33.63733514  28.25109511  38.44453363  17.58461319
  27.73544156  41.50649545  34.64216188  40.60947325  36.05779915
  33.96930739  38.12856681  27.7246353   29.22723454  31.48591468
  32.46353285  36.55150633  39.69082887  40.33854737  29.99849827
  33.84860739  39.48071502  35.15885308  35.41397928  35.03532326
  26.27625046  45.70039089  39.84486885  39.6357183   39.4711408
  27.8148832   34.58356082  34.02592572  37.24430911  28.06957025
  35.73650066  27.2621648   35.49808284  33.96380957  16.0349605 ]"
,"[ 27.2645558   37.80432943  32.15064524  33.30701564  32.01862229
  42.93311881  34.87480037  32.18459479  41.4147072   36.14888788
  30.08424015  30.22384015  33.73292078  42.2660019   40.02072216
  37.12619495  34.46910517  34.16459467  39.97038882  37.81010496
  27.89543097  36.13619734  32.49401867  41.17669342  39.54223111
  29.45761088  31.66877793  37.37048235  39.62920297  43.81838879
  36.10468481  32.57178961  37.97611178  32.31743279  32.43942949
  36.87660519  35.37679976  41.15113757  43.04053737  38.71431302
  33.99636668  34.65722359  38.33149853  37.99958977  39.04842131
  36.37322823  39.97038882  37.81010496  27.89543097  36.13619734
  32.49401867  41.17669342  31.81658711  32.26150234  40.47530118
  30.70283501  34.26616799  40.3498598   34.88355313  37.02113315
  32.36594166  37.94450217  32.0530073   36.65514009  31.93808233
  40.37921295  30.25042203  32.52501082  30.11032767  37.75636952
  33.24955214  24.21261703  31.55330635  31.13031323  34.66749184
  33.92683401  38.59040902  35.37679976  41.15113757  43.04053737
  38.71431302  33.99636668  34.65722359  38.33149853  37.99958977
  39.04842131  36.37322823  31.77604502  34.87480037  32.18459479
  41.4147072   36.14888788  30.08424015  30.22384015  34.23938928
  34.2984189   34.30279971  42.05681569  37.90075023  34.31269049]","[ 54.60903631  55.23760837  54.86694882  58.30567269  64.69635191
  55.72387873  50.94236437  55.8620401   53.92926112  53.51566378
  52.34078836  55.44622498  57.18509257  55.34879461  60.00106437
  54.098961    56.45841619  52.27347741  55.5312605   52.72920567
  52.22019807  55.37976164  55.1066578   58.54605168  59.02701938
  51.12280938  48.84861997  53.88320938  59.20612601  55.9576474
  49.30439104  59.2675478   48.35050859  57.44757311  57.01624111
  48.74936249  55.67024739  53.88383782  55.05762215  54.60903631
  55.23760837  54.86694882  58.30567269  64.69635191  55.72387873
  58.71733626  54.13601163  61.86117559  52.84708477  52.94413635
  56.87246308  55.75838697  54.82221191  58.12010646  57.22988498
  55.9795667   55.95164448  55.28434322  55.90433633  52.19956285
  57.2911478   60.47630173  57.29015979  57.1506904   52.8073332
  49.51731648  58.77284055  58.23464794  53.43883109  56.3698274
  55.17303076  51.05914209  62.18411634  54.56947263  55.3834998
  51.06765124  58.46976156  55.17303076  51.05914209  62.18411634
  54.56947263  55.3834998   51.06765124  58.46976156  54.50243716
  57.25238488  58.35730251  55.58892849  57.9381464   57.94625949
  57.41592626  58.7011234   51.43427435  60.65111534  50.41663252
  55.43946882  55.78542529  55.43348659  52.83636579  56.67528332]","[ 65.43325763  65.85316356  68.59419155  62.58995881  66.46381656
  69.83523979  66.2956153   58.29013044  66.20005164  67.58226426
  65.10535784  64.02775791  69.56110518  61.25373241  65.13824364
  70.54659311  67.35860951  70.3143264   61.30529005  67.43146162
  67.6033636   68.55037963  61.25373241  65.13824364  70.54659311
  67.35860951  70.3143264   61.30529005  67.43146162  67.6033636
  68.55037963  61.21487787  70.70655983  69.2479429   72.2570654
  57.17342929  63.85054969  69.38436765  68.14674151  66.58032929
  66.70205831  61.2899125   66.35166827  68.62833807  68.62833807
  61.62420765  67.12137747  62.70169923  67.84500911  67.71193928
  64.58359272  66.84384371  67.78718872  70.54748855  64.50625646
  64.1469792   72.07125763  65.36129679  70.31332626  54.59555715
  68.16630358  69.2479429   72.2570654   57.17342929  63.85054969
  69.38436765  59.95518847  65.81635678  65.45175828  67.44709792
  61.49099706  66.80528984  66.09948068  62.5144181   71.05098005
  61.60430779  62.50304029  71.98611303  68.79551698  66.19007255
  66.85001395  69.77157854  70.93738208  67.4089266   68.90679772
  65.43325763  65.85316356  68.59419155  65.36129679  70.31332626
  54.59555715  68.16630358  69.2479429   72.2570654   57.17342929
  63.85054969  69.38436765  68.14674151  66.58032929  66.985821  ]","[ 65.8604123   50.74013857  58.00476534  54.54609055  52.85527057
  50.50964738  59.22384724  57.68340831  57.54245674  61.0186176
  65.28000767  46.12937342  50.13723141  53.0740564   63.65956792
  52.87978672  53.37698361  49.87047668  63.10317427  56.44946698
  59.36989409  56.73380715  59.50953437  60.45904338  59.95138014
  58.61098299  58.34215256  59.99663437  51.79296774  67.11810495
  60.90751011  57.86371758  55.07221996  50.04677095  56.31374488
  53.62966854  65.29259565  56.69962953  61.58082455  61.99458343
  61.44816715  59.54110781  57.16565296  52.51155921  55.11723335
  57.58246721  60.87185897  52.58947934  67.5228849   59.36597539
  53.50554274  60.35280168  56.33866956  54.51802044  64.87101127
  44.8528643   51.84135822  59.50953437  60.45904338  59.95138014
  58.61098299  58.34215256  59.99663437  51.79296774  67.11810495
  60.90751011  66.71231885  57.85705039  63.03304452  57.27226724
  56.77297543  59.98352475  60.33746213  55.21224529  56.35960936
  56.15248659  65.55617449  59.82876988  42.03485048  60.48146953
  58.84574873  62.17532031  54.43400475  55.14667088  55.79429947
  57.42597146  56.93716153  65.8604123   51.26971893  64.06928252
  56.22255928  50.66879681  61.24395209  59.1550596   62.46063402
  53.44934289  56.38670292  61.92363425  62.86869353  63.10317427]","[ 80.57938697  62.67000973  75.72850568  72.56883542  64.71600176
  60.97165885  59.52329561  71.46078336  67.84667949  63.6652982
  64.39516595  63.29147809  74.07369912  69.44929088  68.32479782
  68.63975667  76.71981945  75.92251236  60.17706867  68.51567614
  75.49371119  72.36043993  65.26593739  68.83569647  69.01506331
  63.63507247  77.69239178  67.17513059  71.91011     69.82361111
  75.52840539  65.53838002  69.00721913  62.86337742  66.25329934
  62.66678986  58.14619731  74.63216529  54.22620607  67.63332915
  64.68598111  72.29310282  75.87003686  61.33104155  65.93216593
  70.99301703  54.38594439  68.0838472   63.29147809  74.07369912
  69.44929088  68.32479782  68.63975667  76.71981945  75.92251236
  71.96394417  75.51179862  67.9968693   68.22836606  70.09565693
  72.6298524   66.92054363  68.58200511  64.75438363  69.1797472
  58.68864325  64.75438363  69.1797472   58.68864325  70.1550834
  76.49865607  68.3403053   65.93216593  70.99301703  54.38594439
  68.0838472   63.29147809  62.25089103  72.00493095  70.5706053
  76.73101643  66.61467012  69.66333076  68.02589445  66.19949137
  67.81653527  69.15928673  75.80042584  70.57029966  62.83826423
  54.48149566  71.96394417  75.51179862  67.9968693   68.22836606
  70.09565693  72.6298524   66.92054363  69.32522901  67.90107868]","[ 59.95556061  58.95646491  51.19538274  67.13522867  65.05196825
  53.15498938  60.74336827  56.14650796  46.0437675   53.4547394
  39.27526598  38.72732865  48.73155296  53.20058376  62.16478981
  37.44501535  52.28335989  45.73415168  46.59906942  36.2092036
  62.17600974  46.29807087  51.30811384  40.78964334  43.89963758
  33.89112512  53.54206117  61.56177464  32.5639513   50.65539697
  45.32372128  57.00986289  41.5423513   56.38186739  41.66714663
  61.06553232  50.55228639  63.94368671  51.55258203  53.92506035
  58.38920881  45.9862285   62.29862318  59.95556061  36.16104779
  56.75267677  48.09959485  62.0023369   57.90854089  54.58592472
  41.7419565   48.09880953  61.57041796  50.4566778   49.87628672
  48.4470949   30.9219109   44.83491425  60.13387158  52.46661975
  51.34178761  39.03021404  56.44989578  58.09255345  66.18450503
  56.41564681  62.16478981  37.44501535  52.28335989  45.73415168
  46.59906942  36.2092036   62.17600974  46.29807087  54.77858768
  53.87785256  50.55228639  63.94368671  51.55258203  53.92506035
  58.38920881  45.9862285   62.29862318  59.95556061  58.95646491
  51.19538274  67.13522867  63.29507784  47.03665266  48.50191218
  47.123348    60.87616526  57.02132635  51.28899694  62.64762466
  43.00623923  35.73152464  41.36472556  59.66407046  52.65113008]","[ 72.32931452  63.44609387  70.91365336  64.67998276  61.3905365
  58.93734068  57.33828048  60.4967337   59.71200875  65.39275417
  55.36929488  59.66498128  59.45099404  73.77506107  56.13966797
  72.55477012  69.82671239  68.03204942  64.30002214  65.28086384
  65.30708137  60.26531687  62.2770192   63.75066939  61.16090208
  70.05740999  72.03083358  59.19203059  71.19166092  68.72038351
  62.35403986  67.42595352  55.12060535  59.71200875  65.39275417
  55.36929488  66.29890454  64.764834    57.62665223  64.02986929
  61.59939201  66.85782323  68.9062803   59.6213398   61.59939201
  66.85782323  68.9062803   59.6213398   66.19717957  66.08303273
  70.99550855  66.06072003  68.82248382  77.59704765  70.96708681
  65.12137189  69.71927356  62.86764131  52.48517757  64.47249999
  65.15301087  61.81295013  70.04324278  58.73078444  74.53147862
  69.58301399  60.31813023  69.22699648  63.87806528  67.72325865
  68.25667713  60.91435242  62.95451122  59.74374963  63.12578969
  49.18995654  66.27058706  62.33901251  58.25224754  74.74674606
  67.73580222  65.12137189  69.71927356  62.86764131  52.48517757
  64.47249999  65.15301087  69.07392629  62.95843527  62.74256045
  73.35100799  69.19212106  62.71801802  59.88536862  60.62030806
  73.62605342  70.01438416  66.78665641  65.61190227  55.19588056]","[ 37.16611807  46.5458652   45.42496874  45.07495497  43.6010967   46.544902
  49.96367606  42.56900815  40.53726303  50.77063413  52.14717674
  49.51754494  46.62069065  37.89357729  40.8442375   45.80008785
  38.00473126  39.3104357   48.56658559  49.74307814  48.04191841
  44.7884002   45.14656542  43.23899778  47.68830133  43.50189657
  45.90845369  45.27062715  47.08738119  44.36341459  39.98516729
  44.37181483  48.30868685  47.42133261  47.1378617   46.75077962
  44.21200609  41.25540783  46.61366877  39.62768814  48.61084731
  45.66191733  42.61349102  47.53270123  47.39201792  40.4836775
  40.4801603   42.37999201  50.76530179  45.44631998  49.56462887
  43.31605311  50.64284144  41.32617376  46.01783345  41.09403909
  43.41675467  45.43107012  43.50010542  45.608933    38.72799011
  37.67310878  43.46084422  46.09439472  46.79127364  45.72791636
  40.5842351   37.74348493  44.86469404  53.71310514  51.0575424
  43.20192419  41.68615132  41.09403909  43.41675467  45.43107012
  50.92121062  44.15940326  54.82347927  43.53451813  44.65818102
  44.61948475  39.94626645  40.71957144  44.7854678   40.7268203
  48.4120749   49.96367606  42.56900815  40.53726303  50.77063413
  52.14717674  46.11269482  44.93069871  41.18618976  44.52414058
  46.28390818  40.43670644  42.35827177  48.29744106]","[ 17.15857283  28.28521235  39.09750838  39.23445713  38.70425404
  28.33344838  25.56407328  33.22575188  39.61079449  23.24249148
  30.62949773  30.02677918  34.70487663  27.85458328  13.89515416
  29.95105416  34.82810228  21.94609364  24.16782436  39.04984127
  21.30704802  39.82302576  28.87261122  28.69585488  24.94344857
  28.9004767   32.52609701  30.50929196  37.75784967  32.68121615
  27.65633235  36.17056598  30.83704888  27.89168605  13.36742097
  22.8759628   33.34754401  25.19573138  26.04665544  42.50803398
  35.78115128  29.08855274  24.5833757   12.94333708  39.43776055
  32.72414801  33.30397368  27.71478858  22.34219765  35.50207317
  32.49081028  30.79457597  33.59119272  36.95489347  22.14667064
  29.74287426  22.74318789  31.69802381  20.47155659  32.74932115
  28.20857949  34.2451699   35.13805024  32.83612186  22.17888954
  25.06075635  32.96865085  38.94148434  40.08719351  34.76262085
  29.71935454  34.57319297  41.14238757  43.21908484  36.74987705
  37.82286395  32.1898751   28.38888031  28.32830301  35.36670454
  30.31036865  29.69148221  18.77049092  25.97346884  21.17524644
  36.2452437   31.16642335  27.37708181  35.03036442  33.63631455
  34.30962035  34.48332772  28.01363241  30.6667115   17.40669565
  28.0078024   29.10166471  31.42383587  28.67311921  32.20697801]"
,"[ 41.17290513  42.29659111  49.20886832  37.7416602   35.30631922
  30.45296795  36.4818569   32.0376713   36.78657562  28.78514902
  32.17090852  31.50090459  41.34775314  48.2987266   34.50616974
  36.68796203  41.17290513  42.29659111  49.20886832  37.7416602
  35.30631922  30.45296795  36.4818569   27.80345849  48.11125901
  33.4100372   31.01691616  36.86013571  31.69329562  28.21522025
  32.04391572  37.59393752  34.65095162  36.04903024  43.31941964
  23.18702632  35.58820299  25.8678095   33.71778022  37.11373821
  24.65387377  35.07997116  40.71810518  39.51923394  30.44883503
  39.77590891  40.98634052  32.70289489  33.38030661  36.53750831
  41.19774187  39.54113352  35.09596276  42.95174562  41.08316479
  48.11125901  33.4100372   31.01691616  36.86013571  31.69329562
  28.21522025  32.04391572  37.59393752  34.65095162  36.04903024
  41.58061658  34.38558089  38.35920162  32.6890347   39.14861337
  37.90885068  41.94823587  30.3738088   38.69767739  22.68854673
  41.77442178  36.04155392  32.14351222  36.65841338  39.38917892
  39.25565784  42.36285773  43.23454368  37.20681905  38.57294278
  38.16940421  38.54629475  27.54254791  36.49087045  36.41190761
  29.61529021  39.26975623  40.30623112  34.08376287  38.63297693
  25.90377659  39.03898789  35.68840268  39.33382247  35.51821268]","[ 56.0448293   57.66251643  52.16051371  51.18247567  52.81878822
  52.32212684  56.56729241  53.42623684  53.80097602  53.80715458
  54.75628766  49.79544719  50.42645429  56.45911909  45.1992222
  58.00509794  58.8553982   51.60211292  59.45563051  52.04923228
  55.91529202  57.32122495  54.48362068  52.49894704  53.63354311
  58.84697468  49.79544719  50.42645429  56.45911909  45.1992222
  58.00509794  58.8553982   52.61064255  52.81493646  50.82776826
  50.77426943  57.80511551  59.51150106  47.96883922  51.17547175
  49.28265299  52.04519985  52.18467615  50.14331984  54.51761104
  52.033294    54.80207604  52.09799284  51.83766681  53.42045966
  52.47268814  52.33805389  55.81609205  55.9102768   47.44844602
  56.54080451  52.77368698  56.81991156  50.22163533  56.48193408
  51.55320846  55.73429985  58.21763796  53.73575093  43.50023607
  58.52627463  57.66097208  59.52219453  56.94201521  51.0616506
  55.03345464  54.30954368  55.0485572   57.42798496  52.85610345
  54.14320452  53.73775087  51.48114573  53.98056059  54.11496031
  54.40902041  52.61064255  52.81493646  50.82776826  50.77426943
  57.80511551  59.51150106  54.48013276  54.96119182  55.61984841
  56.0137437   55.19133088  54.70853638  54.0623284   55.25366029
  56.34595017  56.91389501  53.61602635  51.24711819  51.24459241]","[ 65.59364387  66.39759393  59.97419733  64.05122686  68.99714116
  64.61307796  64.7426629   63.31860501  64.8799924   60.72540636
  67.17300051  63.31860501  64.8799924   60.72540636  67.17300051
  60.00771251  61.47829608  63.28656922  64.06178122  64.53872497
  69.65715409  64.28896986  65.48788338  66.45171561  62.14100239
  54.54783357  54.27650674  67.53583771  68.69792002  66.61884081
  62.30088644  60.259285    65.09868562  74.19829214  62.62321515
  61.3185691   64.03761389  67.71708561  58.77697274  60.55196651
  69.52986135  67.54822354  55.89123136  63.79166984  62.85756038
  66.1237424   59.30109349  68.33679344  55.39082416  68.71108931
  63.62090291  62.85792161  61.47341057  68.01476556  64.05122686
  68.99714116  64.61307796  64.7426629   63.31860501  64.8799924
  60.72540636  67.17300051  60.00771251  61.47829608  63.28656922
  64.06178122  60.91583422  65.90843827  69.31527491  66.7202263
  62.42592752  56.98190051  59.24904093  64.7561746   58.70672327
  65.33562901  63.02795043  55.89123136  67.85619505  57.91493339
  65.77173503  65.65231157  64.80811581  69.99806766  59.1711717
  64.83803943  70.06642654  66.60773342  62.85756038  66.1237424
  59.30109349  68.33679344  55.39082416  68.71108931  63.62090291
  62.85792161  61.47341057  68.01476556  59.74638075  64.28896986]","[ 48.60811285  63.39821003  54.93368873  59.71291844  66.02130134
  60.61663912  64.27966913  56.7161641   55.53231692  56.05914227
  58.09920612  61.42377572  55.41141899  62.95557953  59.02270218
  63.02118076  56.34784962  51.37813781  55.34047457  63.33886996
  51.04668624  65.78031356  60.79812224  60.76628129  59.13795758
  63.58497044  65.52525443  55.41267282  50.51059447  52.76741569
  57.5263258   56.30063224  60.22246636  55.53231692  56.05914227
  58.09920612  60.06207958  58.7988      60.61979833  60.41477354
  45.22752364  66.24267473  57.35309417  65.71155219  65.28629625
  62.70799033  54.37189486  48.0557836   61.49634025  49.12839369
  61.4624522   55.7045893   53.739862    61.1863434   56.55248116
  49.71347589  56.74122971  58.14827033  54.36260058  66.03952922
  63.10931853  61.90616291  59.4687093   57.59437862  52.47720738
  57.35309417  65.71155219  59.98236755  47.7384552   53.60121516
  55.32926077  67.01073877  50.88829349  48.72161999  60.79812224
  60.76628129  59.13795758  58.2508763   67.65504895  55.09928493
  62.54894061  56.59255718  60.68241267  54.74529149  53.67551941
  58.47826899  55.52514009  59.67099345  61.81420187  49.79507926
  57.94878287  57.46776062  53.13690592  63.22316773  66.08449098
  60.48356251  56.06865514  55.85220555  62.72111782  56.02752063]","[ 74.43663261  58.66661592  65.85986102  70.74372937  66.49416035
  63.43352154  73.87885139  70.10211936  61.07746486  63.10475175
  68.02766237  69.93725824  67.8214205   71.88163144  74.10527806
  75.88178331  74.80882564  68.15425764  68.56147024  67.65705473
  59.36290943  75.53455389  71.05578951  78.00025069  68.14760399
  68.06859899  74.38797071  72.23938315  80.89719533  67.83165312
  67.51063559  68.30401732  73.73778759  71.44345145  66.40234671
  72.60269456  67.46685448  69.63944889  67.82708128  70.8799846
  54.58183279  64.98676218  57.30216458  75.17199497  52.48631997
  70.67021617  74.27498442  72.29744724  67.13950173  68.95049711
  65.27850698  70.41589409  53.21144294  73.33990526  71.44345145
  66.08259907  66.89178115  69.73212251  69.54788751  74.61330751
  69.74159668  54.02575442  68.55259846  69.59707169  66.22024877
  57.96083634  72.29744724  67.13950173  68.95049711  65.27850698
  70.41589409  53.21144294  73.33990526  71.44345145  66.40234671
  72.60269456  67.46685448  64.98676218  57.30216458  75.17199497
  74.43663261  58.66661592  65.85986102  70.74372937  66.49416035
  63.43352154  73.87885139  68.74292772  71.75606455  67.55678572
  70.84169981  77.99441125  63.39500739  64.67849016  72.0561198
  78.02485427  71.00803322  67.99839227  61.87718555  66.10086414]","[ 48.14951119  43.92299301  51.99099366  59.85049414  36.01500218
  45.48176066  54.66176579  55.76482585  57.08246196  54.98844871
  48.62408366  48.68059353  55.06819146  57.12843419  62.58831532
  60.63719995  56.35180656  52.00349763  40.90784736  53.42331584
  57.78326485  45.29706145  48.14951119  43.92299301  51.99099366
  59.85049414  36.01500218  45.48176066  54.66176579  55.76482585
  57.08246196  54.98844871  54.56500355  39.16385378  46.52455556
  42.38821721  58.33916974  38.71905428  46.14032983  54.33181042
  47.17753684  37.93578469  59.01910715  58.97226748  64.50748616
  54.97167385  51.61625464  37.59978652  53.65593477  57.07766794
  55.78313016  45.03577873  45.73652724  29.64956736  46.22438723
  54.42303637  42.24237045  59.57764515  53.00394253  33.42642617
  59.58849451  53.76412732  52.44729087  58.63476638  49.92445163
  52.66595934  56.34399865  52.53605543  49.11731419  56.63423079
  44.84333542  63.77225134  62.15571549  58.86235768  21.55084488
  60.9836418   37.93578469  59.01910715  50.03042226  53.85844385
  57.94532492  55.25328873  33.13723407  29.76190738  63.62332402
  56.00507624  57.37591305  42.38821721  58.33916974  38.71905428
  46.14032983  54.33181042  47.17753684  37.93578469  59.01910715
  50.03042226  53.85844385  57.94532492  58.30402852  55.20522475]","[ 62.79798023  54.69814902  62.88609793  69.64132277  65.73992148
  60.77852031  61.31867019  66.20748332  61.7743257   64.28924429
  54.31806463  58.8159464   60.4671029   63.31111517  54.58961365
  63.12989777  64.60756187  59.54682852  58.26457105  55.90522521
  61.15395975  56.98566673  67.32632597  65.53284709  63.76569169
  71.94162685  68.52310186  55.55290236  58.80882275  71.1946674
  55.13319153  67.29003816  57.78594825  55.78266693  59.0834831
  60.22028609  66.37244082  48.97136847  61.83537849  64.77238375
  62.02290707  58.36946178  70.71359264  66.05393015  66.24252314
  59.79427888  62.79192114  64.2008582   55.61580453  67.07996718
  65.49524866  71.30423464  51.04718933  62.27922127  70.67552588
  68.10907114  57.35442782  59.98546273  63.09022596  56.89396691
  54.66649461  69.54636437  61.4407493   61.09414765  72.1342246
  59.94117705  54.59265463  67.69888036  58.08212705  64.3866613
  65.58659804  69.66518621  63.61177399  71.91702709  74.37014808
  69.39428969  64.8146365   63.93531638  71.63672661  64.43179614
  62.79798023  54.69814902  62.88609793  69.64132277  65.73992148
  60.77852031  61.31867019  71.91702709  74.37014808  69.39428969
  66.67403135  67.12063304  62.05542207  57.5218336   58.10902908
  48.32499948  62.37412207  55.00031941  58.10902908  48.32499948]","[ 42.63952939  44.56781647  48.15279016  43.06834093  40.61260458
  44.76129208  40.42659724  49.19582511  42.0688697   45.57320669
  50.79661997  42.0688697   45.57320669  50.79661997  52.22083395
  43.97627628  44.19985371  40.81646552  48.59464853  46.95176698
  41.76930232  42.59834319  53.75467761  48.87327732  45.33207164
  46.07449272  48.09574978  34.7771201   37.23212615  46.10832318
  37.67261038  48.10283463  49.16216879  48.33660542  43.1863044
  40.46399785  45.78165648  45.28065524  46.17410004  44.78446333
  42.61899551  44.4225095   43.82728257  45.54690433  50.01934351
  37.93957174  42.2320614   42.63952939  44.56781647  48.15279016
  43.06834093  40.61260458  44.76129208  40.42659724  49.19582511
  41.01384935  40.42594844  40.05744472  44.11175961  46.65870983
  47.50988885  45.41636421  40.35031204  43.88919811  46.4791392
  42.35158407  49.72228183  45.49055916  49.00422667  40.50772081
  44.75821792  41.67823662  48.23847217  39.49546056  40.87709555
  44.59150155  42.0832724   49.32381557  47.17540493  45.47412136
  41.48698877  42.6515428   36.9560804   42.56189958  45.07016497
  42.80806941  43.10705242  38.16078884  43.08104609  42.72014494
  43.15995904  47.36535134  42.0832724   49.32381557  47.17540493
  45.47412136  41.48698877  42.6515428   44.89864613  47.55894893]","[ 38.87301756  28.17880919  16.70824442  39.75343787  32.1442612
  11.35569085  38.43336436  37.19319941  34.92164886  33.26730069
  26.12790083  32.17297492  24.30633027  33.15516865  13.15220202
  30.19827923  36.59998079  31.28758296  31.86988914  39.15082134
  25.17555191  32.89288191  30.27861491  34.77355794  39.65518348
  34.17384742  29.93669413  19.51576623  42.26196585  29.78587634
  24.74098828  17.87282734  19.31150542  21.41121133  25.64471395
  34.58434138  36.18402077  31.97872951  39.55295753  32.64857061
  27.76557995  31.45404589  20.04173981  43.75562215  37.60568744
  27.16908484  24.62299901  28.50163208  17.28248666  27.30191908
  32.92908505  32.88682873  33.28964557  35.14344398  27.66630765
  21.96900225  27.84358576  38.03594282  16.5130933   25.23777479
  37.58013522  40.72641324  30.99839095  31.15560977  25.91804695
  31.5942185   23.79133676  35.86755237  29.42426682  29.7128182
  17.62010251  41.51134315  29.68481907  36.00083147  31.01949815
  39.89915462  36.96887343  30.00123913  39.00397443  40.29894173
  39.14401432  35.79500556  28.28737096  31.61589332  32.67723149
  35.7628019   32.33819032  24.78258663  34.52261938  36.70293814
  40.100677    40.13325064  23.93540146  38.70469064  43.4365629
  16.43154005  29.25773162  29.67984622  30.19827923  36.59998079]"
,"[ 31.47437716  41.2277626   42.24484767  28.71611298  43.27123656
  35.75083035  41.51205169  46.81001948  48.33226458  36.57952779
  27.2983108   42.44798692  34.36223921  37.75651213  39.36844553
  44.56975259  39.63464378  44.89390277  29.7375249   34.38393461
  33.41009513  27.29789178  33.48173707  42.43831621  51.23595905
  35.75464272  36.56671969  42.57088292  43.99248023  51.47325247
  45.25162538  39.8203482   36.25663924  37.47795555  41.94285647
  38.73572635  47.6671273   42.10303256  27.29789178  33.48173707
  42.43831621  51.23595905  35.75464272  46.80393718  35.35371097
  40.99674613  31.20148717  39.19494763  32.85957592  44.96837036
  40.60287783  40.10573627  30.99444434  38.89452282  41.2277626
  42.24484767  28.71611298  43.27123656  35.75083035  41.51205169
  46.81001948  48.33226458  36.57952779  27.2983108   36.68754501
  32.43418161  34.68839297  33.12825534  43.16608137  33.0429163   38.882682
  34.67973222  41.13302138  29.15158796  33.03524175  37.32722705
  33.0429163   38.882682    34.67973222  41.13302138  29.15158796
  33.03524175  37.32722705  39.38739539  41.11494555  41.37085043
  38.30960241  41.99250863  36.1929731   37.57491338  40.08006616
  42.10593615  45.96375157  47.75911643  45.71096733  35.88056677
  33.22356346  36.48143318  36.66607318  31.16599965]","[ 55.424245    55.37250215  48.12756306  58.40254661  50.54011571
  53.32826857  52.15485191  52.93360151  52.63859001  52.89292688
  46.7055379   47.42385993  49.07200197  51.34358313  57.51502147
  47.20795428  57.06033904  50.27432322  50.59022715  47.93713118
  48.1201541   54.17445644  50.76622251  53.60524299  52.24617785
  55.71406319  50.64264884  52.47805975  49.23340253  49.53081568
  56.05397773  55.01123509  46.25366669  52.4470453   51.98853929
  53.92071821  52.14540427  51.53184832  54.51765096  46.03924684
  55.48266384  53.99585274  50.65561858  51.75310428  49.56461525
  49.94734532  49.07729644  52.91418187  45.48864221  53.58106475
  52.29191789  53.83204321  58.93651294  51.70152965  51.11137315
  53.3589544   55.72582389  56.00127518  55.17440391  54.19206835
  54.01701913  51.4121765   57.13773359  54.52637478  55.78113136
  58.9504001   50.26290634  53.15422467  58.07556967  47.77847203
  52.74329873  49.82451076  44.77212306  52.11044429  58.65257247
  58.72214723  53.74625562  50.23728261  53.81198452  54.70043606
  46.41638608  52.69016966  46.51615785  53.3589544   55.72582389
  56.00127518  55.17440391  52.76497071  55.66866311  55.49042382
  49.10752625  53.90698335  52.68269883  55.05676952  54.88043706
  51.84242253  48.14265424  50.90906862  52.68269883  55.05676952]","[ 66.62642727  67.32330707  70.23887237  68.71639632  75.29413106
  64.24182187  67.33825077  69.97883453  69.96914609  73.81465447
  71.48928475  69.14236467  60.4371741   66.83904875  70.43122749
  69.11694208  67.41673211  70.88762291  63.28419263  60.9022149
  66.99419243  67.40733576  67.14042925  71.75696499  70.92327375
  71.19323354  62.75884828  67.68893741  68.36154368  73.36326889
  61.71162156  70.14623039  68.24404681  69.25596279  67.81648925
  65.86234899  68.19406839  70.29924815  64.44773246  69.82142781
  70.0766781   71.27055652  73.6065793   65.97969392  66.14158478
  65.38465729  67.35489862  59.71327924  65.18294603  67.31384997
  67.4964798   67.32349423  71.09141052  69.93771719  67.35489862
  59.71327924  65.18294603  67.31384997  67.4964798   67.32349423
  71.09141052  69.93771719  63.69512759  67.14042925  71.75696499
  65.97748765  66.63528842  68.11421474  70.40670528  65.97969392
  66.14158478  65.38465729  67.35489862  59.71327924  65.18294603
  67.31384997  74.22696311  70.24813671  68.16819911  74.80449791
  72.18230045  68.21611503  72.30971741  70.38118715  68.91751812
  70.02754996  72.84422459  65.81155228  65.22839671  68.07789417
  61.81824901  67.33664113  67.89963009  61.70702984  66.49873666
  66.70058519  67.18884573  67.69667854  59.93947297  68.24404681]","[ 66.43780117  57.06274713  58.78026364  67.11404595  67.08218204
  57.96679823  61.75751142  65.84645742  55.35723822  52.30856752
  60.56776044  62.5187826   66.43780117  57.06274713  58.78026364
  67.11404595  67.08218204  57.96679823  61.75751142  65.84645742
  55.35723822  59.1277374   60.45778845  47.33358539  70.53445282
  53.05155113  61.9919      62.36887045  56.4267776   59.07688499
  54.05463925  56.2698423   58.85788059  68.59202079  65.45553128
  67.00133684  54.51890921  68.6053912   66.86744872  67.22318399
  52.10537299  49.02784174  58.83739586  64.88368504  53.3363061
  58.22210766  58.21390989  60.25560239  56.12114665  63.75584218
  59.86779602  60.18329995  61.21181464  57.6851558   59.03915256
  56.14036125  66.29427556  58.82407326  55.54415927  63.35327807
  67.89384117  55.14351792  64.32095392  60.60043155  57.6946152
  65.03504192  53.4791684   57.56278495  59.37027551  52.25531397
  53.25103198  63.12445936  64.26312997  58.85788059  68.59202079
  65.45553128  57.40833292  59.64813239  58.76256189  53.49666356
  63.33374456  58.39388489  60.87755179  56.45187643  58.48452615
  59.11703806  57.61501868  63.03543197  59.07688499  54.05463925
  56.2698423   58.07313544  55.97391227  61.2357071   62.52856704
  61.39504052  59.48012502  63.1927362   65.03504192  63.3547441 ]","[ 52.88342813  69.85677787  74.6361886   73.43254758  65.059832
  70.27843701  60.50802129  60.42986901  70.36649776  69.65769282
  65.5233038   68.89184434  70.10659458  54.07280926  55.78205853
  69.53755193  59.58724553  71.4307698   77.33658265  68.10761241
  51.29918419  70.14655114  62.71496354  60.86180616  57.55552514
  60.20935344  57.73638185  64.01525173  64.08706729  71.36283852
  69.61781339  70.96324107  63.80804441  69.84028206  72.48589267
  70.89211914  60.20836072  62.41368116  57.53196804  66.09270243
  66.01769274  56.03456419  67.43331313  57.75088579  68.50186339
  53.12986956  65.330396    68.50837807  67.17804452  70.89404722
  70.76814212  63.96733762  70.61130749  60.71253668  72.33681677
  55.04281062  66.71719417  68.98545517  71.01583929  56.1410143
  66.10913147  67.96040654  71.67603245  69.13799367  69.06690263
  77.33658265  68.10761241  51.29918419  71.55797172  62.78556499
  67.23926692  52.88342813  69.85677787  74.6361886   73.43254758
  65.059832    70.34353358  68.79301141  72.70343779  61.82238     65.52964157
  62.66136237  62.72769414  59.54709838  69.55718157  63.27583583
  61.21059585  66.1195001   67.97453651  64.16810567  68.89184434
  70.10659458  54.07280926  55.78205853  69.53755193  59.58724553
  71.4307698   77.33658265  70.27843701  60.50802129]","[ 41.34846222  43.1381154   62.01166383  38.25198025  49.86698727
  39.19176937  42.44447278  34.17756038  62.39301915  66.03895051
  54.12922114  27.99157109  50.31731769  61.10897471  42.67627184
  52.06537196  60.2248392   42.28175326  44.45083738  42.31000202
  48.57340038  50.4462511   50.88638673  33.33105306  50.62191771
  48.46423784  47.16311993  35.68583532  48.50164409  41.98823622
  39.34840197  64.79110513  59.21023894  40.51323943  54.90039956
  48.55924759  32.02885188  60.32333953  42.7688884   57.49177253
  58.30532628  44.8322199   42.57480471  36.62018609  40.51323943
  54.90039956  48.55924759  32.02885188  60.32333953  42.7688884
  57.49177253  58.30532628  44.8322199   42.57480471  36.62018609
  44.10623768  55.02059644  54.16472666  53.42220874  54.51527031
  37.4452376   55.11764358  60.87549217  58.3144904   56.97936038
  58.50597674  60.37485836  54.80251097  49.23891426  60.67320715
  55.60418465  53.35106322  45.56421976  53.64752572  41.68211428
  52.17993369  33.74020799  60.42710532  55.83016939  24.60395524
  51.0732372   52.58321465  55.16757595  54.93734832  41.73325369
  40.11138665  54.24477726  51.78869586  46.63706552  40.8628237
  52.61059716  32.41968894  55.24539879  54.08608227  42.35786717
  44.10623768  55.02059644  54.16472666  53.42220874  58.98678413]","[ 74.91153277  60.92995543  63.71367698  70.80049489  55.56486786
  55.57184771  57.65479839  63.52043407  62.98882793  60.42241049
  57.73362585  56.71652952  65.02925517  60.60811966  58.55391118
  58.95744131  57.44639468  55.92596911  64.83261252  66.19392693
  67.93637821  72.73447881  62.60374902  59.26261619  63.61209893
  61.90623964  70.21681019  64.31877191  61.43744298  58.00561976
  64.29932046  52.94099324  67.06527893  50.28767937  62.12409821
  65.23395311  57.65805035  56.19309564  64.89075516  62.71803888
  62.86280546  53.91097823  50.0734992   56.27518158  50.2254416
  59.78957872  64.14657557  47.15350282  61.8705933   60.44317585
  61.67287315  63.79328385  57.09374797  62.13294619  67.4757677
  57.3186773   56.72376226  68.10994188  57.61525174  57.80475024
  62.82941341  60.91681263  45.44839375  54.48837728  61.35629969
  57.16832879  65.20479087  60.04077247  66.40500296  57.28968919
  66.14095164  60.11308803  55.29402085  72.41454301  62.97712155
  67.95906184  54.64773723  61.90623964  70.21681019  64.31877191
  61.43744298  58.00561976  64.29932046  52.94099324  67.06527893
  51.33320107  56.83540085  59.65473263  62.98882793  60.42241049
  57.73362585  63.79526987  62.38463268  62.8548251   69.61993958
  61.09564227  58.36700761  50.73740598  66.11148551  64.93638217]","[ 49.58653569  46.81885681  51.80638864  46.22415739  46.8510021
  44.82545481  44.24534565  45.34069858  49.98871071  41.45507604
  50.31488959  44.17264783  49.34458028  44.40831916  47.21813257
  48.24057881  43.80920199  42.54299559  48.18957554  43.2561998
  51.74414017  44.86239345  42.82507937  47.38208277  41.60374977
  51.83990125  42.40795153  46.57999023  43.5472925   38.83063248
  42.54892702  52.63857283  45.63217579  42.40202598  47.76424042
  44.75037399  49.56241571  47.3284919   43.95935468  37.68086811
  52.07921079  42.91045826  45.9580042   47.12535891  44.24800125
  48.4097554   40.39238128  47.22600701  51.20233639  43.6280873
  47.17074231  51.3683633   49.69432736  43.73120599  48.84727839
  42.91045826  45.9580042   47.12535891  46.28928121  49.12364628
  47.65574854  50.22285936  48.03699063  52.06509459  41.48935419
  45.25777129  52.89378903  52.33955601  52.6808552   49.58653569
  46.81885681  51.80638864  46.22415739  46.8510021   44.82545481
  44.24534565  45.34069858  47.58589477  48.37897816  49.35933252
  42.97417034  45.31530225  40.52125135  51.82962034  49.64422857
  41.19172671  40.23823817  49.4224299   44.68968826  50.51478328
  48.95192988  42.40202598  47.76424042  44.75037399  49.56241571
  47.3284919   43.95935468  37.68086811  48.18858373  43.87305985]","[ 32.42427603  32.05439208  27.71544306  39.8784734   41.26402883
  31.8365731   32.25862071  42.39265572  22.36345094  31.19453894
  45.25234661  43.964094    48.1528936   32.04638585  47.41056863
  43.74236032  35.92884168  47.15753085  29.191561    28.45041227
  33.49246869  38.69749657  42.47842309  35.08788531  37.10046928
  36.79581477  33.91025646  30.28492049  31.44417706  33.48895402
  34.76393686  36.63470355  48.71293738  36.46934884  25.71375094
  43.03773951  41.18443659  42.72308288  26.13813804  44.66776123
  40.67880526  32.98042541  47.37630538  42.48733787  42.86389021
  22.64451767  40.55334501  35.51563406  38.08703445  48.86794084
  42.8792629   24.76923206  26.37892939  39.96652873  16.79018179
  33.29340521  36.00545165  25.80898034  40.24559082  35.02832276
  41.08178888  21.03126518  41.0358626   38.72030629  34.36834985
  28.57611985  35.95620033  46.21717407  37.52238464  25.40107982
  34.87131652  31.2485855   39.95696651  37.78133947  42.43407681
  44.06772411  29.34897804  39.6338357   32.04865906  41.90826143
  45.25234661  43.964094    48.1528936   32.04638585  47.41056863
  43.74236032  35.92884168  31.6604286   38.15999077  38.40089515
  26.09149058  38.1094692   45.53938763  43.44365548  45.5192075
  37.67193039  27.53689021  31.55915138  39.89693222  30.59410947]"
,"[ 33.94079626  27.31837874  45.17128332  32.08226002  32.3512936
  37.0762488   38.88645356  39.48433969  33.61333726  32.01461715
  41.8579864   33.89183799  33.57072008  42.45985838  42.88400853
  44.7927044   38.8905287   47.07561249  48.38425561  32.69619841
  33.55902472  46.52020802  38.35652076  32.64932634  25.73665863
  40.01152895  28.91838232  32.2028317   35.80144696  35.74757326
  38.17628412  34.90522628  36.29019841  37.76785574  36.33337231
  42.97371059  39.6928944   40.0236322   38.99064458  30.04814916
  24.86724369  32.57642229  37.37713128  42.48028563  35.91415008
  41.75275204  28.17056083  37.16888086  34.33130338  34.53181213
  42.4371547   34.2462656   42.79418047  33.10328877  37.48301613
  37.29172602  39.29163114  39.23145616  40.60193231  33.94079626
  27.31837874  45.17128332  32.08226002  32.3512936   37.0762488
  42.23690792  34.40791837  42.63362972  34.72703028  40.89936413
  37.94738164  33.62764963  41.2164007   33.77106325  32.56473713
  38.07594463  34.72703028  40.89936413  37.94738164  33.62764963
  41.2164007   33.77106325  32.56473713  38.07594463  31.68303534
  40.49841375  39.67491224  42.48028563  35.91415008  41.75275204
  28.17056083  37.16888086  34.33130338  34.53181213  42.4371547
  34.2462656   42.79418047  33.10328877  33.87473676  30.11403012]","[ 51.06960257  53.57606161  53.48485751  55.18519535  55.83627885
  49.74339531  48.63026122  54.67126722  53.47397947  57.55171364
  52.38228402  57.37936709  48.87500089  54.0684128   51.59049666
  54.30392977  55.49675425  56.18470632  53.04121641  55.44448737
  50.21393564  56.25525711  53.21882211  57.54761586  51.31091787
  54.72368688  52.81305185  55.68708619  54.91370446  49.77283221
  51.4488024   56.23121278  49.17588106  50.49462171  52.1139459
  52.39021415  50.99730895  53.30954289  52.09015403  50.87448865
  46.58468267  48.57222895  52.38228402  56.18111994  54.64535142
  46.3736165   46.85249196  54.82027283  51.81740382  55.16900216
  56.0363222   48.55266633  52.5403913   51.5180132   56.89025075
  48.40189201  58.09425734  51.68758505  49.00468964  47.51258528
  53.93136226  48.16325015  56.69499114  57.69074984  50.12774188
  58.50358855  45.90026015  55.19931016  51.19472904  56.66484303
  49.80098823  51.4920022   49.17588106  50.49462171  52.1139459
  52.39021415  54.45147044  57.86875899  48.02333543  59.84888937
  51.06960257  53.57606161  53.48485751  55.18519535  55.83627885
  49.74339531  48.63026122  50.74676577  57.29257854  45.67858487
  54.51491755  52.48757207  56.85274559  49.73852002  51.57834185
  52.70181468  57.97396395  51.00363782  55.1307735   56.87709751]","[ 70.2307328   66.66660408  67.68459504  73.17099434  63.1517722
  69.70601382  60.17554792  73.98972608  70.29540069  68.69707688
  67.05854353  66.64750929  69.96395604  77.24893886  61.43693362
  70.07963684  62.2479517   70.19809439  60.59029845  70.26999358
  60.99994209  68.76929992  71.54547317  69.08125474  75.25012223
  70.96265639  70.68238306  69.75995531  69.57567284  61.22670035
  65.82237183  69.65063355  65.67671001  67.04726513  68.32912772
  70.03516272  59.94558957  65.27567473  64.67763082  66.10352289
  71.13577475  66.362826    66.76696076  70.29540069  68.69707688
  68.278857    69.91052593  68.80415515  69.33595291  63.0649139
  69.77545181  68.69653105  64.73419344  70.57926353  69.96395604
  77.24893886  61.43693362  70.07963684  62.2479517   70.19809439
  60.59029845  70.26999358  60.99994209  67.34464268  67.57968353
  71.13577475  66.362826    66.76696076  69.25264665  67.58474217
  59.04091299  71.40650316  64.17198826  67.92702147  68.63978759
  62.91531126  70.02192735  70.79142728  70.2307328   66.66660408
  67.68459504  73.17099434  63.1517722   69.70601382  60.17554792
  73.98972608  70.29540069  63.45270633  66.33384968  62.2289536
  69.17961321  68.33773879  62.8873521   75.12289735  70.76581423
  65.58106565  66.69032917  66.23299926  62.97969375  70.21903876]","[ 59.57576315  58.48026923  59.63550044  65.09230503  55.09471182
  66.79714812  63.05273099  46.49644523  64.93737375  63.60495602
  62.06188408  55.67709974  52.65375435  62.37107991  61.03281516
  57.51649653  60.85903843  59.58274737  62.78184248  71.8945517
  61.8257483   59.66334197  55.63597386  64.04048051  59.26634839
  66.35357773  59.31900815  53.48924245  56.70187401  57.42601458
  53.51093479  65.64146594  59.96773349  60.6218423   61.37978622
  63.41192143  51.53643639  57.5339838   56.78285552  66.50762057
  62.88334408  64.20154802  57.69762474  58.00676259  51.77172927
  57.70510818  59.87828518  63.41192143  51.53643639  57.5339838
  56.78285552  66.50762057  62.88334408  64.20154802  57.69762474
  58.00676259  51.77172927  64.70233882  64.28679539  62.46360264
  58.47130784  45.03098514  62.79698549  53.57726914  62.14790596
  55.67709974  52.65375435  62.37107991  59.45102166  51.43862803
  62.26777427  67.05040616  64.95633551  60.67020043  65.22453356
  63.61838864  64.68891219  56.21294997  64.70233882  61.35771644
  57.12313233  60.71954871  60.45928928  53.67299435  55.34471328
  61.38077497  56.76904449  56.18649861  57.19939527  60.87838112
  63.76474649  53.67247665  57.62506077  64.70556045  57.98193627
  52.0168343   59.75444798  66.12692987  59.51070164  54.50553586]","[ 65.004051    67.80302158  73.08329634  66.82537835  53.76568785
  68.1100382   65.37304036  46.15594198  77.13151688  62.57941939
  68.09622133  68.26925862  73.61638207  75.35091741  56.31010598
  43.86047734  73.58674978  68.88038899  61.46030642  56.20706459
  60.83919031  56.09914574  68.88038899  61.46030642  56.20706459
  60.83919031  56.09914574  71.33982904  60.80924315  60.23555282
  64.68024294  60.19731814  58.69995763  53.89038755  71.63163382
  69.64228617  73.42217978  70.6823878   68.26273093  59.74332333
  56.17729119  67.51174453  64.41214965  64.48301218  58.60503089
  56.49851193  69.33384065  55.74671563  67.84155623  72.93451838
  70.5723871   68.91343723  67.60477544  65.15936938  72.21889191
  71.63552232  73.00041858  61.33057185  64.27556182  63.02669869
  63.03653907  68.46431745  68.72371353  70.18141634  68.66458237
  69.43182735  64.68169095  64.28492354  64.23373531  63.77671963
  60.60488735  64.48078848  63.8251435   71.94307369  65.70112936
  56.36320612  70.55380469  60.60488735  64.48078848  63.8251435
  71.94307369  65.70112936  56.36320612  70.55380469  68.27525355
  60.99562971  68.6861265   70.92249766  69.09142919  69.91491382
  73.19725896  64.83973585  70.12767651  60.75178355  66.1608236
  66.6900491   66.84229541  53.80167966  68.27525355  60.99562971]","[ 60.88409142  59.10557565  40.25467767  50.49169305  61.22128356
  55.8380636   45.41681496  56.77883372  65.13451791  57.37961564
  44.47320689  54.95452815  55.36341835  55.43573672  45.64978964
  37.49792012  46.50875227  55.96947497  53.77737023  48.38037544
  55.74512531  44.20066622  49.21883927  64.84112685  45.71127858
  60.04196946  38.31733978  49.63695939  55.709795    51.5198482
  60.08928419  57.37742737  63.95147773  41.7882298   57.82045571
  54.35232288  56.22709113  44.57332906  30.37412067  51.83612099
  51.84229949  52.46962998  58.09748971  68.17053507  48.8052217
  40.62736136  59.13497885  48.50276586  51.00652602  40.87143266
  36.38572762  61.91209754  38.52131834  47.96956187  56.75543018
  49.23658306  59.96996476  34.74578246  30.34947149  45.39522075
  62.59481839  46.66433305  52.95693296  66.59360565  58.71205214
  54.95452815  55.36341835  55.43573672  45.64978964  37.49792012
  46.50875227  55.96947497  53.77737023  48.38037544  55.74512531
  44.20066622  55.1212717   57.78020136  48.79536707  53.10799487
  59.51812815  56.24670402  43.27853066  53.10891599  59.52456896
  33.83417645  30.61147146  54.75993149  56.20497056  53.87777021
  48.8052217   40.62736136  59.13497885  48.50276586  51.00652602
  40.87143266  36.38572762  61.91209754  61.91209754  38.52131834]","[ 62.22792751  54.9719081   62.70429875  65.26974636  65.65570554
  65.74599703  57.52187742  60.27709688  52.28204412  67.45917112
  53.57809508  59.96295326  66.9064573   55.24703176  63.56545953
  61.18196036  62.26104657  62.15025713  69.11623652  62.32238676
  54.50154987  52.75272483  60.43772758  62.53559349  54.69949997
  60.6786895   57.3839968   67.10098807  57.47021811  58.49519906
  69.69619926  60.85710936  46.40974927  51.88423416  63.42571407
  65.31475194  52.86285441  67.71306604  64.85479947  61.2170216
  56.91660046  60.979378    63.04734543  69.41073971  67.70888504
  69.04292999  58.18226382  59.41790445  55.60303807  49.41663692
  51.51473493  44.03257083  60.34050347  51.78864839  56.5048121
  66.47704732  69.86617635  56.95643818  62.55691508  68.49929437
  51.93926891  58.74566379  45.98539166  61.19358743  63.39998813
  64.81162636  60.32678885  55.60485463  64.56519508  67.70943539
  60.69131603  67.37795955  51.15387574  51.28201469  56.68803403
  57.6116777   58.49519906  69.69619926  60.85710936  58.71897021
  49.90686326  61.63119481  68.8135228   63.29146341  53.57809508
  59.96295326  66.9064573   67.70943539  60.69131603  67.37795955
  51.15387574  51.28201469  56.68803403  57.6116777   63.02007654
  53.06334406  40.90950393  50.95541231  65.36819646  59.01637427]","[ 47.9886951   49.40669254  43.67221084  53.0982672   46.40455171
  47.10708833  52.10247695  50.44537924  52.93885939  47.04212628
  48.95288492  53.30379285  53.17137545  55.40127736  49.47458305
  47.80772336  57.36143533  50.41407761  41.69640369  46.65353502
  47.86807798  49.03311894  43.33131903  43.82366181  50.2961      49.22925701
  51.65835138  43.41943891  46.33580669  43.1006155   45.41839037
  48.4660244   43.85605584  55.98643255  42.97018297  47.7162915
  51.03786274  44.27886852  50.33090187  48.20603176  48.7903535
  41.46354385  54.19763762  52.53445941  47.82101157  48.02418747
  49.36021935  42.31745591  55.48736284  45.22454364  46.20419696
  46.85319843  50.20910079  49.07313732  47.7162915   51.03786274
  44.27886852  50.33090187  48.20603176  48.7903535   41.46354385
  54.19763762  46.81381136  48.83459973  40.16096198  49.22925701
  51.65835138  43.41943891  46.33580669  43.1006155   45.41839037
  48.4660244   47.9886951   49.40669254  43.67221084  53.0982672
  53.54855411  46.23792471  52.27096886  41.98886923  53.47117556
  42.48124986  50.46206341  52.50157241  48.35939778  52.2623516
  52.37947054  46.52269522  47.07931135  52.76406356  53.87851278
  49.66388333  43.66501807  44.5529306   48.44964786  48.76036491
  42.42210011  38.80957605  34.66998581  51.07743962]","[ 31.36499257  38.53871294  47.63182318  41.66266443  44.67643811
  35.58413068  32.6619707   27.80750407  38.79458609  34.67640502
  34.91044631  27.07582911  37.90633615  39.49170367  33.38875884
  36.29869682  40.63023636  28.59434278  32.76165481  26.92661403
  35.397491    38.01428758  38.86873692  36.31621255  39.12134758
  35.23732818  37.2252192   39.38176637  31.4738228   46.80737678
  35.26773461  42.31045269  46.35616928  42.62780815  20.54496262
  40.68299501  38.73147039  21.56397666  36.82480404  38.17962708
  47.78322175  45.49496309  30.25746745  40.52107692  25.87285693
  47.63136967  26.20047492  41.92823597  42.64673536  34.04590337
  34.74948603  36.23933899  34.50351398  38.48174316  34.10284256
  21.11303947  28.65270007  24.65585521  39.46213389  43.9359863
  29.59480905  46.78124187  34.27564585  43.34676076  33.10749803
  40.36833561  44.22095587  25.1742135   33.70032763  32.75126541
  41.00999459  34.36070154  39.99203967  31.28474642  39.72811788
  26.38804916  40.64369538  41.38138237  29.92408898  29.04135085
  33.65383553  31.53025935  29.32275292  39.90403387  35.21001099
  38.18512946  43.42127765  42.40121673  33.31432493  35.00444007
  37.52384641  27.55841271  41.95755245  28.90284885  37.46054227
  42.76296328  37.66018959  19.53827721  33.38875884  36.29869682]"
,"[ 33.32061191  38.18737332  28.39368136  37.51955648  34.29604838
  36.25250524  33.39172865  35.66649001  39.83992144  29.98173341
  40.63022367  37.13307828  41.2874901   47.55842934  36.7840179
  33.46382661  37.75758578  36.78812823  31.35679415  23.80876281
  35.69370429  29.39805916  33.97529829  28.49595051  35.86528749
  34.24766694  19.31364274  33.96642531  29.35292294  31.47984713
  34.78636267  35.5729039   35.64663245  33.39172865  35.66649001
  39.83992144  29.98173341  40.63022367  36.18016525  36.42022818
  25.61409248  30.13713607  38.74941564  31.78926227  37.80459479
  38.67785073  37.13307828  41.2874901   47.55842934  36.7840179
  33.46382661  37.75758578  36.78812823  31.35679415  39.19420251
  43.12138083  42.82013898  40.49339892  41.24985753  40.3047444
  21.75650108  35.90010232  36.71484627  43.28349384  25.55847467
  31.18653045  33.38587303  28.61136153  39.47112175  36.09145201
  32.66713951  32.35831755  38.83023246  43.64350061  27.43359439
  39.83520267  38.5221237   38.78218192  35.32048132  34.2180279
  31.22951541  37.02145401  44.7455237   40.44523052  30.44503016
  20.64844402  36.77795556  32.1181544   43.45519691  33.82577196
  38.45367081  32.82741249  36.12644329  24.73444973  22.88861849
  36.72749705  32.7874229   37.88553414  31.18653045  33.38587303]","[ 44.18379119  52.46175099  52.44326626  54.2709291   53.28780497
  51.94989763  53.00201126  50.17427355  52.56976209  54.86557016
  52.78909372  53.28780497  51.94989763  53.00201126  50.17427355
  52.56976209  54.86557016  52.78909372  55.58558392  52.67382878
  52.38344028  49.90225453  48.69469178  47.13251586  54.39601543
  53.35552664  50.32001195  52.39437683  50.75381446  48.13256261
  46.43608948  57.44506623  51.27497113  52.28974279  52.49902717
  53.2654249   50.31892422  57.0502068   49.01045127  47.07629466
  50.59485728  56.72695454  53.78215825  54.91861463  50.28828033
  47.44889631  47.31532308  44.44392544  52.2845863   50.78245287
  45.57595064  53.88552792  49.93211354  52.13821421  55.66259885
  57.03670565  51.5104785   48.60781262  53.62989457  42.23837455
  53.02131959  55.05213428  51.21452246  55.10630874  46.99260649
  49.5656359   50.36173856  53.00360453  51.00789756  49.74983439
  50.18202867  54.48264017  51.25969401  55.36480538  56.72362661
  48.08124699  53.88552792  49.93211354  52.13821421  55.66259885
  52.20653145  50.81544748  53.50050636  49.04769237  50.24666201
  56.16984409  57.03670565  53.84420757  47.91105029  52.73909322
  46.24441171  52.31473799  45.29935107  50.16612162  47.54285439
  43.13422718  55.4100244   48.94359871  52.63548972  53.30842349]","[ 64.23299232  66.2368809   68.42100055  67.2921417   66.5524665
  61.92696805  67.2324945   71.16352573  66.19543497  60.66231617
  63.93179625  73.18483648  66.30428188  64.23299232  66.2368809
  68.42100055  67.2921417   66.5524665   61.92696805  67.2324945
  71.16352573  66.19543497  68.97610787  70.42596541  71.90980361
  64.89457625  72.62853157  60.43376952  66.16205372  73.135733
  69.54417337  73.08998093  72.90142564  71.90980361  64.89457625
  72.62853157  60.43376952  66.16205372  73.135733    69.54417337
  73.08998093  72.90142564  74.6400819   72.90142564  74.6400819
  73.22737157  61.22829114  73.51955067  67.80039934  75.19393882
  69.47015354  76.64350309  67.77235404  63.70085171  77.49754272
  66.77547696  65.47296597  64.74822561  63.37057016  66.14053284
  74.89464338  72.24631488  74.14164727  68.66035074  65.68895104
  73.6066393   72.46046409  70.60559469  70.65264536  68.97610787
  70.42596541  71.90980361  64.89457625  72.62853157  60.43376952
  66.16205372  73.135733    69.48278417  60.2736147   60.65261788
  70.55007973  70.92531612  72.97468614  63.65070127  69.14449637
  63.93154995  64.13170972  67.92538109  72.44064499  71.80248446
  66.24129791  68.36985376  66.26389439  72.76872269  69.94851888
  71.98602979  53.01088205  74.37240405  73.23974109  65.09834176]","[ 57.81727647  65.47192421  64.7963891   62.30050029  58.20934384
  57.16656144  57.83174366  53.62445754  60.86081852  57.76549412
  63.9789346   61.22041822  61.67976953  61.99257635  50.51219622
  57.18417652  53.98420889  50.74016953  61.89525941  65.13462508
  60.69468475  62.74352072  55.22119638  58.98120745  61.68614862
  61.09428363  58.20919303  65.01650119  62.01598838  60.94077652
  61.01998823  54.86768548  52.09623893  58.64001268  64.54436727
  58.59769478  58.98120745  61.68614862  61.09428363  58.20919303
  65.01650119  62.01598838  60.94077652  61.01998823  54.86768548
  61.41366834  58.80255543  54.38920288  57.45865081  58.00184988
  61.83705969  62.55760255  64.73899689  57.406041    62.30115709
  58.13592307  62.74352072  55.22119638  56.63048299  62.94714076
  60.81635712  61.10336698  61.32718801  59.71776583  52.66189994
  55.15998252  65.23454052  55.5934675   50.38797348  56.85201236
  64.31370787  55.31474659  65.50634291  56.80992473  50.44646071
  57.03575681  57.72967776  54.67135863  63.86664388  62.29733839
  54.19393012  59.34925063  60.02357058  62.02536147  61.49047704
  55.88404772  57.81727647  65.47192421  56.56215299  59.09596696
  53.65393021  57.87811105  59.88244263  68.15825947  51.76045561
  50.9871252   56.49084018  61.23037655  60.77289894  65.30194568]","[ 61.46891316  59.8524429   72.28294524  68.42328214  68.64273444
  72.54045538  70.48813391  67.74414824  69.3041417   70.21036503
  72.14433251  69.56308464  54.56032726  64.86527039  67.87273003
  72.63702489  52.167707    70.61737102  61.28129281  63.40585051
  77.81725906  66.28395113  67.75084961  66.52318849  67.33759582
  70.31005638  52.13964685  61.46891316  59.8524429   72.28294524
  68.42328214  68.64273444  68.18957235  62.58849864  69.0886383
  71.17916773  68.20952704  63.83632812  67.21501197  68.18926053
  70.16183085  66.77496757  72.45931486  74.01896007  69.36812556
  61.81829826  66.61452108  66.84385001  70.79828416  76.0116498
  61.83400505  70.23691869  70.94140157  63.55210429  74.80387721
  69.80427581  74.18049094  75.0525474   69.41905936  63.23048662
  72.13738044  68.18901054  60.67731344  53.76676613  58.18730997
  69.41905936  63.23048662  72.13738044  68.18901054  60.67731344
  53.76676613  58.18730997  68.37129967  73.80064116  59.9317634
  64.65975512  70.10998523  66.3443429   68.45124021  57.07766316
  66.28919221  61.09989387  65.67493772  64.5234846   71.56871363
  63.74820081  74.41124714  73.80064116  59.9317634   64.65975512
  75.58901674  63.5560416   59.95170607  67.75084961  66.52318849
  67.33759582  70.31005638  52.13964685  73.73275431  60.07851098]","[ 36.44451322  47.81596508  36.39339419  61.42146621  38.09098089
  45.38334217  53.69528763  60.66912379  36.75841293  45.78810712
  37.35416442  44.7844901   39.93257523  46.21695384  38.19058292
  58.1681007   37.71990905  48.96699755  35.55803169  58.34223438
  58.88557124  55.08969977  49.46420567  40.32069341  53.7403345
  51.9446478   44.45147004  36.44451322  47.81596508  36.39339419
  61.42146621  38.09098089  45.38334217  54.86213802  55.10583556
  46.28096922  37.55777314  51.11565881  46.35487822  61.11461077
  43.35923497  33.58907082  38.9293393   50.1597173   38.95157234
  45.02076675  49.39157127  40.41855196  52.8784885   43.58061617
  56.42060172  28.14121818  44.31047206  60.26135725  37.71466562
  57.04418092  48.15430588  34.73216987  37.55988933  53.35832995
  49.46420567  40.32069341  53.7403345   51.9446478   44.45147004
  36.44451322  54.49252643  52.7144569   45.57185127  48.87461269
  45.07647499  43.4781772   55.86679331  63.26890868  48.55277917
  41.85518064  49.77897217  43.31858799  55.11197053  45.27300845
  46.986822    58.05178818  47.96071435  47.73638138  41.90467734
  39.57578737  46.87684953  46.39167742  46.47772439  61.87572461
  37.56904935  30.58038496  34.55057843  40.69007725  53.47591226
  61.25975649  50.73734429  34.13250034  61.87572461  37.56904935]","[ 59.46300341  65.89478718  74.02707331  58.12253517  66.85475784
  63.0017646   65.85168306  69.52512812  56.2412448   64.08170259
  55.96118941  55.33285614  51.482029    60.15953578  64.60638923
  65.07148876  68.01627218  57.15024839  72.15748821  68.01546182
  66.31811259  72.71336842  66.16229614  64.02686305  69.88384681
  67.71020659  65.76492107  58.72622702  63.49219947  46.73633363
  65.57728952  63.32520687  59.63679685  63.4391805   68.28813102
  60.06056446  65.460235    61.28291622  61.44827258  64.47642646
  71.30693147  66.51259039  68.74940692  61.84296707  58.85065065
  61.05782083  54.57465043  64.62949675  67.35840409  72.35252993
  66.69809764  43.84127699  61.7698599   65.91262206  58.37672798
  52.09228478  57.68698737  62.10851194  61.74146907  61.75492094
  57.98962468  71.56038111  68.02434371  67.16625546  63.8552104
  62.65352778  66.51259039  68.74940692  61.84296707  62.44252527
  61.30931895  69.513551    53.7219842   52.40587176  67.71569532
  56.71427778  68.38039949  67.71569532  56.71427778  68.38039949
  67.72167402  62.45894283  73.17917324  63.82695602  57.32272393
  61.30310539  59.79328604  63.8508577   65.76492107  58.72622702
  63.49219947  46.73633363  65.57728952  63.32520687  59.63679685
  74.98352771  60.21771532  63.55222854  62.92323991  47.15262586]","[ 43.8433158   46.15535487  52.01292802  49.60064584  49.04949323
  40.81617546  52.6762474   55.3297113   52.28249471  51.88968759
  52.10806056  52.52078593  46.88661556  51.05364858  45.05220358
  49.61162219  53.16602824  46.70208568  52.51541328  46.65472185
  58.39750307  38.61306291  46.43661905  49.46491002  50.72652478
  49.38603836  49.22651083  46.3761864   56.72882864  52.30919517
  42.80343065  46.71319409  42.59805418  43.99635846  50.71249589
  40.2274819   50.27826988  52.31361413  55.38021434  57.22492714
  48.99583863  48.97858779  49.35006508  51.49070568  51.93996504
  45.2034917   47.94824398  53.94884567  45.77826259  52.07909649
  49.52048474  56.86469446  44.53478948  46.12450952  45.47973363
  49.52048474  56.86469446  44.53478948  46.12450952  45.47973363
  51.45648405  43.8433158   46.15535487  52.01292802  49.60064584
  49.04949323  48.14197125  55.43508754  48.335688    44.7534629
  52.27351277  44.38963699  49.54454461  46.66321714  47.95316856
  52.53921462  47.87197943  47.80482736  49.50171702  44.26108873
  46.05258808  46.08028189  46.22697249  41.7301821   52.81025527
  54.86149492  43.80000178  53.95740889  50.27826988  52.31361413
  55.38021434  57.22492714  48.99583863  48.97858779  49.35006508
  51.49070568  51.45544077  49.89312307  55.40578704  44.55701132]","[ 37.37285068  41.36865281  39.44030902  42.01850593  40.61707698
  36.35699682  25.67274545  42.95625982  39.6466321   40.53975348
  38.9546679   40.61707698  36.35699682  25.67274545  42.95625982
  39.6466321   40.53975348  38.9546679   38.16464483  26.79532716
  41.70500488  30.46517867  29.94520274  48.28974551  42.48947607
  47.87517024  39.2090242   31.35965393  38.83077709  31.57943756
  41.14053113  41.04338549  35.10817068  33.35470106  29.44713335
  43.16610022  45.07690232  39.30218387  39.00207139  40.98261688
  28.14189345  25.87025118  38.65104651  31.03251178  43.65532054
  42.31453007  38.77215766  27.45733297  38.67919077  41.81104662
  39.84424562  44.56921143  33.54802109  43.41359327  41.63103667
  41.7880927   32.23797313  43.4182458   39.53698097  30.91544805
  36.3421603   24.81882081  43.53229062  33.83633956  32.19630823
  35.48270837  37.56356019  36.67457295  35.57957988  36.52714956
  27.36109059  35.29545014  34.55871663  47.56853023  36.21999918
  38.32247695  28.29514321  38.26411381  40.53807109  34.32737167
  46.68820707  31.15207399  43.44284107  38.87808335  37.2986456
  39.88838101  37.89988606  37.51960354  28.72942589  36.6852841
  36.22027616  32.54013964  27.44686104  41.43896     42.55477089
  35.42942972  44.9593941   42.9118228   39.58540954  38.94793214]"
,"[ 39.30749197  41.61165959  32.92356379  43.28737001  40.54170206
  36.55676472  29.59321513  42.13165973  36.81333419  32.46516687
  38.99072195  39.32777155  36.16683317  29.64326307  32.68114662
  33.17082127  30.40233007  24.24141959  37.99945181  34.71321688
  34.21125139  29.80551362  38.42725255  37.76170053  32.47005492
  32.24793568  30.27750752  23.43312057  35.40609955  36.8485573
  35.10974204  35.84731964  37.76373495  36.76581477  29.82925863
  38.70173552  34.02645072  39.32777155  36.16683317  29.64326307
  32.68114662  33.17082127  30.40233007  24.24141959  29.862497
  34.52466578  32.9463334   33.68811359  41.47260938  36.28892827
  41.11115956  32.08892864  16.40139731  32.37666019  36.76153939
  33.01871921  39.06753864  35.73701971  37.94408173  44.25320961
  40.25741923  35.6827372   35.92739654  32.50524238  29.29953471
  39.60238043  32.32474308  32.73911996  42.28981353  33.30803519
  32.46876082  32.97608254  29.49258232  32.24320914  36.19340777
  34.94130848  39.30749197  41.61165959  32.92356379  43.28737001
  40.54170206  36.55676472  29.59321513  42.13165973  36.81333419
  32.46516687  38.99072195  29.76757506  37.94408173  44.25320961
  40.25741923  35.6827372   35.92739654  32.50524238  29.29953471
  39.60238043  23.16712794  36.30843665  38.06832333  39.7709494 ]","[ 52.30871359  50.86789304  57.69933336  49.84325906  53.58610895
  59.09310272  55.00333238  55.51249887  50.67744959  49.37606866
  51.90122541  53.13452528  52.60919591  52.47054892  55.62142295
  51.39833632  56.48549239  55.36645781  48.5010541   55.95973036
  51.74465059  56.09252089  52.48265431  56.71272607  53.05597013
  58.04515278  51.7757848   51.37769448  55.62887786  57.04783952
  57.89386202  58.96862244  48.67261359  57.40514713  51.59748301
  56.64659122  45.3882083   56.26522804  53.42142774  52.78843893
  55.34401572  50.41783012  52.49488948  47.91606066  57.10559071
  50.64273882  52.20655972  53.9360538   59.11061014  51.70463278
  52.06581285  56.02693919  51.70904176  53.69524815  57.04783952
  57.89386202  58.96862244  48.67261359  51.75773325  49.86681369
  52.90868975  53.66181183  53.94294258  49.29345027  46.74996361
  51.00981747  54.19270223  54.23568702  45.01948326  51.61235986
  45.04502921  55.91603482  54.20436095  51.43941828  54.1361975
  42.58541294  46.74996361  57.09327147  50.21975514  53.76926223
  53.19633425  50.54894961  57.81370935  53.89220397  52.12484323
  54.6650113   52.95094158  52.06581285  56.02693919  51.70904176
  53.69524815  54.35925736  50.02530251  55.82512865  51.32132089
  49.42102081  52.25014874  52.67571647  45.17224874  55.02914948]","[ 73.14197647  63.35844475  68.32200205  67.85867428  69.554173
  69.41853773  65.44093081  73.1751631   65.46722036  56.46520113
  74.06339468  68.32200205  67.85867428  69.554173    69.41853773
  65.44093081  73.1751631   65.46722036  56.46520113  74.06339468
  72.35292584  71.63863401  73.14579613  66.75001105  77.13817277
  75.72582629  70.47437576  64.04610049  74.33434109  72.22631934
  71.17963473  73.42068165  74.25607432  66.88209589  71.50582     64.39515279
  71.56998396  69.85475532  76.23803537  70.14737831  62.83940437
  76.65286427  79.82698087  71.56998396  69.85475532  76.23803537
  70.14737831  62.83940437  76.65286427  79.82698087  75.73842791
  72.21794087  73.83646847  65.7152      71.83848128  67.7825622
  69.43569431  70.84354576  70.62961815  72.83421422  71.67727545
  74.12798105  68.9682682   71.01821149  73.45824133  65.7152      69.59003448
  67.41978591  78.58285099  70.01055157  71.0561335   71.09687336
  72.89650768  64.69212566  74.53564608  69.36522388  72.22631934
  71.17963473  73.42068165  70.38803701  66.59074839  76.05449923
  73.33524939  72.58669353  62.78409139  73.03707426  74.69084804
  69.94377785  67.00390555  66.80285325  71.38751194  76.16569512
  66.73808856  66.82780299  78.54201531  75.40202806  73.87556046
  62.793722    71.50582     64.39515279]","[ 58.70546086  56.79284759  56.29299037  60.11736807  48.55402209
  58.21504237  50.42250802  57.32573023  58.01496658  63.246812
  60.66906535  61.65363011  62.20679344  57.86702948  53.23110439
  49.31887328  52.34050725  58.38604201  61.89757666  54.85154719
  46.3781488   54.45528905  55.14690892  63.95438792  56.94425752
  52.67728143  52.99525985  61.96662145  59.021889    63.62657428
  62.65460133  64.73964653  61.81733815  59.41791833  61.04332083
  54.55553803  57.37349091  59.20214631  53.36173551  55.38782274
  55.5577182   65.5406308   62.78866475  54.79111667  55.56503586
  54.6630079   54.12701197  59.37291322  56.19696517  59.45719113
  60.59071287  51.43099335  59.06206313  58.70546086  56.79284759
  57.37349091  59.20214631  53.36173551  55.38782274  55.5577182
  65.5406308   62.78866475  54.79111667  57.520184    56.43476202
  55.41794912  64.73964653  61.81733815  59.97640449  56.4534542
  61.6248932   60.16111877  61.07103003  62.61881636  49.03901683
  56.78234014  59.29510551  58.97690638  60.56641533  53.17534857
  58.16975037  51.56057351  58.00205713  48.97456144  53.97215094
  62.35317027  59.26557299  51.54991161  59.24717807  57.24430805
  58.60637708  53.23035801  55.31224317  54.33083218  52.26971156
  63.90345811  53.52728119  59.30244559  59.53983153  59.02548697]","[ 62.09638007  61.42004042  68.30707799  69.10190499  67.82828979
  65.70570322  53.33309405  62.29606518  67.32883271  69.5333291
  70.23552878  56.69586036  73.61902323  61.24881869  64.97253546
  69.39440955  68.78109465  73.69523462  73.03799525  69.42530648
  49.89795983  67.26047109  69.59253297  62.25103565  70.57418651
  65.6404887   71.04839859  64.78765713  52.58656582  65.79346783
  70.27754694  67.14700531  68.92776996  67.62386093  62.29910395
  65.98868568  56.90621494  57.26025432  62.14807369  68.94099568
  60.72827881  63.92517978  70.34794364  68.3112772   70.81454247
  66.49769555  65.53065669  61.00637112  70.10418745  63.90966769
  66.00510346  66.7790976   59.12860301  64.71404397  68.33145113
  70.10418745  63.90966769  66.00510346  66.7790976   59.12860301
  64.71404397  68.33145113  56.69586036  73.61902323  61.24881869
  64.97253546  60.57780398  54.38302044  57.75840109  69.88748332
  68.33090492  67.88357428  73.28898886  71.78960946  68.80240175
  70.81454247  61.97700486  66.53721813  69.86995332  60.57780398
  54.38302044  57.75840109  69.88748332  68.33090492  67.88357428
  73.28898886  71.78960946  63.30354016  55.96202168  74.06551861
  50.6850395   71.56270489  61.7300272   65.46703335  56.52860214
  64.9910992   71.69202526  63.43919113  68.35258519  73.97290653]","[ 54.49036439  47.39983451  49.65218691  54.72319022  47.10271786
  33.05950435  41.5509223   54.25756532  60.34382852  44.3884401
  40.86486605  60.21814047  34.93899744  55.59575091  59.61951623
  48.38915191  36.80689899  53.76091334  55.28345587  61.44821814
  42.46862877  48.52477096  27.65356131  51.64005338  48.07999883
  52.35185345  56.47294635  54.67428542  50.58517988  44.44337319
  46.8776393   42.60750543  34.46408751  49.19108327  56.49114224
  44.41658147  35.21488309  40.69362014  49.45425377  38.36642341
  22.56417007  45.82902617  33.87116042  55.53167719  41.45675016
  58.76314357  40.01001616  56.74556159  48.90019121  60.93669406
  45.67318628  40.14127585  36.4554245   42.28724729  60.1947267
  45.93760803  32.40189756  46.45094762  48.73330197  42.01645182
  36.48372439  55.03362152  46.29055298  42.24698073  56.31699598
  56.49114224  44.41658147  35.21488309  40.69362014  49.45425377
  38.36642341  22.56417007  45.82902617  33.87116042  55.53167719
  47.78241614  60.93669406  45.67318628  40.14127585  36.4554245
  42.28724729  51.86377785  60.1947267   45.93760803  32.40189756
  46.45094762  48.73330197  42.88707934  63.32704518  62.88039995
  49.60202127  60.45935082  36.88218211  50.52328591  32.2180601
  61.08590548  45.59774323  45.63859058  58.63978956  61.90142734]","[ 40.46335457  58.46612858  66.77268777  59.16552823  57.83120809
  62.9588294   60.22244679  63.99010735  49.6649475   66.84032235
  63.72699907  59.4462491   51.2787375   60.07018131  58.26451745
  61.60466799  65.59052473  62.50417762  65.81739049  54.75856773
  61.55273817  50.15699795  60.69503066  59.62376663  65.18081623
  66.42925998  58.46096562  48.81636049  61.40425944  45.46883372
  65.59079332  60.71387053  58.50300259  58.50300259  70.98822291
  57.76002949  51.00506346  62.30080107  70.59477418  60.9758838
  48.7360288   55.17904616  61.37026307  68.11086205  62.33067458
  51.50977161  55.14182637  53.85438711  67.34014083  53.14421874
  60.69503066  59.62376663  65.18081623  66.42925998  58.46096562
  64.41530749  63.8464048   60.16377631  54.46695155  53.7786526
  54.64151092  55.64458333  65.41502901  60.4907923   63.39738555
  57.74110967  62.85835662  61.72233005  58.87539773  52.60409719
  61.21305286  49.7998813   51.19009397  65.86642927  60.9869377
  58.71474174  66.64386763  40.30861969  61.5651193   66.00244619
  70.27615584  46.76390531  50.85202608  64.04960196  65.3143871
  69.22478211  65.95076998  58.79445143  51.41694893  63.4222445
  61.17588644  58.92390904  59.54447759  56.10537041  48.46376601
  55.68117684  61.69600424  68.15225671  60.16698591  44.68048759]","[ 51.85339743  56.04347976  55.27757187  55.4642799   58.18074019
  52.21620543  49.87748387  52.19626313  54.70577554  49.93218724
  42.09948268  47.67771635  58.73185792  47.81619177  45.61647062
  46.26946425  52.6429111   58.36104524  55.16213546  55.02947116
  50.10592511  50.95551803  50.93643162  48.7854882   50.65095977
  48.3227649   50.27890051  49.3019721   46.1363724   55.62163954
  47.02366597  52.96383117  54.6075174   45.70729199  56.62031865
  53.99321326  51.98307894  51.55280933  53.75712078  57.69544088
  60.77693607  55.33620759  55.99148656  54.4465257   55.26666108
  56.56939884  55.13681165  60.41008935  50.38547629  53.86336557
  47.87256507  59.35999948  54.40586239  59.78027444  53.86336557
  47.87256507  59.35999948  54.40586239  59.78027444  53.99997091
  52.93609244  49.73379811  54.77429979  44.33710883  53.67811228
  50.4397653   50.73695226  51.3588439   52.99546329  50.88307912
  49.97406447  48.969347    52.91674899  54.33331324  51.52194629
  49.86218802  58.92239682  47.06227122  54.48768069  52.86976917
  53.74776946  48.78549593  48.74221538  54.23329138  52.78449371
  53.57283279  50.73708114  54.06812706  56.74271603  54.6075174
  45.70729199  56.62031865  53.99321326  51.98307894  51.55280933
  53.75712078  57.69544088  60.77693607  59.78027444  53.99997091]","[ 38.62609308  44.24044179  30.98496295  41.51070192  43.82905862
  27.70044431  40.01656707  39.25095112  38.78647361  39.75878903
  43.06033312  37.0702082   35.13846616  39.3415045   44.89953561
  46.22876066  43.94048136  36.25196108  44.57780689  35.20754663
  41.16624083  40.96630106  38.52912229  41.4709624   42.05285308
  35.79201848  44.17578897  35.13435296  42.78241507  39.75803377
  51.07201346  34.23292409  35.79201848  44.17578897  35.13435296
  42.78241507  39.75803377  51.07201346  34.23292409  42.5826778
  42.84575915  39.40828692  36.36698698  46.75071242  30.64236524
  32.50938352  39.20948685  35.51839792  48.54649863  43.07483428
  38.88416421  42.43452314  41.25992219  41.24437496  48.1485749
  41.50196262  44.34315514  39.00012787  37.00244312  37.69909818
  36.09399677  40.22093589  44.29206273  41.22942425  45.68459234
  42.64072159  46.00916633  32.090378    36.29473783  44.68517752
  29.28658846  45.39261886  38.75868063  42.08287734  42.26667431
  41.56330245  42.24183267  44.48701419  40.12998702  43.87460656
  42.66403962  39.6766968   43.99448026  45.7182068   43.31881348
  44.20377826  36.66583384  45.19131115  32.2840364   49.68231702
  41.99712142  37.64073898  46.28217087  42.36293234  42.4707057
  45.55353363  41.67366845  44.02262421  39.80066913  41.55899399]"
,"[ 18.98965404  35.2111836   29.10819694  37.76195993  32.29531277
  41.20739078  34.77361973  38.0228981   36.83174421  33.29840678
  38.19012511  33.11911537  22.71290219  30.44598244  33.02410142
  34.08642857  42.53039856  41.94428485  24.64598952  45.60810875
  34.39181617  36.11055984  40.05463746  42.64906985  32.49907985
  24.59522022  27.48112868  36.69643251  29.25188508  38.1045156
  47.76118819  42.0996457   38.82308614  41.3806084   43.25967792
  35.42221616  45.00473001  30.58603235  29.92716811  39.08403508
  30.97544558  26.90798597  28.99411138  27.52074293  36.93757054
  30.58603235  29.92716811  39.08403508  30.97544558  26.90798597
  28.99411138  27.52074293  36.93757054  19.99586507  36.84570034
  31.59721751  32.49907985  24.59522022  27.48112868  36.69643251
  29.25188508  38.1045156   47.76118819  42.0996457   38.82308614
  41.3806084   37.00345622  22.71487892  33.54734585  29.13195241
  37.43259063  36.77169594  23.49607032  38.79729295  36.24074264
  29.61927747  29.22567504  27.73622193  34.08642857  42.53039856
  41.94428485  24.64598952  45.60810875  34.39181617  36.11055984
  40.05463746  41.26801235  41.06155005  34.9018589   37.53163946
  36.02285502  22.68982549  28.17705627  26.95857373  39.18489896
  47.35852346  30.52517535  31.11132653  41.71496929  29.87541361]","[ 53.85740073  49.5298037   51.08433415  52.60032475  54.9771514
  54.23918422  54.41633391  51.06469857  57.43350294  54.70577421
  58.55426597  53.97694334  56.21707815  51.62954823  48.81643297
  44.36233082  53.74110434  46.96038834  54.28689753  54.60319236
  52.78707458  59.03219226  54.28689753  54.60319236  52.78707458
  59.03219226  57.34601937  49.96655295  54.790702    55.79938288
  54.1222409   51.97312517  50.94385098  57.43350294  54.70577421
  58.55426597  51.11950188  53.09722328  53.68430155  52.95503174
  56.41738689  56.23431478  58.05073322  48.70457382  44.97658287
  55.88089102  52.42751335  56.83695816  61.04897361  53.97082151
  55.08054098  55.94073303  55.120283    50.7431091   49.8633916
  51.01740032  49.54598842  55.47502747  54.59154842  34.38373106
  60.62791576  47.91543484  49.63968366  56.97734115  51.77607194
  53.76152574  50.94385098  51.85869131  57.94264462  55.30909613
  50.83305269  56.16440226  51.87831266  50.4100144   55.59424138
  54.35942798  53.93115483  55.90993208  55.54777827  53.70516779
  52.0424045   53.26782483  50.66402686  45.77099618  46.87739249
  59.01304751  51.38019644  56.93272619  54.96773972  50.37963005
  54.50362719  52.28884252  56.81275112  53.56310847  48.24602643
  45.60315916  51.72168048  52.99499889  55.60670542  54.61731779]","[ 70.83799836  71.57375017  65.0637764   71.77437299  71.73987002
  64.67290332  68.12166975  58.02173389  65.39098186  66.91937624
  70.08234142  77.44510996  66.3568156   70.14193996  70.1316833
  71.65381975  66.20099915  72.99840702  66.08860091  71.30590335
  66.50255474  70.59707474  66.91937624  70.08234142  66.34985413
  60.85652332  70.71610034  70.38726415  66.75482726  66.10557363
  67.93376719  67.36854088  65.01879273  67.31615949  69.05372748
  64.19781026  77.44510996  66.3568156   70.14193996  70.1316833
  71.65381975  66.20099915  72.99840702  66.08860091  71.30590335
  70.33696453  59.00985966  66.66735911  69.2203942   61.28513429
  71.28784553  74.15976747  72.33684291  69.18475759  65.79065362
  70.22458753  81.4810071   78.91694776  70.17743052  63.18706721
  72.23188148  70.1228545   68.20194516  66.06919008  63.50340634
  73.68402333  70.14193996  70.1316833   71.65381975  66.20099915
  72.99840702  66.08860091  71.30590335  66.50255474  70.59707474
  67.56177748  72.47293305  63.8000895   70.52623081  68.59910077
  71.77170218  60.55046857  67.34932195  71.05699455  79.55217477
  68.24867052  68.78076446  71.47953612  71.11491563  76.16698824
  71.02050817  64.87534199  56.52682346  73.29079445  66.74025662
  78.07417531  64.72443349  65.80332953  70.52623081  68.59910077]","[ 61.84386874  53.53089415  59.43143472  56.0093668   60.67293838
  58.84443829  64.80706157  57.3610873   58.75690638  63.97045685
  49.15649084  52.29944591  60.20909781  57.6238487   57.62471481
  60.32658377  60.22846807  58.6902651   57.53851441  54.7030592
  63.90520548  66.5422805   61.40927785  55.77871843  57.26604673
  51.88320718  58.31498078  57.55342732  58.58756041  50.46902174
  59.57602339  60.77454025  59.69655556  66.5422805   53.96104268
  58.81058353  57.51376543  60.39036126  61.645894    47.59144985
  58.41869881  62.49762574  61.00310148  57.20494527  60.01890083
  55.23251201  60.40187371  52.75436949  56.35911738  61.59960749
  58.60033443  62.47192021  58.83461026  57.6052362   60.00214731
  55.77476363  62.02597299  60.52475265  52.95125019  57.51188016
  58.35935955  53.78013478  53.80842346  62.85990941  58.62566784
  57.03157826  52.80007022  62.85570013  55.4041484   60.6040993
  57.55146873  52.25023981  58.36171233  56.88512176  55.28783415
  58.87310363  58.62566784  61.7555768   64.46019442  61.64748844
  59.58698332  60.20178205  56.40482192  62.89137886  60.88379835
  65.46135203  60.61624285  57.20494527  60.01890083  53.74567376
  62.92542643  55.6014327   61.40927785  55.77871843  57.26604673
  51.88320718  58.31498078  57.55342732  61.42402666  57.270495  ]","[ 68.4957551   61.63269541  63.94299044  58.88171317  72.06212819
  69.68095097  61.08707277  71.75320358  68.21051006  58.36635596
  67.36180036  50.19539455  69.25585965  64.54630155  67.06130181
  64.3428336   55.35576586  61.62892711  65.00619328  59.62798455
  64.37621075  69.53883776  64.30781357  60.23467387  75.56582436
  64.37722192  64.64861247  62.56542671  72.4465682   58.47995639
  65.4380994   65.65112073  70.14976528  65.00769578  63.49074757
  53.67674292  68.38418696  50.22062298  69.12830784  60.51396233
  59.44833649  67.2253987   63.78427353  65.46269424  69.58406177
  50.19539455  69.25585965  64.54630155  67.06130181  64.3428336
  55.35576586  61.62892711  65.00619328  59.62798455  74.52909562
  56.2461252   67.04079938  63.01476355  70.01540002  71.73814221
  62.34063741  49.87999286  69.74729623  54.03239843  59.41274694
  72.03906633  64.06987426  66.38031981  63.87938752  67.78946889
  75.56413154  71.5681538   74.1113351   64.09723718  69.60085338
  65.46797276  71.95015966  69.57526111  74.6402519   49.02970639
  62.12866297  65.33936874  70.04965733  49.6948386   70.43538353
  61.61963904  63.17063606  49.6948386   70.43538353  61.61963904
  63.17063606  68.95311285  60.07771987  65.06100068  76.70996052
  61.70385526  67.66617971  68.25710746  61.78998668  61.05526577]","[ 55.22518906  55.09109915  57.02488091  49.59806866  50.32294032
  41.88006376  59.48243688  38.46981704  46.80788908  57.85245967
  41.76059056  48.9402153   53.83010227  51.29048571  49.59618681
  63.96194227  40.76792214  47.63704958  55.04670857  51.51021732
  57.82456413  44.94615594  44.04537025  34.02005278  45.16599233
  45.62050018  46.0582099   48.47478719  49.83817796  67.78716537
  48.08499664  49.92617495  61.22212285  44.04537025  34.02005278
  45.16599233  45.62050018  46.0582099   48.47478719  49.83817796
  67.78716537  48.08499664  49.92617495  61.22212285  61.86550375
  57.83715718  58.83378389  44.00378325  59.48768434  51.75162841
  36.73413374  60.78972124  55.06020913  60.19511964  56.0670258
  50.61517424  52.14773384  41.05835664  33.04236117  57.66554357
  44.50063699  45.18128165  54.57942835  62.82621992  56.25415951
  56.59487056  27.71852715  36.33410856  44.61711264  56.34969068
  51.04809655  48.57027104  54.78414194  53.82329431  43.9478394
  44.32674106  36.50065314  50.07268936  60.04787013  43.86974629
  57.86033685  61.765186    55.32088936  44.65263537  46.95360747
  44.43890798  39.08763547  51.70487448  45.14923435  38.83129157
  50.15775153  57.97239149  51.35510898  28.75138845  54.04138369
  41.70520121  61.36134101  48.47875892  51.61221981  44.50063699]","[ 71.11129932  60.24061426  64.47862332  62.40976542  65.3236526
  64.72259406  70.68945904  63.03244542  55.2033207   51.66637262
  57.06497278  66.88425465  47.65142881  67.88318847  59.05484131
  59.50279037  71.88211385  62.59675149  65.06786728  58.83014383
  53.52398831  48.92104135  72.84869943  53.69360623  52.18020248
  61.84921484  69.86601797  64.15353677  58.81050135  51.00267091
  55.54979722  68.01743136  71.82582131  47.21632586  67.21632905
  63.60111693  42.39289327  64.09916058  57.98112976  69.09606194
  47.60825439  52.07853672  58.09409426  67.21707411  61.01672307
  48.66163624  48.02027381  54.64631555  65.67940056  51.70778324
  60.26275534  61.02382362  65.14279825  68.52071999  58.81050135
  51.00267091  55.54979722  68.01743136  71.82582131  64.01176897
  71.32039793  63.40497952  60.70146362  61.96386505  47.21632586
  59.86581487  64.44358903  60.67567992  61.71111002  55.51987775
  61.18609181  62.16184037  67.65749958  65.41893458  57.45710888
  62.74379721  60.67567992  61.71111002  55.51987775  61.18609181
  62.16184037  67.65749958  65.41893458  57.45710888  62.74379721
  65.95813808  52.41004754  53.48334555  54.76370888  73.59914091
  56.02166238  63.49416932  58.55244775  68.77246336  57.29769269
  55.35703442  44.98693634  48.52513675  62.06395726  49.81225121]","[ 52.64022562  58.0968887   60.27601507  59.98127839  54.491788
  56.49637891  59.55745018  55.56597349  54.49356594  53.28444079
  53.7107011   58.6017386   55.44434328  61.61280421  51.73563116
  54.18549767  56.64113982  55.12961294  56.97321479  51.39645123
  49.50557508  60.39822164  59.76747933  55.07230333  48.0289105
  47.12638072  57.51893408  53.73599613  56.18984375  59.77267884
  57.52887782  51.38998476  57.3167026   53.28444079  53.7107011
  53.08933689  53.83704298  55.43405791  52.11822363  60.59528539
  55.68864823  55.80986493  57.05332888  60.04598679  53.76389897
  51.84590322  50.55255333  59.40043635  53.07667666  49.51121755
  55.42482828  57.35986875  49.90286656  57.98290411  60.97708729
  49.3134712   51.58683068  55.22329433  61.5643527   53.24820752
  54.14599244  58.96602579  51.25309072  52.42740745  51.2726703
  52.63671777  55.56597349  54.49356594  53.28444079  53.7107011
  53.08933689  53.83704298  55.43405791  52.11822363  60.59528539
  55.68864823  55.80986493  55.78357284  57.73304054  56.02292664
  61.92217101  59.67537871  45.08467869  55.28025072  49.08717176
  48.53541619  53.89101405  46.13310286  53.08961805  57.01581498
  53.28484342  48.60819027  55.02206683  53.5343697   60.29988776
  56.00008693  58.22032127  61.81393731  54.72864228  56.11808363]","[ 42.30239592  32.87032435  37.22536108  34.93659296  42.52214527
  42.2390639   38.76187755  42.31127529  39.77723169  49.25206376
  35.48526318  36.45482689  34.13814178  44.42955125  22.78802192
  40.11433639  39.95170112  24.69424575  39.42102091  38.97749689
  36.23474089  33.50484187  40.95417438  36.85611245  33.99833528
  35.64415577  35.80519822  25.46870534  47.21949417  39.11913557
  21.53723012  47.46492796  34.75107071  41.66881258  38.09627148
  38.35616584  28.12324205  43.02910384  43.79192931  40.57821264
  40.90227849  38.76463585  24.02565986  35.80448259  45.53928191
  32.43221064  37.40722247  33.48142544  39.85915168  42.88478599
  39.62048683  42.59973257  41.78158933  40.96427801  39.88096872
  35.5833179   31.00551303  41.27407822  41.66881258  38.09627148
  38.35616584  28.12324205  43.02910384  43.79192931  40.57821264
  40.90227849  41.36537283  38.90368929  34.71449574  46.06620014
  37.40320049  37.2691819   38.12741994  37.2023971   38.33975862
  32.88730911  29.0936739   45.83132137  33.09813934  35.80719943
  28.37525042  43.07516579  37.7329926   47.48468841  42.43292535
  35.87641742  13.0050425   41.81411471  32.8801014   44.86965633
  38.85738706  49.43181599  40.8136917   29.45951688  39.96734908
  31.12942043  42.61695353  39.34701548  45.09327493  35.7288719 ]"
,,"[ 52.98862855  54.37582833  51.49060181  54.99375208  59.62435121
  53.32001606  54.80218062  50.54707514  59.22599909  54.18608076
  44.88678775  53.62630546  50.88417085  52.08592769  52.30423689
  58.40118449  56.69734145  55.76963237  52.98862855  54.37582833
  51.49060181  54.99375208  52.52357887  55.85353428  50.90177075
  55.00237974  44.91387742  62.28823869  49.0751077   55.22881829
  54.78070385  55.20588936  48.47239331  50.53106588  52.16440881
  53.20553869  57.90553648  49.0902806   56.45851584  55.63645913
  55.90348635  48.90581132  47.47951495  52.76425086  51.84070138
  52.36904181  52.60227242  52.18638519  47.38423919  50.75050358
  51.88706365  53.71673407  52.4626929   48.45469917  57.54439206
  50.88834364  58.40747211  53.01811048  46.78096224  52.81343352
  57.67227801  57.67417266  59.81242377  46.80071198  52.81790923
  49.30349521  53.82307527  57.26799307  51.18330157  58.02366035
  55.3801676   53.31294242  58.64062271  57.37643545  54.40876868
  53.7581317   57.85872124  52.22689043  54.16553635  58.02932202
  56.86012677  52.50935892  55.26766541  57.15736719  55.98751394
  52.49205158  49.75970965  53.70603036  56.02533586  57.30889898
  53.23597499  54.38321345  55.49896406  55.06400312  55.32818009
  55.09865002  55.2365132   51.93451969  59.81242377  46.80071198]","[ 72.61874774  59.35699935  65.02301035  66.47222312  65.52184053
  64.37420418  63.66601492  63.1523169   70.24281122  68.96886517
  65.35278257  67.00445964  70.28437425  75.19773815  63.92523322
  76.39806403  70.96719508  68.55074244  67.86219364  68.09180531
  65.76584446  77.48465784  73.84613074  63.92305358  63.57893669
  68.15418505  69.39707014  68.01621982  66.18388605  63.74630581
  74.28720927  71.22188228  70.65178644  66.76240145  73.75472593
  68.78413373  71.31735742  70.29761903  69.00238727  68.41367075
  68.56939765  63.51862362  61.6864951   63.57893669  68.15418505
  69.39707014  68.01621982  66.18388605  63.74630581  74.28720927
  71.22188228  69.32199596  68.67227997  67.46662261  64.37911969
  76.57317427  67.86626125  63.09596671  72.73530846  63.01529287
  73.37310268  68.59751025  69.59408465  63.9041276   73.80941211
  69.97834238  73.39984688  62.99778329  67.09817688  66.89563692
  68.06196216  66.6217665   61.67073897  71.5995438   46.16606013
  52.48694992  68.09180531  65.76584446  59.4888039   68.32292653
  66.46726746  67.400983    74.59617065  70.3327384   73.92071288
  72.44080976  67.44531751  63.92305358  63.57893669  68.15418505
  69.39707014  68.01621982  66.18388605  63.74630581  74.28720927
  71.22188228  69.32199596  68.67227997  72.02600843  71.00598509]","[ 55.76039662  52.74248776  59.81230385  66.78604298  54.37026605
  57.01931189  57.01631912  58.02616338  64.70449633  49.63943255
  61.95208134  60.77552804  61.73852455  55.59425541  62.32635375
  56.11189032  59.33734125  55.81853921  51.7131119   58.98652274
  59.429203    55.87528123  57.53245006  59.40341662  59.33734125
  55.81853921  51.7131119   58.98652274  59.429203    55.87528123
  57.53245006  59.40341662  55.6324712   55.04075891  51.81221065
  21.85723209  55.53698956  59.98060149  55.04499142  55.75853847
  56.98299995  62.99784114  56.62417915  61.73852455  55.59425541
  62.32635375  51.09321284  56.0456294   55.13796475  56.92185628
  52.98036588  53.92094853  60.07632256  55.28389542  57.7875498
  58.29035347  65.81138578  56.77299069  55.98414022  50.33154074
  57.79643786  59.98436183  59.32566293  55.4747578   61.66126436
  58.10142304  61.45286624  57.94912845  57.98851246  54.90454235
  61.51114682  60.00036795  53.74518492  52.61856001  59.11676228
  60.21936432  59.04294977  54.80559739  56.67657738  56.91060118
  60.12674062  57.20965739  54.49694685  56.43403447  53.44560509
  54.35342136  55.9375746   57.97919558  59.5211467   53.57035719
  63.44452432  51.74789257  65.50038392  64.0621664   53.73788157
  63.21996505  49.53280226  63.03980307  57.05507494  57.79287859]","[ 67.44954163  49.17169458  70.29444597  59.79764826  68.81486459
  45.40449622  69.46162962  61.55443136  68.69411609  51.30736667
  66.53485258  62.14571001  70.01939738  70.02849095  57.12594833
  56.82648126  62.41757194  49.90984711  71.07950521  50.34471671
  69.89837734  61.65704128  67.32007753  51.65973465  47.54506593
  56.36152963  64.3641872   63.80390639  66.67796835  59.04500705
  56.98303284  57.02956949  51.6754475   60.86403171  64.40032355
  62.13819135  64.8630639   56.37884333  61.98755814  44.3442002
  61.75096591  66.85531101  72.78295363  69.10220575  67.23700847
  55.6522768   43.30058817  66.28911564  59.30330354  63.96942857
  65.60610018  63.12928413  68.79396034  60.61142256  50.87072617
  52.32674748  56.53261778  51.72355928  66.91913158  65.06979246
  46.65379312  67.50057809  59.72675356  43.59080428  68.02287265
  52.41993779  51.65973465  47.54506593  56.36152963  64.3641872
  63.80390639  66.67796835  59.04500705  56.98303284  57.02956949
  51.6754475   45.40449622  69.46162962  61.55443136  68.69411609
  51.30736667  66.53485258  64.01345587  67.61304269  55.91715814
  64.08046339  65.08341984  67.61304269  55.91715814  64.08046339
  65.08341984  60.69329211  55.84677581  57.25665904  63.48186778
  64.71939056  49.04303053  70.36697321  58.75479874  67.27362454]","[ 57.97992754  56.43466882  57.28675513  56.92476195  56.87072228
  40.850268    56.63604249  43.80766954  49.69248887  60.74700699
  42.18342008  56.43466882  57.28675513  56.92476195  56.87072228
  40.850268    56.63604249  43.80766954  49.69248887  60.74700699
  42.18342008  53.96032776  54.43894234  56.16008872  49.68590831
  48.27648836  47.77450992  58.34657662  53.68114449  63.04614185
  52.84635503  53.91639282  66.83063545  59.72515719  58.84091509
  56.04441686  51.89124452  53.34773596  60.65097271  58.2701021
  51.8844652   52.06838106  55.05561758  59.49251991  56.42103012
  50.33715151  60.47535414  54.91703043  61.38990197  56.55607512
  49.34363835  63.15079408  52.74714034  62.82864571  53.55751276
  51.30426969  55.80015323  54.23519832  50.00778355  52.14724007
  65.1822311   59.90847073  55.6317976   48.42470088  47.95286759
  34.34427737  48.15886691  41.54357203  61.16687321  45.291976
  55.64159477  52.32323871  54.08849094  55.57324022  29.81330431
  62.79827977  55.57324022  29.81330431  62.79827977  44.83307268
  59.66538825  48.44457681  45.51858666  62.25808575  47.99708847
  50.69960564  57.77797292  59.23178821  49.57400371  60.41508546
  48.67345567  62.58211961  56.2512921   44.5775394   52.50784555
  54.87033648  59.00629299  48.50325255  51.84132274  48.32321472]","[ 72.33366565  64.58724908  63.29738363  60.72810353  66.76070285
  64.85435962  52.70667058  46.89647563  46.0929064   49.36791707
  54.0664424   61.88096105  69.4814168   67.98381147  58.91853486
  59.22310578  67.5652171   62.377131    58.96009087  57.30339786
  53.21306217  69.37978473  49.68076225  69.30074913  61.35055499
  55.08063217  73.65746406  55.26998652  54.52239521  62.0741808
  70.46064541  64.93049091  63.67519653  72.33366565  64.58724908
  63.29738363  60.72810353  66.76070285  64.85435962  52.70667058
  46.89647563  46.0929064   49.36791707  47.69759828  60.55412755
  58.84832832  73.21855338  50.85084057  55.19406856  63.89226577
  71.03077026  72.04573287  69.7733302   64.18373763  64.18373763
  56.82341759  57.40235103  57.91542159  65.57412828  60.97901883
  66.27993762  58.24470545  66.2796443   61.21326161  69.43695192
  53.43681799  63.78996557  69.9712911   71.82103218  69.17165092
  57.48565994  65.69547435  59.81146698  68.59494255  67.56339957
  58.90561792  58.54305392  65.46892642  65.9000587   70.19433483
  58.26071713  54.95598515  75.5656018   67.96827786  52.95804379
  62.02219756  65.78345869  68.52246728  62.81187638  64.02909154
  53.63183582  67.32287731  65.02314126  47.69759828  60.55412755
  58.84832832  73.21855338  50.85084057  71.38956655  63.61741199]","[ 59.08470283  55.90033838  57.69092853  55.02213901  53.94099485
  52.70925039  59.81038674  52.74299263  57.11560681  57.71319214
  57.63960271  55.65143978  59.08470283  55.90033838  57.69092853
  55.02213901  53.94099485  52.70925039  59.81038674  52.74299263
  57.11560681  57.71319214  55.06302802  60.30249375  52.61160659
  59.12352235  54.06080364  57.43700912  52.05210566  55.74458179
  61.99007805  59.67774692  55.17608965  52.34683158  57.98737708
  55.72886515  58.23225947  56.35361415  62.05845414  55.98908598
  56.94747862  53.14933749  58.47522625  64.34827869  50.6919464
  52.42361822  57.09043186  58.23675964  56.89768588  53.66437302
  52.54465076  57.6739157   51.1619897   60.27422806  51.12860772
  52.14906875  56.47951456  57.73125188  58.62806834  59.45486929
  60.29910967  49.21574902  58.06004947  47.8463106   57.17607942
  54.20228419  55.95322372  55.76160142  62.3724923   59.83883378
  44.62417205  54.70428912  59.77712088  60.07822496  60.57582051
  59.12683883  52.34562934  57.52282362  61.81221267  54.44752432
  59.3551366   53.32486143  57.26607697  63.44681157  59.484604
  61.04374032  52.0253635   57.91110824  54.1149337   53.42071901
  56.43964319  57.18483266  59.86204911  59.03915782  60.54354935
  57.87231982  58.5854035   56.19697272  52.0253635   57.91110824]","[ 41.27768544  36.82153885  40.26484905  35.72739985  43.50599361
  43.46933132  42.17549951  40.76751924  38.49649439  51.45587112
  42.15099994  37.25603345  39.92597973  41.85918209  30.27656663
  34.511054    41.40457277  34.15738483  45.18516824  45.70313251
  41.49430444  42.89549592  38.70135236  38.88697942  38.54156566
  32.91445811  43.13624823  34.9612347   53.18238517  34.48245995
  38.32419785  45.27172727  41.86544525  39.51452628  47.85656043
  34.7701224   37.77925193  35.10098205  29.25189664  43.77182701
  43.93611619  39.20178022  38.97141972  36.15157524  35.2055063
  43.24769115  45.03698317  37.70570169  37.36041721  34.62036241
  46.16934753  39.7204712   37.98997783  40.16960277  30.26525384
  35.75629821  38.56752625  40.76735569  34.96522763  34.95387435
  43.81716182  42.83169854  45.54551388  42.53650115  39.22392232
  46.19343631  39.76502108  38.36430611  40.93594282  38.7072725
  39.40676141  42.10544894  38.21088764  43.01897369  46.72567361
  40.08385504  37.51250159  47.33040458  35.87064546  41.72329703
  41.20555187  44.80325867  41.64353369  47.83225711  38.16953892
  40.24565588  34.04596697  37.06223762  37.70570169  37.36041721
  34.62036241  46.16934753  39.7204712   37.98997783  40.16960277
  30.26525384  44.42853126  39.28394868  39.34717623  43.03380886]"
,,"[ 52.31570197  56.96699211  56.60207844  57.53173039  49.37355053
  59.15299606  51.69550979  47.68513145  54.66123081  50.97389812
  59.75610359  54.07417716  59.91254217  52.84648385  56.83464686
  54.71368286  50.92303895  54.3578458   56.76349462  56.12434191
  55.64324155  53.24340281  58.05679957  58.13382339  53.83497557
  53.1472743   55.86356634  45.05801967  58.58992175  56.68234285
  54.06542473  60.83996328  56.55057584  58.33824155  62.42705355
  54.307258    53.53473486  54.26255385  58.63234185  50.27679383
  56.45095097  54.20527258  49.77300698  59.08874626  50.56525719
  52.00400787  56.83299688  47.11840471  62.86163584  55.52064154
  48.8817268   60.06594689  52.0079802   55.6846094   61.55072451
  57.4890101   56.65081414  45.04133253  57.08367105  57.17162805
  56.45043011  60.36634524  56.89885523  54.04689747  51.9903709
  51.9258157   54.06542473  60.83996328  56.55057584  54.88812046
  59.44830636  61.38780938  53.55272248  54.02409055  42.81199284
  58.16852459  59.97915779  57.43395966  49.74943416  55.64051477
  58.32088497  55.06907059  56.30746193  56.6812908   44.82997949
  54.50233413  55.08384233  53.50923083  53.7380975   54.82832795
  50.5468867   61.05598992  59.3640327   54.01358693  54.93057659
  55.43482951  58.03505962  58.17297228  59.59819352  59.36031483]","[ 68.60548067  70.11746136  75.82906449  56.55439344  62.30098342
  67.5152214   73.74291918  70.50988231  70.34282149  62.50855344
  64.83647665  68.51059275  72.50308752  67.73175213  68.87975475
  74.66465386  68.12081056  66.16291044  72.34114032  74.17464447
  71.40374982  67.01442901  71.37251469  72.26029694  65.9470127
  71.86327468  72.99189357  72.34187798  70.72328996  63.94544086
  72.05234109  73.40216096  72.3317043   76.51314496  71.62730945
  76.399273    80.86224098  72.52536584  69.43882496  66.27960822
  73.97435193  73.99137878  70.56803712  73.38739918  72.89021993
  74.13801967  68.36156271  69.56728585  72.72804926  68.55244853
  73.91310488  65.34837456  71.37289899  68.67259414  66.63676089
  63.05183142  73.10139325  68.60548067  70.11746136  75.82906449
  56.55439344  62.30098342  67.5152214   73.74291918  70.50988231
  70.34282149  62.50855344  65.45369438  59.8881403   74.13801967
  68.36156271  69.56728585  72.72804926  68.55244853  73.91310488
  65.34837456  71.37289899  66.44395792  63.73958868  63.97771786
  72.48424773  70.44839947  73.54528761  65.00195835  76.15592603
  68.51059275  72.50308752  67.73175213  68.65429914  74.8596773
  65.45369438  59.8881403   74.13801967  68.36156271  69.56728585
  72.72804926  68.55244853  73.91310488  65.34837456  72.96913454]","[ 56.13092116  66.97474682  58.40226214  62.6944795   56.40210041
  55.9141409   55.63640816  47.13576143  62.74283492  58.88145178
  54.03653217  57.27675117  64.53902732  56.65618416  54.01776326
  52.48676384  54.7497044   52.85453954  56.71370346  53.69612313
  63.87082139  60.36245894  56.41399454  58.18693269  55.63740032
  54.79151694  62.214431    66.37183804  62.64101516  59.71644904
  56.27108769  56.87438283  63.00766606  48.49597877  53.49657299
  62.28953632  61.69494901  54.40748152  63.26816385  60.71232595
  53.10362452  57.15720032  60.79520695  59.05935871  53.81321179
  56.11205988  60.86977599  57.41911966  58.5095393   63.08241983
  57.79559333  58.39780423  58.27341075  53.8646143   52.9488925
  53.22963305  58.59388272  49.56367211  58.21014775  57.23870373
  59.81766166  60.4633426   61.23692126  62.39857386  52.54653196
  58.27341075  53.8646143   59.91140288  56.81497443  51.17116803
  57.63907352  64.09316892  55.11592457  63.07227962  59.05240794
  54.2805117   56.20318909  56.83506452  57.81753972  57.60844673
  56.38834114  57.39222172  59.70089099  57.59560204  56.35824965
  57.3965639   56.13092116  56.81497443  51.17116803  57.63907352
  64.09316892  55.11592457  63.07227962  59.05240794  54.2805117
  57.76883997  63.03398633  67.70106857  64.75922961  58.98447879]","[ 52.61639899  66.518963    65.99691576  67.50901526  68.550949
  64.64414741  52.97597347  71.72203087  57.14161092  66.00983522
  58.65314669  56.16017861  69.93898145  62.0298999   62.08852775
  60.1213493   64.94946748  55.42722467  65.06900725  51.98394529
  71.93153081  55.35160025  60.55601207  71.42250409  48.62366231
  69.10684162  40.82840698  52.61639899  66.518963    65.99691576
  67.50901526  68.550949    54.27287604  68.5202434   47.41940678
  64.25124623  58.62305564  65.17816918  57.31995827  65.98039975
  55.59530988  64.74104952  61.51033614  56.16017861  69.93898145
  62.0298999   62.08852775  60.1213493   64.94946748  55.42722467
  65.06900725  51.98394529  71.93153081  62.04185618  56.00473742
  65.10026539  64.36786227  61.10952844  53.92697545  55.35160025
  60.55601207  71.42250409  48.62366231  69.10684162  40.82840698
  68.42701115  64.77822529  54.27538817  59.61976142  66.45004402
  56.17853495  64.05134362  66.90161911  70.69908835  64.35300061
  61.2286805   60.852253    55.34009596  62.72931112  73.71952408
  68.59662448  65.04278436  68.93095961  63.61440427  64.9974122
  56.02318564  57.98920729  55.56918914  61.18608699  66.25123885
  63.71090069  60.72372603  50.22852317  65.43252455  67.38643489
  68.58001878  58.65085943  53.18124794  67.52020175  61.05087298]","[ 54.58291061  63.14306244  44.89506378  45.59387895  61.00818892
  40.92814174  57.47867583  58.53254622  58.73012306  44.73772488
  60.34523738  56.29195063  59.83549187  62.85266573  60.44922253
  55.04556151  56.60547671  56.40379164  52.28912776  46.75412833
  46.72565523  63.803802    53.35731558  49.57978915  49.06996569
  54.58291061  63.14306244  44.89506378  45.59387895  61.00818892
  40.92814174  57.47867583  58.53254622  61.48713309  45.68793432
  62.64767884  52.16429872  34.00499052  52.79745397  51.65784371
  54.6366061   45.18965209  54.22220316  49.41026609  51.4317426
  52.23532412  58.45690136  56.85835591  57.91558364  63.53666518
  64.41356218  56.54163921  67.99684127  64.86072283  45.68793432
  62.64767884  52.16429872  34.00499052  52.79745397  51.65784371
  54.6366061   45.18965209  54.22220316  49.41026609  50.03637982
  54.2046171   43.20585936  61.02688941  55.27282372  62.27060586
  58.89030557  65.573863    55.44440602  49.81718783  55.24636414
  57.31736936  62.11748685  38.11967082  49.64835168  45.68555163
  53.68436701  59.85382538  59.96984092  51.15745733  38.45476733
  55.63832902  55.3935883   58.53254622  58.73012306  44.73772488
  60.34523738  35.20806556  65.60257239  45.28931487  59.28764383
  59.04531164  35.36899156  58.3108892   58.27253082  64.10834071]","[ 70.41012167  64.93599035  67.12830882  61.25170471  70.08713841
  73.36710765  64.71079326  63.07979049  60.92768214  68.54823262
  66.66684251  65.12634606  57.75833452  69.75192467  71.93171827
  60.86264807  69.4534353   69.42218156  71.342043    61.65683423
  60.32917724  58.76611281  72.86355687  72.75985642  68.01348705
  62.1976236   66.836818    62.35312014  61.08424185  65.97500763
  61.1857632   67.0371462   54.20841875  53.55460836  72.79418958
  63.5266962   51.22563203  60.5047542   76.36474165  60.21997294
  61.17129555  58.54298769  62.94565639  64.85162125  64.11508003
  68.06667287  73.10098244  62.25777708  72.86268939  65.97552904
  63.05566339  68.25360821  50.78223068  67.43334472  62.17492923
  64.81423513  61.9160459   55.1781746   61.26664702  60.95718991
  59.23828126  59.8853078   66.69036411  67.08635587  66.14076331
  58.32097385  66.36752912  68.53688567  55.56168892  69.62190876
  63.2904933   49.03703632  63.16431959  72.64155526  63.40218466
  64.12874579  65.65383161  64.72778695  68.8079978   64.07929569
  66.94826045  69.78107949  75.77392997  63.63607581  62.90385208
  58.62967896  63.78668776  58.13406199  64.72778695  68.8079978
  64.07929569  66.94826045  69.78107949  75.77392997  63.63607581
  62.90385208  58.62967896  63.78668776  61.08424185  65.97500763]","[ 60.64001227  56.86439047  55.20307194  44.67505055  61.014201
  55.69565661  56.04864864  49.56132899  64.1628188   56.24166727
  58.63220275  57.21755563  52.72202724  55.10390737  53.72869428
  55.87286656  54.84692544  55.49224003  60.37712689  60.93231886
  49.90976242  55.99538331  53.70904416  61.66177077  62.02256096
  56.12942113  56.75546346  59.2531673   55.55636393  57.97365896
  54.63345958  57.78722264  54.60611083  55.64004257  56.3537576
  55.11183368  59.70441031  57.71629023  54.4763845   57.12094986
  58.06074686  51.24940307  60.8718492   54.77257242  54.3492645
  58.81434568  63.23351121  57.72330319  61.40583298  51.45801281
  60.83148372  50.83840786  55.94467906  57.22652565  56.00920266
  61.61777861  48.649034    57.86125722  48.28801784  56.11555746
  55.98916483  55.74232698  57.47616077  56.17677127  55.78575672
  53.70904416  59.17739455  55.64004257  56.3537576   55.11183368
  59.70441031  57.71629023  54.4763845   57.12094986  58.06074686
  51.24940307  58.35702412  51.60653637  55.32849849  56.27278479
  54.60396287  53.35436822  60.05628469  53.24460911  58.14117875
  54.30009273  57.67240151  55.78575672  53.70904416  61.66177077
  62.02256096  56.12942113  56.75546346  59.2531673   55.55636393
  57.97365896  54.63345958  57.78722264  58.81647773  48.98515537]","[ 39.40215139  39.39697562  44.27470609  42.82469967  36.35232843
  43.06935592  40.28840419  44.70579441  38.95878743  44.7416588
  42.44161884  45.75275613  47.47036559  45.41031491  49.20397524
  44.44528124  45.03594118  41.82661748  38.20713905  36.05737897
  43.93174896  38.51799536  42.9967986   36.84462182  37.91954752
  45.76347472  37.57936762  42.69241307  41.99533963  40.95804265
  22.22802971  42.13184403  38.87454229  41.61180058  44.13811373
  34.44549131  43.275936    38.92649639  38.13238865  33.1328064
  43.19938229  42.9332365   42.18357705  42.82469967  36.35232843
  43.06935592  40.28840419  44.70579441  38.95878743  44.7416588
  42.44161884  43.12157998  52.3896293   44.03100141  34.46981454
  34.12756998  43.81407125  39.93249713  44.9462      41.35604286
  42.42868731  27.8283298   40.43752425  46.01866445  41.09737586
  42.04494283  40.53054479  33.46180457  34.26437968  45.29273904
  40.85360978  39.13153131  36.67887413  40.96506403  52.28794559
  40.88620201  37.28550984  48.19087181  46.19605542  46.8260795
  31.57390244  39.89103212  47.29555958  38.69013941  43.29412098
  31.4268111   44.44679624  40.52003268  44.01409191  30.77684388
  35.39749476  38.94503935  28.82020711  36.644909    44.88573477
  46.22859335  49.05847395  33.24689259  43.06447626  35.60983292]"
,,"[ 55.10073318  55.20144406  51.32874343  57.60341716  57.87401594
  52.31697595  52.35252761  54.25501235  57.13625464  59.98514761
  54.4847321   51.28353878  54.82336148  58.28363149  55.04656782
  54.41324026  53.35513588  52.54792759  52.8981842   52.75831504
  56.4095614   49.19513172  51.61124808  56.96574361  54.07226228
  55.97079793  48.80790086  51.95850538  50.94591106  49.51479704
  53.09189372  55.24981545  50.36912669  52.81191426  49.64110598
  54.9599101   58.90767624  54.0301459   56.97922237  54.42858925
  47.31248232  46.33667048  59.25203464  56.39262856  59.98514761
  54.4847321   53.59223439  54.94692213  56.00706628  55.32911127
  56.88586074  61.52614074  52.9313377   57.59953772  55.143393    54.4950958
  53.09446576  52.08106828  54.14536835  51.98168891  58.0717521
  53.34625745  53.54869739  52.16687849  51.66269737  60.10740905
  46.33667048  59.25203464  56.39262856  59.37597086  57.29772779
  52.83298215  54.5647303   47.75542151  52.65936192  51.66819091
  57.70420504  51.00875784  44.71864964  48.90962178  54.0144483
  51.83097456  55.69322357  56.94490697  56.67287234  55.66770274
  49.1161162   53.58570187  54.89236456  55.42451492  50.54598501
  51.48547405  47.66410942  50.83819298  58.85839447  55.18219189
  54.17072375  52.08854171  48.98017136  58.47061667]","[ 71.12486537  66.06038775  61.58490572  72.98725953  74.93039746
  75.07118985  76.64390919  76.40216851  73.04583061  72.35510858
  72.35806965  76.05107889  69.98602953  68.2018891   63.13744859
  76.92171566  74.90448174  78.69832519  67.25816349  70.36059654
  72.2317159   65.90498399  75.03157362  76.21370497  75.73176476
  69.3703908   70.68205569  73.96569889  73.77065569  72.9409548
  76.54790746  68.96947529  66.83171267  76.01998345  71.12486537
  66.06038775  61.58490572  72.98725953  74.93039746  75.07118985
  76.64390919  76.40216851  73.04583061  72.35510858  71.09327566
  74.23202969  76.01998345  71.12486537  66.06038775  61.58490572
  72.98725953  74.93039746  75.07118985  76.64390919  76.40216851
  73.04583061  75.23169354  71.16238067  78.97120524  67.28859424
  67.76156488  72.70793927  70.87572934  73.40074697  68.3877937
  73.24227671  67.4985466   68.49217812  72.02935414  75.23169354
  71.16238067  78.97120524  67.28859424  67.76156488  72.70793927
  70.87572934  73.40074697  68.3877937   65.5491945   65.57518439
  68.3938018   74.25602316  73.33913837  73.96351912  65.13995521
  65.5982452   76.2477876   75.28479562  70.36059654  72.2317159
  65.90498399  74.21638762  75.67352578  74.88844869  64.85221021
  74.41531769  68.87550971  66.33268111  70.26082119  77.3040482 ]","[ 55.99961806  55.30605575  49.15626177  46.94494644  55.65362517
  49.28066543  54.16716081  58.52129613  52.10984201  52.41748066
  61.23946324  54.70927217  53.29039145  52.25117045  51.51565408
  55.56800623  55.43897335  58.53136591  60.26900558  48.92481562
  60.31327663  64.05341693  54.73170013  54.44012576  48.81312333
  55.33234382  56.64712949  53.72855296  54.37428662  47.59549222
  60.92226664  55.82170124  55.20525354  56.37568334  59.3027931
  61.08622769  59.14429273  52.42219204  54.22365663  62.20200179
  56.06640451  50.18458598  54.03137192  49.82056253  53.21808583
  57.43162279  53.45456753  54.85712376  54.8494932   56.16981636
  49.59015961  56.82761694  55.86649155  61.9257789   61.9257789
  46.48518736  49.74870621  52.22083894  52.21780778  59.88793643
  57.36804167  49.85879495  59.00641103  58.14972818  52.00360474
  50.57913398  52.00710204  55.89382038  55.38223119  53.20008591
  56.99088337  59.18695066  54.66808441  52.61026356  48.106163
  56.64878262  54.76665607  56.03959433  53.83938679  52.61189812
  56.83946806  60.16364455  54.92343535  56.00921706  64.71818993
  54.73170013  54.44012576  52.22083894  52.21780778  59.88793643
  57.36804167  49.85879495  59.00641103  58.14972818  52.00360474
  52.61069194  57.23224285  65.46863369  58.66121825  55.80635624]","[ 55.70368442  66.69096119  64.88315793  61.74756202  55.70581063
  63.13362353  57.21957387  68.15757176  45.75805155  69.33869842
  48.97457621  69.0132737   69.0384298   72.8517231   74.21732105
  63.71383291  74.79806997  68.66214167  64.42460143  61.40594133
  65.57333152  70.63622825  69.46338011  66.20305009  72.48356288
  62.88802033  66.46140761  69.83473826  56.76037557  55.33582165
  66.35062999  64.9791646   65.87521819  71.55011344  61.14629108
  71.20067509  68.36288337  65.34717131  53.75898865  70.43527904
  61.41949593  70.82178232  67.55844846  68.48012312  62.74441174
  68.47493175  70.58555235  59.70581215  44.23434798  72.99263859
  59.12501452  58.76410275  61.3385781   67.44444392  67.21850313
  74.79806997  68.66214167  64.42460143  61.40594133  65.57333152
  70.63622825  71.55011344  61.14629108  71.20067509  68.36288337
  69.57621725  58.52351597  52.03557711  63.55979327  68.05809486
  71.7218081   66.32369683  67.89700179  46.97210278  63.97606195
  62.24610994  55.70368442  66.69096119  64.88315793  61.74756202
  55.70581063  63.13362353  57.21957387  68.15757176  45.75805155
  69.33869842  48.97457621  61.16743701  60.40748609  64.82440393
  69.14159234  70.37524134  63.88702476  55.11568414  72.24485086
  69.86135727  72.77411649  60.78353699  70.8805768   64.22958847]","[ 60.60128721  47.29755148  61.92749162  56.82743124  56.02897934
  53.56928696  56.11149207  57.91926485  55.73888007  57.38321752
  52.72957487  52.73047199  55.51486332  43.85978937  63.54161725
  52.5710868   56.32432075  66.55241225  63.69829849  50.14580342
  58.07460341  45.92480174  60.17045483  51.37327258  55.63202945
  58.5973944   59.55110199  59.61502863  51.4030723   65.62731631
  42.37760646  51.00095782  57.35618475  50.91543553  59.37877177
  53.12288283  65.22290501  51.33811592  49.21625047  60.49655618
  56.80131476  63.76450362  27.52783906  59.40046654  64.74777906
  59.78709136  57.16195746  62.06222066  53.08782395  48.75848456
  62.35825546  62.68028419  65.36198797  61.36019801  47.29755148
  61.92749162  56.82743124  56.02897934  53.56928696  56.11149207
  57.91926485  55.73888007  57.38321752  52.72957487  64.18936583
  57.53923319  57.01138254  52.73708953  51.28616115  45.87668783
  47.95349342  56.73798979  36.13426571  57.05827058  55.61150433
  59.47736015  46.11245637  68.38902957  56.15179903  55.20081369
  55.08124655  50.56031444  53.65024553  55.94585532  62.21523672
  50.82171062  55.82483126  61.26806175  37.87570598  61.18549971
  65.5318287   52.99039594  52.96748881  64.39118655  46.11245637
  68.38902957  56.15179903  40.11182644  58.67632089  45.89281025]","[ 71.96340223  79.14606023  65.46656998  61.5447066   65.30527034
  70.86415792  63.9174344   67.46908554  71.32098172  67.01517744
  61.59417559  66.29628576  67.60699293  69.66980194  68.95659703
  58.39607521  49.8872344   62.89782565  63.30207843  59.68383341
  64.4181455   56.84715148  62.49206001  63.09205793  64.56552376
  65.85937088  66.65380869  63.15731284  66.7710127   70.53341111
  68.72663315  68.50439282  67.51160652  65.11659138  64.20127175
  75.18991283  59.58893751  66.87959943  67.23489694  72.7806146
  58.49803373  70.79497971  70.84039284  70.48748095  65.91597978
  58.52307673  64.33426156  74.13147771  59.75231344  67.51696814
  67.92501333  53.92843201  61.98593238  69.24191943  64.75560966
  62.02895517  54.04573079  74.3055661   69.67863627  74.60104734
  71.80117669  71.5907244   72.86545873  65.40727709  66.9573958
  68.48906741  70.18529314  67.21699351  71.73600718  71.66305616
  57.32792595  70.43836135  69.76130196  66.83818795  64.72613822
  65.88731687  69.16437043  75.18991283  59.58893751  66.87959943
  67.23489694  72.7806146   58.49803373  70.79497971  70.84039284
  70.48748095  67.00001783  60.53322711  63.50153865  57.8777974
  70.39645512  66.04457572  65.34485226  72.37816719  58.85701291
  59.1457976   61.56255038  68.73133612  63.30207843  59.68383341]","[ 56.68822684  57.83056299  56.07660855  59.21972366  56.15978704
  54.06466182  55.87746091  61.22728901  54.30360978  58.76442745
  60.05830661  60.50513621  56.87420394  58.32358863  58.31483853
  62.00886473  59.05783702  62.33457774  63.73092581  53.04544489
  54.38220331  52.42997303  59.78930189  55.91840663  55.38997944
  62.26664667  61.63006026  58.81361769  51.9801935   58.50466693
  62.09685302  54.34337117  62.82086092  54.01809032  60.25960402
  63.38263581  57.50283016  52.15167802  57.16488159  57.17290785
  62.85082423  61.4924531   57.23800499  54.35819259  57.82928173
  57.48948812  56.61644679  58.40379686  52.29606265  57.88685774
  56.62510221  63.03146882  59.88744618  55.65919278  56.52386496
  56.54929247  53.15805777  57.84508256  59.42146203  60.5095538
  56.16796857  57.59013769  58.96122669  57.88512949  59.35044133
  59.34914788  62.83483471  59.75245294  57.02370551  63.61611206
  60.70871428  55.39550286  56.49578698  54.25133887  58.8660611
  59.95687913  57.98849271  48.51089985  55.37206501  65.41601413
  60.32787308  56.40311193  60.34280001  56.04447392  57.63267125
  58.98786046  60.36710097  60.05830661  57.98849271  48.51089985
  55.37206501  65.41601413  60.32787308  56.40311193  60.34280001
  56.04447392  57.63267125  58.98786046  59.42146203  60.5095538 ]","[ 54.52257884  48.45151616  47.04556199  43.58624275  39.40530969
  54.76410224  50.30388264  42.71834028  40.92183964  34.44467026
  44.50163997  40.23915188  37.98497002  45.83387413  40.70738376
  47.19740546  44.46720755  39.61737136  41.69319573  46.99719946
  44.43976553  44.70306515  39.60965846  48.17772648  47.02291253
  46.98213818  41.0487275   49.40492484  40.67573744  48.26712608
  37.05502652  37.94474387  33.53219739  39.40530969  54.76410224
  50.30388264  42.71834028  40.92183964  34.44467026  44.50163997
  39.12291414  42.15259701  46.7049059   44.2528866   40.48001022
  51.04990018  38.89177636  44.61704049  39.49187075  38.03790175
  44.37960364  40.16751411  43.20951012  39.45349491  44.27206129
  42.2464325   43.46122481  43.73695729  40.22640681  42.60426458
  40.86067273  50.79428972  44.88798711  43.39914479  45.26796979
  41.9035671   43.76375018  43.93948249  44.72360431  37.62893829
  47.76790556  38.3663016   45.32793174  49.57276077  34.82989497
  44.88002194  43.1250216   47.21875253  46.22522885  45.64156055
  42.26172396  39.13582865  42.96122388  36.40503569  40.76520615
  41.31496959  42.22104938  43.77506985  36.32405946  37.63204962
  42.0994386   49.68609047  46.08043615  45.0394194   42.68831737
  48.17710472  37.84058226  39.89761525  41.41584841  41.54572028]"
,,"[ 53.23981179  53.49905884  53.07502635  55.17669961  49.78445444
  52.80213968  55.770697    53.31269532  49.14132393  54.27607802
  57.11843463  52.65270384  49.14132393  54.27607802  57.11843463
  52.65270384  48.37085404  58.48120905  59.26195309  54.67316207
  55.25523049  55.548438    55.34347844  54.65657881  60.98449191
  52.36013704  58.46170298  49.39526401  55.90285559  50.82843812
  53.95830827  57.33655751  60.14756017  51.42977371  50.58507232
  56.56874408  61.14360366  50.63160909  57.08985172  55.44482683
  55.40646331  52.54651825  52.65066974  54.43282937  57.59276963
  55.57919931  54.13974743  57.90842574  58.6394252   53.75850415
  60.2590505   51.02254754  47.94807959  56.68189111  59.78747466
  53.4526779   60.14756017  51.42977371  55.52305607  56.368932
  62.06443202  50.49345061  60.24980306  61.30598277  54.01690672
  49.574029    60.410394    60.410394    52.61302503  59.04958539
  51.17018983  56.40776491  58.30766943  57.58878587  54.91995696
  55.73746308  50.53669179  56.7819096   56.46334622  57.13086962
  57.79915638  59.92542994  57.89254189  45.76572933  58.25041476
  45.0571265   53.03212094  58.43078815  45.56680505  54.04579067
  57.06965111  57.01628378  55.81387567  59.2204574   53.49481305
  56.42955616  54.78742382  58.38398098  58.35577231  56.64267339]","[ 68.14389905  67.26017706  75.22044435  69.665799    76.52988692
  71.31278903  66.7521245   73.44982188  73.88250957  65.97956887
  73.78248137  68.82033272  73.78178028  71.7249419   69.32458253
  71.48895083  73.26505088  70.26060913  65.82473436  68.832376
  64.95317526  66.87204551  69.24313583  73.41666898  65.9906428
  72.81024328  63.59105809  69.60199274  75.48461901  71.65612823
  68.63281064  69.73520897  71.88200994  73.00656225  72.23991924
  73.96921428  71.76062354  74.99691149  74.09812783  67.83906901
  77.72640729  65.88369185  77.89337754  66.97799877  71.7249419
  69.32458253  71.48895083  73.26505088  70.26060913  65.82473436
  68.832376    64.95317526  66.87204551  74.76088262  66.40460446
  65.75045379  69.35192143  68.17734702  72.56647437  73.4784205
  78.22048562  67.34526852  77.20775236  72.62718128  71.42575777
  74.68044913  78.6451893   73.21931886  64.26561     69.36234655
  72.7450893   68.09310233  76.57692895  70.80870027  72.47148649
  70.19018408  76.66475883  73.41666898  65.9906428   72.81024328
  63.59105809  69.60199274  75.48461901  71.65612823  68.63281064
  69.73520897  71.88200994  70.25760146  65.75045379  65.83322194
  69.24313583  73.41666898  65.9906428   72.81024328  63.59105809
  69.60199274  75.48461901  71.65612823  68.63281064  71.13247191]","[ 51.78601832  56.12543629  60.3086388   53.40477695  62.76779158
  54.0097773   54.94271173  55.69941001  57.25130301  66.3503367
  47.34391444  50.21449481  54.0576357   57.39736556  57.97227051
  56.09035824  59.0725444   57.25636063  54.45659194  60.30686853
  59.67620693  58.4986775   57.09368521  57.2588947   53.68948893
  59.08246236  56.60453711  48.31642276  59.13057483  62.55067275
  50.31151105  56.9215938   52.1191844   64.0281216   64.0281216
  61.12833724  60.26303226  61.33076874  61.98821073  59.00237688
  62.92873675  53.46383617  57.7081756   61.91095758  57.80240408
  60.77233068  52.9282872   53.60092223  57.92879643  58.6264968
  58.66819687  55.75675115  53.88442162  62.31149957  54.0576357
  57.39736556  53.98382554  54.81249371  58.88342312  60.33449694
  58.4283997   56.35825245  54.68281357  53.98809447  56.74444146
  58.15275855  57.68090345  57.75382946  60.01254461  63.53831449
  61.61068613  53.74718411  61.59664442  54.75274433  59.49892617
  61.31193086  58.83651892  57.25976183  56.11998452  54.68991821
  55.18815303  53.28476637  60.31278531  53.79409839  59.03112493
  58.42641148  53.70467796  60.61980557  58.41272594  58.84407921
  55.88403993  58.19974886  57.80547559  60.0613233   50.6923821
  59.03424108  63.53984918  57.69550167  61.33076874  61.98821073]","[ 71.37213824  73.22888435  68.30978983  66.76505364  75.19184268
  60.8144232   74.3357852   63.03756253  63.2056884   64.70932434
  67.50702429  71.63343929  71.58360349  73.43753326  68.25681023
  69.2785532   74.38084388  59.72062219  74.31246897  69.24679346
  80.29003101  69.58249427  63.23966306  70.39429016  74.83926608
  66.83934002  74.77006272  67.430137    73.32839015  67.5690844
  74.12331944  69.17187542  69.7659376   62.07265878  76.3503519
  68.56680118  60.9180168   71.49582221  62.97651319  71.76815067
  72.94014892  66.05816265  62.45041973  60.087348    73.22888435
  68.30978983  66.76505364  75.19184268  60.8144232   74.3357852
  63.03756253  63.2056884   64.70932434  67.50702429  69.61534192
  55.6898765   67.09751757  61.3655955   69.91803659  70.24527972
  67.09914034  62.5585449   68.79974282  71.70939455  75.64199392
  66.79800668  74.77006272  67.430137    73.32839015  67.5690844
  74.12331944  69.17187542  69.7659376   65.40295819  63.04959795
  63.71004183  65.5711429   44.12710823  78.94948579  62.70391991
  63.19868235  67.45582228  54.90764626  69.65177725  59.00977169
  70.18423409  65.27592715  65.40295819  63.04959795  63.71004183
  74.5902137   75.73425988  66.83682937  63.90841435  69.49237941
  71.06542143  75.04889961  69.66534174  67.93740012  59.97273126]","[ 59.75416008  51.30096757  59.47524674  46.58054292  58.11329343
  60.44971048  60.12923334  46.82894268  65.60050156  46.55092016
  61.73487304  54.24388638  52.6253704   51.97398044  44.35194601
  48.29723691  49.53771621  56.09618678  57.78353109  50.73509544
  52.51738432  59.47524674  46.58054292  58.11329343  60.44971048
  60.12923334  46.82894268  65.60050156  46.55092016  60.15730389
  47.93162487  62.31035545  65.67777782  56.62248336  61.73487304
  54.24388638  52.6253704   51.97398044  44.35194601  48.29723691
  49.53771621  56.09618678  46.55092016  60.15730389  47.93162487
  62.31035545  48.67882857  63.67913353  58.24409175  60.43146904
  69.37029832  61.57833395  61.55084533  43.72618165  59.0531896
  59.31295222  51.83164262  66.66575202  54.19462693  48.58336252
  48.10404184  38.06553751  61.27756624  47.92014562  47.26903696
  51.247722    64.09424184  54.58900072  51.3085449   52.72446481
  55.09891432  53.71503762  35.64837214  51.11084295  31.84924144
  57.26774005  54.24353836  55.6332066   48.61428687  45.55805287
  55.47085005  59.62241295  50.70875849  47.73602254  36.55242122
  53.2996698   65.02996117  54.97741736  70.80459217  63.99639596
  53.45932682  66.48754649  53.81826103  53.36201169  57.42789868
  54.45267905  59.27349024  53.10901114  53.95973977  57.69022759]","[ 66.90003131  71.92922048  60.73638113  71.47043528  68.23893616
  60.53857585  63.29031747  62.8224526   68.18164505  63.08320196
  55.1009764   66.97185579  71.06611312  68.37583996  60.28277478
  63.89513221  64.56450906  64.60031462  63.97493428  65.22911122
  62.5522257   61.90047172  71.70942     65.92802904  62.15025349
  65.16505352  65.70360681  74.91004947  67.47563229  70.34513252
  62.14831528  55.22858803  75.760197    61.25575747  59.10450036
  51.18003258  63.89920612  62.87933874  71.02100287  50.86476988
  63.71674309  72.267946    70.90489209  67.7179849   62.42848542
  65.20775472  69.80781885  63.83134736  69.91827054  63.14513888
  69.84194997  61.25575747  59.10450036  51.18003258  63.12290689
  66.97185579  71.06611312  68.37583996  60.28277478  63.89513221
  64.56450906  64.60031462  63.97493428  65.22911122  62.5522257
  64.22288983  69.76188218  61.79069867  66.24349627  73.67127873
  69.34140736  66.4988037   64.21660728  65.55298489  53.89861508
  60.82759449  59.91093342  68.79451877  67.59573234  62.3109617
  66.19306336  67.56528496  70.02597881  65.83813777  73.94096266
  65.11108761  64.38133069  64.80784717  69.01823263  71.89558245
  77.97777146  64.39225359  61.70105179  61.76961902  67.7179849
  62.42848542  65.20775472  69.80781885  66.52654049  64.93490689]","[ 65.03066564  59.92793992  57.15943468  58.33687271  56.15924831
  57.80380936  58.90729423  60.73616265  59.88384818  58.40978462
  58.84047495  56.69254455  61.04475829  57.47624519  57.35773704
  52.37279562  56.88871983  57.89629536  54.68347209  62.24813175
  57.46577013  53.3979796   56.89850521  56.60000955  61.8842283
  57.06380441  58.00796027  58.80553919  59.65920592  63.96451428
  60.07394903  53.11366583  61.80984931  58.56245325  60.57950468
  63.01389078  53.42875726  58.40898625  55.19157088  57.58099094
  54.34008316  56.89297638  57.90491522  59.05431247  60.15121982
  58.40898625  55.19157088  57.58099094  54.34008316  56.89297638
  57.90491522  59.05431247  60.15121982  61.31554422  56.12315199
  47.29514783  57.83615228  52.08214553  56.56737333  58.36093376
  54.32684176  59.65361946  63.94097575  55.98963314  54.80526598
  59.53773894  60.07946694  57.18975221  56.60000955  61.8842283
  57.06380441  58.00796027  58.80553919  59.65920592  63.96451428
  60.07394903  53.11366583  56.96868496  64.52579458  54.79568395
  60.03526875  61.67505331  55.15817315  57.55725511  51.15060637
  57.89554499  62.38302051  56.78989635  61.39049066  60.96542377
  53.02622328  60.71748208  58.82331243  55.77281144  63.04346075
  56.6838459   63.22709932  54.49174554  61.57043009  59.16906187]","[ 33.4618451   43.5982396   41.73799725  34.95591957  46.83951093
  45.63505332  39.40900638  43.1964217   38.15449775  42.39865657
  39.84998564  46.80662117  42.70184662  40.04897397  42.05841153
  46.3021805   36.99378469  36.30319853  41.047858    41.03125404
  45.62023628  43.6552323   45.30943505  44.32264123  34.43555097
  48.04352078  46.37807167  38.66964478  42.59853657  44.91086076
  40.39664056  45.74590714  46.18481111  47.5072645   35.58076383
  43.58952724  47.00608867  45.67272163  44.97828799  41.03256529
  32.78366211  41.83974514  44.06477305  43.51586471  40.18384839
  42.67337147  41.07440181  43.12963848  43.68465869  39.91978521
  35.08375807  37.31593818  39.71091729  39.24631626  45.25851728
  39.92746938  45.97496663  43.34481666  44.93090092  41.23467212
  43.82606364  51.99853533  45.08816156  45.24112043  44.98110457
  37.83942844  45.4537646   47.88187492  40.85379228  47.3423179
  40.03367638  44.011372    46.92748017  43.76711993  43.06346649
  45.30943505  40.43528962  32.41584042  35.80164425  43.12219985
  39.41141443  46.20218045  40.54363278  43.51842172  39.80891967
  34.31012986  34.46526805  52.9595066   41.81622537  44.8596796
  40.0312995   40.18384839  42.67337147  41.07440181  43.12963848
  43.68465869  39.91978521  35.08375807  36.46702557  43.40494908]"
,,"[ 48.3571115   54.17731028  53.89366597  55.74580418  50.20802348
  56.62827153  60.28280194  51.72226341  53.41105811  58.39166886
  47.10431061  59.17983274  57.87258266  56.48439533  59.50774694
  58.48386416  52.6810982   57.51212211  52.24635781  55.49605789
  60.04329368  57.30074912  46.90955042  56.95676705  57.21950635
  52.25521265  56.27807893  53.18458475  53.952698    54.38669469
  43.51896186  49.77979124  52.87528423  57.10911743  54.28435758
  49.88568967  59.53360399  45.1321395   55.97249961  55.40254422
  57.24813167  55.74141226  58.95660995  55.8866482   52.29063037
  58.10835926  59.78690677  51.88834975  59.30268476  54.83736824
  57.3168829   54.98202431  53.16009446  49.50126183  49.34554844
  47.2509493   56.19015574  57.66668013  54.41595619  54.41032953
  50.47195842  53.11268197  55.41016839  46.90955042  56.95676705
  58.1086461   52.47763235  60.62036419  56.44139313  56.95437764
  59.14942185  56.56360026  56.57725706  49.98120169  52.56180417
  58.4825104   57.84942687  51.75665779  59.57623142  60.38161293
  56.21502655  56.24027176  60.56479242  52.25694723  58.49210312
  49.34554844  47.2509493   57.66896361  54.1219467   55.31186196
  55.25486488  57.01646687  60.10769227  62.69199343  55.8866482
  52.29063037  58.10835926  59.78690677  52.65443269  60.95450525]","[ 74.32881557  65.6495781   72.04677169  68.52888707  66.85083056
  67.77589558  73.87796946  74.96407341  67.2141776   65.28117801
  70.14861031  72.47532536  73.09171298  72.60516721  73.40378535
  70.17343142  68.45022086  68.21325645  64.6896487   65.19667965
  71.24551529  71.18215287  73.68168853  67.57354267  75.82195225
  67.3180605   71.40045733  71.92897238  57.8089773   73.46566572
  72.92957619  66.68045297  70.96474181  73.92379977  67.2543608
  68.41913609  71.97572862  70.12304026  70.00238534  73.64466188
  70.21596266  69.7290671   62.49910808  70.5171541   71.58330229
  73.92379977  67.2543608   68.41913609  71.97572862  70.12304026
  70.00238534  73.64466188  70.21596266  69.7290671   62.49910808
  72.22566888  69.47327054  77.69841889  72.70645756  71.54987709
  68.4549524   67.55400029  73.07140888  68.1670512   71.35582454
  64.89364088  74.39526826  70.69952518  71.58330229  73.92379977
  67.2543608   68.41913609  71.97572862  70.12304026  70.00238534
  73.64466188  70.21596266  73.20037405  71.49596275  77.80889606
  62.73581331  73.50887566  73.74866851  76.62135732  64.94896532
  68.67259338  74.32881557  65.6495781   72.04677169  74.2126735
  69.42866322  71.60985543  64.31912095  70.96435288  69.80086851
  71.09318888  63.1035495   73.29629192  69.60514896  73.68168853]","[ 57.74345958  60.12692661  61.9044671   56.57261253  59.02778102
  57.0500271   58.76223601  55.23305516  60.73928818  60.58222605
  55.70248879  52.21486111  65.00896612  58.40580428  50.65332212
  55.90846045  56.79165122  61.57664466  59.04996323  60.53676804
  58.45966758  60.68433897  60.04316048  58.7358125   59.52138839
  61.45163325  61.47682174  64.08821769  60.44815778  57.93569295
  59.90201994  57.27721494  59.57879492  57.08373987  50.42363962
  49.95901466  60.04316048  58.7358125   59.52138839  61.45163325
  61.47682174  64.08821769  60.44815778  57.93569295  60.68433897
  57.73819817  62.78432606  52.91292741  56.29548879  64.66586827
  58.3912411   62.86828955  54.13059738  52.69643544  58.63935335
  54.50093136  54.35487685  65.0503215   61.19199489  58.05563358
  54.89710927  50.48560692  64.78732308  51.99400208  57.74345958
  60.12692661  61.9044671   56.20011809  59.46691484  59.30509686
  50.90590704  56.45919816  57.41119324  61.20982715  54.56244018
  55.88346227  59.18534978  57.08715488  59.29801126  56.53002104
  60.31054742  56.11443591  58.75604927  46.9468424   53.59163283
  56.49519938  60.15980566  60.22593312  50.85455958  55.74607194
  50.70451532  61.46814131  63.38216386  62.62741498  54.85846984
  50.5857167   55.82880052  59.85842806  59.94111826  51.86295429]","[ 60.38392717  55.84683739  63.92774336  64.45746757  76.3619008
  66.13972584  70.91023246  59.86705031  69.6847703   67.88963913
  71.69453117  66.54365756  56.11714489  58.09154922  72.0548955
  72.08387296  71.94906713  74.25373724  67.99220715  75.74067541
  70.20762091  79.68007791  69.2898712   61.25332089  57.96938823
  67.96525127  49.15737825  69.3091418   75.6532353   67.51544524
  59.16281502  73.13268871  52.74515535  68.20098278  70.08506546
  69.37242593  70.34138083  56.27800278  70.67457553  66.41405264
  71.39702934  64.66359321  70.2319967   61.7937811   66.30938827
  66.46736181  58.47344742  67.81986697  71.93876569  70.32697802
  68.44726722  74.46424872  69.29202486  64.92733637  73.55641793
  50.28199146  67.76786424  66.97662702  56.02621262  64.91183213
  65.09428043  80.27016208  61.94759882  72.32640741  60.93852371
  72.39856449  69.64747663  79.21453702  75.25550569  49.11827801
  64.05957085  67.56954239  70.7727699   54.94299087  59.55626108
  59.46116714  75.25550569  49.11827801  64.05957085  67.56954239
  70.7727699   54.94299087  59.55626108  59.46116714  73.55641793
  50.28199146  67.76786424  79.30870413  52.74515535  68.20098278
  70.08506546  69.37242593  70.34138083  56.27800278  70.67457553
  66.41405264  71.39702934  64.66359321  69.73008926  68.37219151]","[ 67.00823341  61.9365667   49.49410819  59.56160088  52.77516138
  47.82795721  49.19988988  57.905042    50.33820806  60.08799332
  60.70898589  47.16297101  55.33548227  46.89855617  68.22831955
  61.08615763  60.07324267  30.59672048  59.6468519   64.10168308
  65.56547775  64.11641357  60.36130382  56.67150153  56.41685374
  67.45008018  43.09360403  63.32979401  55.54487027  50.35153589
  63.0439648   52.62555333  58.44924374  56.98688961  56.67252204
  56.92546341  64.4208045   63.83295092  64.5484346   50.91969222
  53.90370502  61.45782889  62.13656094  68.21471699  58.99940229
  54.67018118  45.86169568  51.05227431  55.4589499   66.6465824
  53.46456089  64.30548403  42.18140549  48.49437497  47.84146139
  60.82489156  48.80620908  57.14319574  68.95523485  59.39600695
  59.27997171  52.69148841  48.55890917  59.97943502  60.21286196
  59.91653321  52.670621    59.45988265  61.09138799  51.3436566
  53.75339889  57.26809998  58.30091269  46.33605743  49.11444836
  49.56544809  53.46456089  64.30548403  42.18140549  48.49437497
  59.57945098  51.2284353   60.81085347  52.45515252  59.84768036
  56.53913877  54.43835408  52.77516138  47.82795721  49.19988988
  57.905042    50.33820806  60.08799332  54.73247994  58.0766992
  61.0137429   61.70920972  58.03021679  63.16780616  58.48945481]","[ 67.94249446  63.88617748  61.23890645  69.63523633  74.28585854
  75.5779577   69.11664937  69.65012896  66.17953297  67.40570576
  68.45955105  73.24854427  69.82332229  73.38034091  75.2304971
  65.5190876   66.0663357   72.34320497  71.17774904  61.72237105
  73.35516566  68.76855628  68.4978374   70.05877294  78.06805308
  64.94280473  57.35260506  73.06862826  68.42066321  72.14946827
  63.71979116  73.3349459   79.50682389  68.35997879  64.53272345
  73.33160946  73.50540915  67.5569912   54.45618653  66.52426982
  72.54529017  66.03103895  70.51798415  72.89402168  70.62337606
  72.21743602  72.32525403  70.11809998  67.20557144  66.72916211
  66.34571118  69.12475536  68.61875602  66.37121046  71.46620621
  63.31076989  54.86078921  65.90066298  63.66190212  71.21308501
  71.28071048  71.6650538   70.11470081  71.24106064  78.153777
  67.77026068  66.55577276  71.97107078  69.82464665  70.2418715
  74.61669363  70.72259529  70.1882643   63.80782221  58.36878641
  70.06432406  68.87340916  73.62408886  61.71030492  69.51624856
  64.26908271  64.02388613  66.67023584  73.88138978  64.30885944
  67.62860206  73.28798811  64.53272345  73.33160946  73.50540915
  67.5569912   54.45618653  66.52426982  72.54529017  66.03103895
  70.51798415  72.89402168  69.84610898  73.88138978  64.30885944]","[ 55.14972568  63.39359495  56.10521536  59.11470777  52.38485381
  55.66386603  59.39120866  52.48953896  66.00695232  57.47625986
  52.90313398  60.58039443  63.72654701  58.50883451  55.13612985
  59.00138799  57.51351675  54.97465066  59.67003488  52.98932109
  59.3327139   60.07786381  61.57648088  56.43322767  55.35426171
  54.37672813  56.85113847  58.60324939  54.59791439  65.12068001
  62.40688259  59.09084103  51.31881102  59.11470777  52.38485381
  55.66386603  59.39120866  52.48953896  66.00695232  57.47625986
  52.90313398  55.40194124  54.87215224  63.04411616  52.23772058
  54.75312381  63.44111449  61.53916268  52.01754214  59.98002125
  55.57132086  55.60392368  46.56517835  56.08635275  59.12783417
  52.62894492  50.16445398  63.45458873  57.20229111  52.86287003
  56.5762038   56.96690758  61.2301131   53.8509787   63.73117358
  51.40242219  55.95770459  56.63610771  58.98631349  58.96252375
  56.14137589  59.14598296  60.97449971  57.07364464  61.47375929
  59.79842764  60.58039443  52.63708441  54.89034159  60.22504155
  56.09505908  54.14673572  56.2544559   57.47467358  63.02048554
  58.00779994  60.86616549  59.07022658  60.70994094  61.43653367
  54.67652766  59.18850233  53.38219734  55.95126815  52.84585389
  57.97329775  55.71877413  59.31537403  56.77868943  60.68906619]","[ 39.44931748  38.53993289  45.53558226  37.12801635  41.24675178
  42.08570244  52.00163431  44.31329373  47.37165782  45.15595221
  50.01354877  37.38578456  45.6281826   38.35650086  36.70620022
  43.25524391  44.76626102  41.56753875  44.80850821  41.22570716
  43.98330396  40.71446036  39.81315355  50.49663586  44.18190204
  41.00847278  47.21372194  37.19454345  38.28479571  43.11158344
  45.99128065  44.3472207   37.38578456  42.8871097   28.35891531
  45.23735034  50.32814783  42.93536134  43.86237219  45.56316015
  44.15620708  39.92714738  39.46234705  39.40360444  31.95507534
  38.92579212  38.42320816  46.69097968  41.24322986  38.92679744
  41.74420803  42.25231959  47.84557243  41.50941154  45.11869318
  41.24675178  42.08570244  52.00163431  44.31329373  47.37165782
  45.15595221  50.01354877  42.82856918  40.70531231  44.88695317
  48.4836384   45.47900905  43.59581321  41.80742645  41.85356852
  36.50099587  45.32097219  35.72532696  37.61126831  42.0898009
  43.34049379  36.48444919  40.43041728  44.5700398   33.46732265
  40.75824523  39.90017784  37.42965577  43.52109656  38.435492
  40.09737904  38.0798169   42.45520781  47.37833894  43.39527121
  37.73116764  47.42151042  41.12077806  41.16988593  40.89898349
  39.46628022  46.65900455  48.57307162  39.97751475  39.95597159]"
,,"[ 53.28035382  55.17106537  54.77309062  50.78977657  56.97741144
  57.18134152  56.80395743  57.54509273  59.17120485  56.53660617
  56.76284019  48.32229149  58.49270254  59.1248747   45.95628367
  55.12614729  54.99545415  57.60111812  45.4627734   58.89724059
  56.05679556  56.94541099  50.03181897  60.27115948  55.03462571
  40.6150632   58.84754488  51.73878162  56.78121944  51.08417874
  49.55873298  52.07259875  55.76167227  55.44077015  52.6033761
  54.89863324  54.85984898  59.41931411  58.03493345  58.18606412
  59.99144039  54.62780623  52.90635472  59.0956636   47.34728712
  54.59240395  57.85906845  53.12424092  60.25018279  56.4521089
  47.24340954  54.63993101  52.97546546  58.14098439  54.41570893
  58.22592839  51.42010476  57.94361542  54.57221362  57.65223037
  59.65237318  53.17932082  54.56353369  51.56450809  56.37450333
  37.34151737  48.46277531  60.53935853  62.35512869  53.95482533
  49.52274064  58.72080467  57.76081676  60.34952014  55.74150585
  60.78497443  54.97968087  43.86299071  59.99144039  54.62780623
  52.90635472  59.0956636   47.34728712  55.22110516  52.3402915
  52.76115506  50.30254726  55.66756204  58.18063218  48.00044219
  57.00000966  58.43105436  47.88236203  58.1746267   57.55630296
  56.85314791  57.36002545  54.63508658  56.06255573  56.53660617]","[ 66.50891208  66.42180725  64.63173503  70.13685433  67.53181725
  73.90530795  62.77049298  70.75435816  70.43965121  53.87939249
  68.65160915  62.26484096  70.51401381  71.47763402  65.47511933
  66.29085053  65.63245931  65.88271834  70.16974621  65.25768024
  64.08800204  71.95780538  69.62241132  60.70849148  64.51077755
  60.18710327  63.23610069  66.71848244  62.15313996  65.92340878
  66.95541557  68.9460066   66.50891208  63.64225991  70.7521606
  63.15382741  70.31967344  73.95221185  63.82285852  70.65023828
  63.06304329  66.0139445   62.78006441  71.17598399  61.73879701
  65.48168369  66.60734151  65.26831909  72.25808423  68.77560685
  69.81701542  69.49896253  67.71153586  61.51455637  70.51401381
  71.47763402  65.47511933  66.29085053  65.63245931  65.88271834
  70.16974621  65.25768024  64.08800204  71.95780538  65.5128746
  66.93898989  66.6629027   61.14141082  69.62241132  60.70849148
  64.51077755  60.18710327  63.23610069  66.71848244  62.15313996
  65.92340878  67.00048371  68.32639564  63.23834898  62.04729224
  67.73920715  66.964966    65.55537626  64.49246376  67.46560008
  59.41213587  63.13874862  69.62241132  60.70849148  64.51077755
  60.18710327  63.23610069  66.71848244  62.15313996  65.92340878
  66.95541557  68.9460066   66.50891208  65.45444894  72.51120038]","[ 57.21686816  55.32078335  56.35514871  61.87688693  55.54814138
  56.87768414  51.24332898  56.88759325  51.06168592  56.33722062
  49.55388151  57.06185407  56.57669944  62.90592148  54.65915601
  50.65311085  54.85797329  51.50485568  55.99280604  57.95194419
  55.682166    60.62579441  56.2305936   60.97627206  59.03322795
  55.6144867   58.17655493  57.12301584  59.57513916  50.70867826
  58.70078601  53.63119252  52.84269037  63.08451279  51.07842458
  58.44946327  54.33506819  52.51944676  59.44356477  60.22546149
  53.03964765  50.15993267  59.42242402  56.2305936   61.99390895
  58.59944997  59.26577863  59.05427989  52.30924693  52.3362503
  56.02147862  56.84295694  58.65165356  61.7212137   55.40828185
  59.51648979  62.50669975  61.42483563  56.73300173  59.10993906
  58.00673276  55.10308539  53.98407707  65.35019621  62.45051554
  59.26577863  59.05427989  52.30924693  52.3362503   56.02147862
  56.84295694  58.65165356  61.7212137   53.38486258  56.18242305
  55.7757511   57.95194419  55.682166    60.62579441  56.94980628
  57.20125728  56.10500869  54.09316857  60.73411529  60.78164071
  62.58947661  54.57561809  63.01473131  60.36927518  57.68660741
  55.51877546  55.43380839  50.60844683  57.3478212   57.42043186
  59.86497119  54.87339913  62.22148061  56.89904412  60.10739361]",,"[ 61.72391035  56.28869771  49.56621399  59.5153822   51.80910535
  48.76695113  51.42237974  57.22892601  53.75090908  52.94103319
  60.21203969  56.46961965  57.75607864  60.87985163  63.64460687
  54.21920625  69.92749297  55.35568446  52.3419937   51.51362939
  61.72391035  56.28869771  59.44274036  62.28206138  48.18625644
  63.81954088  63.86431104  54.24573122  58.37188136  52.9955431
  54.01469948  59.59911675  54.83059843  60.79169071  41.4067597
  48.52928855  46.41519963  51.71052175  60.25491518  64.36197539
  50.44510701  49.71101004  59.34009309  56.78278955  52.77313014
  65.21990052  51.12024097  62.14798653  51.97634688  59.27015547
  67.25273844  51.26871221  54.94462548  50.74851112  57.20174712
  51.48374267  62.86682234  55.38931158  52.50866181  71.40190562
  65.7914264   59.52268823  44.78602038  61.85605885  61.05762019
  56.66212346  55.43510434  53.55403505  58.30958435  52.86965294
  43.85678734  59.5486332   58.7941211   56.10944067  53.89553377
  53.71233617  64.46801187  54.24573122  58.37188136  52.9955431
  54.01469948  59.59911675  54.83059843  50.25341744  62.37418747
  50.37497931  40.39685333  67.34231592  50.85141418  59.81434838
  48.557931    48.12222177  53.11283772  63.7377776   59.62199388
  42.39691792  43.50372501  56.39204071  63.64460687  54.21920625]","[ 68.7267735   66.90132403  71.39628293  70.64119053  71.85351552
  59.17427851  56.63603747  58.40883801  63.68743747  74.81368874
  66.64649699  69.01511545  65.98839699  73.585178    69.18523162
  57.15584551  71.98996719  69.75201453  71.38319542  66.85093486
  74.17176285  72.42001858  70.82586528  72.23178699  69.67216756
  68.93354137  77.33805057  69.05585385  72.52742065  61.2252045
  68.4801416   71.71395881  68.213738    65.29434045  72.98056303
  72.83081811  65.68523536  67.17328721  70.70715273  69.63434357
  69.40619896  68.28500786  62.98084898  61.00885345  70.64119053
  71.85351552  59.17427851  56.63603747  58.40883801  63.68743747
  74.81368874  66.64649699  74.90886308  67.80090549  67.1348595
  71.14502487  68.12631285  73.76297     70.91636841  65.22263673
  62.2687583   68.29137845  62.72190487  73.93229412  61.95684689
  66.66323066  68.19083772  68.1882152   62.56984484  64.25928819
  66.87537183  67.70242296  67.02940877  73.70328386  69.65227864
  65.53349404  67.02940877  73.70328386  69.65227864  65.53349404
  69.73384607  69.51212597  66.16701603  69.0407118   68.11851763
  70.24351533  52.4060519   66.17787943  73.85353831  61.56147851
  69.63679001  71.63004238  65.25833942  66.23205522  74.13451886
  71.4509216   70.95722606  64.1601778   69.0407118   68.11851763]","[ 52.56414288  60.98567466  51.03625448  52.81798122  60.18064207
  51.31147629  50.20350731  61.03803004  50.03789376  56.66433318
  52.51005738  55.74206491  62.14598253  58.21768416  55.19311875
  48.70628765  52.12860116  57.13903355  59.91237526  54.4153174
  55.04669075  51.16448433  53.15596507  55.69367052  63.30247102
  55.27707132  53.05434586  50.94973763  53.27825972  59.67021071
  57.83136427  56.09038902  53.98375224  53.39592584  48.26759003
  57.09306864  61.75498879  58.38351865  56.69602847  59.3188884
  57.76711649  45.22745196  61.06349398  57.72773994  51.2491859
  53.21009261  53.88949133  56.33258817  58.67872052  56.22954489
  52.89100679  51.54498688  52.52716283  50.62188954  52.73571294
  49.11380069  53.81548018  52.29147402  54.74745343  48.69281946
  55.05587566  52.49562491  58.53247954  58.28623301  59.59678131
  50.0741889   51.64202852  52.67115142  52.5093028   57.89208584
  61.38803415  56.93112842  56.11147669  60.72486733  64.5168775
  53.01144061  56.82061018  50.0741889   44.52670521  49.96276686
  52.56414288  60.98567466  51.03625448  52.81798122  60.18064207
  51.31147629  50.20350731  58.38351865  56.69602847  59.3188884
  57.76711649  45.22745196  61.06349398  57.72773994  61.52069975
  55.55651476  52.16889319  59.47279419  61.40999979  56.5989626 ]",
,,"[ 53.50698181  51.16847337  49.11472369  55.29842422  46.22246141
  55.68876094  56.10086186  47.08792715  49.95199214  53.99389918
  54.29659963  55.90018847  39.34617039  59.40615274  54.23362667
  52.6086142   54.71625157  46.22556146  57.59417436  53.92769928  53.25541
  50.81601338  56.83285234  55.60496281  50.21800423  52.67395099
  59.18132236  51.55155025  59.30138853  55.91759741  46.31322736
  56.04500398  56.39349058  48.32185537  53.07496662  52.84971273
  59.91191437  50.81601338  56.83285234  55.60496281  50.21800423
  52.67395099  59.18132236  51.12969141  59.62296038  52.23369067
  57.03966974  57.72346959  51.14690736  51.26908581  55.76980559
  54.59201756  59.49929354  44.95133298  53.05868233  51.4134998
  56.20895107  59.31604052  55.88645958  54.15078139  57.47971681
  55.28918581  54.54293111  54.95822521  53.53183571  52.35375998
  48.5332722   56.75792243  60.57951803  47.95907101  50.00078155
  51.20834485  45.43627339  52.53747004  58.86510971  49.15225196
  54.59201756  59.49929354  44.95133298  53.85879296  53.03060959
  51.91675303  55.48414222  54.83146594  53.05868233  51.4134998
  56.20895107  54.73673419  52.18434345  51.34488237  60.54996026
  44.92136082  50.35283134  54.77842389  53.85674324  50.25643358
  43.02350104  54.18634018  53.80542119  50.00594175]","[ 67.90770796  62.72803686  67.05489321  70.35894239  62.86019605
  68.79411454  70.44315789  66.97564927  63.88404633  65.75979466
  68.06192851  70.68814228  70.40614114  63.70311706  69.60759092
  69.11429597  73.70634217  67.29010717  64.24405171  69.76162637
  68.96606876  70.71272221  55.29669839  69.50129706  68.12255605
  65.15849411  67.76749702  71.48310318  62.16344004  63.39411192
  64.75795141  62.58664675  70.21892978  61.61832322  72.91403878
  70.0465354   72.29974479  62.0187143   70.12436205  70.13282051
  62.20261038  70.9079032   66.18236043  73.54175531  63.64977744
  71.95654801  70.71272221  55.29669839  69.50129706  68.12255605
  65.15849411  67.76749702  71.48310318  62.16344004  63.39411192
  66.0260151   60.39450289  69.20904572  68.64270079  70.9712682
  70.86271789  65.72547035  64.28735184  53.68047237  65.64525037
  64.63372474  62.0187143   70.12436205  70.13282051  62.20261038
  70.9079032   66.18236043  73.54175531  65.73659888  67.52392449
  70.11801499  70.71272221  55.29669839  69.50129706  68.12255605
  65.15849411  67.76749702  71.48310318  62.16344004  63.39411192
  64.75795141  62.58664675  64.26480113  62.55624034  65.88325099
  68.4192306   70.09611542  72.76871403  75.70667892  65.9699664
  72.39594629  67.95991155  67.55902619  68.22250545  66.0260151 ]","[ 56.15160542  60.42895298  63.02440858  60.32274373  62.40450982
  66.28252193  57.91147724  62.92988624  52.29244352  50.93472415
  65.95576681  58.90451652  56.76872868  48.86744298  59.2890553
  53.11157603  53.59410615  58.41259282  64.43419212  58.42930414
  63.16167956  52.65974482  57.32288319  61.6749352   58.42016373
  59.13181853  61.13886703  58.71670419  57.18194778  52.83620258
  55.83664878  60.91343871  52.54621646  55.17161974  56.79507622
  57.32288319  61.6749352   58.42016373  59.13181853  61.13886703
  58.71670419  57.18194778  52.83620258  55.83664878  61.57552452
  66.42807285  50.11023507  59.95854544  51.99157229  58.21421712
  61.19488238  58.14336248  56.7529368   58.19083899  59.52896833
  52.65974482  54.50511641  46.90535236  55.61956385  57.90920518
  59.03111887  56.00835595  53.68224945  55.91147952  57.21182755
  55.17161974  60.52512106  63.42412857  60.07846308  51.31937262
  64.03507196  57.88029182  66.46401869  56.94893137  53.21822185
  53.74174206  62.6619501   56.02535593  58.05849     68.34905814
  53.12604173  57.91965829  53.29157049  59.54739053  58.66653054
  57.0395035   57.66454799  58.3227539   50.94098636  55.43348753
  57.79021792  57.85089698  51.89945227  50.34165713  55.69717892
  53.4491176   59.04511225  48.61465787  65.95576681  61.26441625]",,"[ 50.27324449  45.10457277  42.1310666   55.74918165  57.26510693
  50.81744252  57.60719001  50.47373814  50.70623982  65.94387166
  62.04194769  60.8619939   63.34029515  50.58537567  65.92637679
  56.64344451  67.81080034  52.74825211  65.41835614  65.07710404
  54.64672153  60.13125475  49.70250577  56.42946611  54.75357115
  59.83226116  47.52463238  56.01454068  57.17535146  67.19226426
  58.99444288  56.9947209   63.77857753  59.34973838  62.11542829
  59.51576338  57.45697901  53.21544338  54.87005269  57.52841771
  59.87821186  51.71454382  63.18396494  38.21071251  60.60652077
  53.17524489  59.99164604  54.62244726  46.64533272  66.42113105
  53.67647628  61.78689243  50.8204102   53.95177758  57.93044283
  58.79391351  52.13092267  59.07106801  55.06715694  47.88235698
  50.27324449  45.10457277  42.1310666   55.74918165  57.26510693
  50.81744252  57.58918828  41.82542304  62.85202377  63.35781747
  59.34973838  62.11542829  59.51576338  57.45697901  53.21544338
  54.87005269  57.52841771  57.06893242  58.79391351  52.13092267
  59.07106801  55.06715694  47.88235698  50.27324449  45.10457277
  42.1310666   55.74918165  57.26510693  63.26407024  49.31193114
  48.82822405  50.25336033  52.46737302  49.26356854  54.04870177
  47.37483988  63.03562493  49.71870733  57.73885221  55.65511645]","[ 68.47104773  69.50299531  62.37782714  61.33676836  66.98820045
  67.89690044  65.59685174  59.03701619  61.96303973  66.45723515
  61.50297893  66.40252548  67.60572719  64.00107502  71.39455337
  69.16946381  65.53981821  74.36890625  68.84698873  67.46986396
  72.21656978  66.27673963  73.87251555  69.29168749  72.03716488
  70.31091163  74.27999063  63.06731687  69.84938014  61.54885515
  70.2897628   71.58694874  73.31653729  66.81826728  61.33984984
  64.28731403  66.41419654  63.92118114  72.61629654  69.66076012
  69.68263025  68.9280647   73.84044832  70.04976106  61.43436629
  72.43025569  73.03257908  70.47609545  68.55481479  71.226502
  72.79244546  72.32473383  78.52157101  65.41411283  70.28843244
  75.15537574  70.92480017  62.32480355  70.53776806  70.01426086
  73.34345954  74.5780619   67.01143393  68.99141889  63.66033557
  66.79667103  57.8276846   61.38841265  65.86173632  68.1609141
  74.30763813  61.43436629  72.43025569  73.03257908  70.47609545
  68.55481479  62.32480355  70.53776806  70.01426086  73.34345954
  74.5780619   67.01143393  68.99141889  63.66033557  66.79667103
  61.49781307  72.50616729  71.7766971   64.41069193  69.95270477
  68.5410351   72.39962165  61.74120597  56.68928114  67.79721942
  71.29374371  61.07406412  65.48996504  69.95913629  70.5994109 ]","[ 56.5077655   60.08810446  58.81766788  58.98702823  64.0452674
  53.85130702  53.04028153  59.86449222  51.92227719  59.75995687
  64.26020139  57.27534855  60.23869871  59.68315828  61.86021293
  54.32162137  46.05136396  51.8004544   55.17985723  63.29054195
  56.38878862  60.40444188  58.05178186  52.83097877  63.01696148
  55.39643324  56.41948424  58.49883964  59.44573     56.5077655
  60.08810446  58.81766788  58.98702823  53.85130702  53.04028153
  59.86449222  51.92227719  59.75995687  64.26020139  62.40701594
  59.04802492  60.04269554  55.35044393  52.79111055  61.40577121
  56.83144807  59.18481965  63.88910057  58.89878196  54.46109344
  58.78279732  54.80634528  52.94126939  63.00084789  56.27966063
  51.41395658  54.18926971  56.95700112  60.72590185  59.666247
  63.12882104  53.7732263   61.05932659  60.67686585  64.2674534
  58.29238079  60.80245425  55.8617756   51.73053504  52.18131588
  57.28257013  58.5757018   60.65498411  58.09159926  55.60434556
  58.16998557  62.13336117  59.02222598  57.26567224  57.38655507
  57.83318882  61.40577121  56.83144807  59.18481965  63.88910057
  58.89878196  54.46109344  58.78279732  50.74628027  54.00364725
  59.05758222  53.81722129  56.57129736  61.12435911  62.6195855
  65.13287497  60.97048561  55.79390546  52.26577209  59.82204082]",
,,"[ 53.65911026  53.73215172  55.986363    48.96400839  56.17392208
  53.11553478  48.78109213  53.58521458  53.80292633  54.00908484
  50.87479918  53.13581555  36.6792438   51.12251882  46.43546141
  52.31647856  47.98968793  54.54855604  53.00608008  56.03279069
  55.15884269  47.751539    48.7720846   52.74086547  56.42254272
  54.36361604  49.53622581  52.64187897  53.11932932  53.98693709
  48.84417073  54.98684346  55.55697511  48.64535338  51.28064546
  61.07669366  52.3224392   52.65730755  50.13775374  53.2549939
  58.10918107  54.48775897  50.74922831  50.1735357   50.17484876
  59.18515939  54.70850058  48.03238959  51.82971547  55.79566884
  50.82897885  51.98493704  49.95922349  54.77279663  55.22137472
  50.2847517   57.30030606  51.72369631  51.65898337  52.34961907
  49.5365066   52.10249154  56.10439172  50.42678326  53.37489283
  49.86815723  55.08721288  54.32689112  54.02025121  52.7905496
  50.58964168  53.32506812  53.04093026  50.28896909  52.49742709
  49.98962935  52.21815618  59.10519971  49.71891469  55.0212863
  50.06639618  56.37791109  51.41260757  51.71663272  49.8799292
  50.9327842   50.60529457  56.30207479  53.2549939   58.10918107
  54.48775897  50.74922831  50.1735357   51.49935849  55.68178096
  48.81361835  51.30997599  53.65911026  51.41260757  51.71663272]","[ 71.9210676   71.50349099  65.92334986  66.36760313  67.34879753
  70.17226054  72.86743234  67.82410483  65.16232324  74.22716123
  70.13766975  67.30549239  68.93558211  69.2819122   71.41837341
  70.64777596  73.65961364  63.43808672  73.961014    68.55545085
  67.89324561  67.71780321  70.08407858  66.47928438  71.38034625
  71.7976106   66.07237275  70.06728055  60.04139652  66.46887218
  65.57803533  67.82460709  71.78689948  71.41991429  67.89480941
  71.97334753  72.00315094  72.03791782  68.45911544  76.43268918
  72.78267045  70.97401853  72.78816733  73.70125342  72.67407424
  71.93020666  68.46309639  69.90567765  56.19301748  68.10751653
  64.42247439  70.93729921  73.40778221  68.75651371  65.57086746
  66.47928438  71.38034625  71.7976106   66.07237275  70.06728055
  60.04139652  66.46887218  65.57803533  67.82460709  71.78689948
  70.04893606  71.97334753  72.00315094  72.03791782  68.45911544
  76.43268918  72.78267045  70.97401853  72.78816733  73.70125342
  66.90817338  71.9210676   69.39356734  66.37647725  66.60989849
  70.7175702   70.1489222   62.90449967  68.25076301  64.70718529
  68.77093297  68.49831661  73.65961364  63.43808672  73.961014
  68.55545085  67.89324561  67.71780321  66.99820685  66.90075403
  64.56898068  71.01276815  74.34187289  71.97334753  72.00315094]","[ 60.44783923  59.8518643   58.73730846  64.35943974  61.71120233
  60.57676104  55.86924407  59.30668186  59.2486743   52.54803457
  58.08623988  55.3862153   54.06534695  58.35576636  60.44783923
  59.8518643   58.73730846  64.35943974  61.71120233  60.57676104
  55.86924407  59.30668186  57.61797475  54.88402253  52.44779695
  59.36565558  57.11709983  69.94161746  56.69981881  62.49325227
  56.87027668  60.74032121  60.06440429  62.33617867  59.60758681
  66.11913695  57.61829453  57.77188338  63.83613977  54.86357477
  55.3862153   54.06534695  58.35576636  60.44783923  54.11110968
  64.46981617  55.2660753   56.00937544  64.15990506  56.56546626
  52.67217419  58.99250961  57.19405903  56.03103364  59.56658854
  58.53517481  58.55104897  63.64035599  55.17175675  53.98974289
  54.69382858  53.9838496   61.93143652  56.28162067  54.99984842
  56.63201032  55.81767045  10.42456371  58.24507675  59.63841641
  55.79221929  61.95450542  56.10939755  64.37866246  58.35857496
  60.64414593  55.19977665  65.07417641  64.3591426   60.31823756
  59.41093842  52.03719165  59.94933898  52.20116748  57.54739861
  60.21538085  62.67831001  54.99984842  56.63201032  53.11566505
  58.98845497  58.2608181   56.91063951  63.16809576  59.58796802
  48.56706013  68.33264294  54.57056256  56.73576314  62.73881267]",,"[ 61.93277083  47.4300159   44.9776754   58.31565131  50.45647472
  51.54108262  46.29671968  62.40098552  60.69538532  60.55511132
  59.36592499  56.89742182  58.50379677  58.20908097  70.47429445
  47.5473871   60.0711572   50.73411886  58.31427373  62.59634655
  59.99161771  50.58353344  58.8423437   54.1152775   59.77382666
  41.26742196  49.21057375  53.2501163   43.89565379  55.29869922
  53.24582137  60.67692867  60.8316122   63.66542207  67.6182721
  62.73785235  52.28711736  66.25914228  53.68006164  54.56180024
  54.43190912  51.10322628  58.16421677  51.90250804  54.15135401
  61.53491559  70.18578671  54.47874915  46.60655969  55.08391263
  51.96111862  62.08849184  54.71123097  61.92351522  47.72554158
  62.98008345  40.17236548  53.51215336  66.5101355   60.89507661
  54.18334131  51.55489373  58.25228599  62.62921719  57.15461478
  46.91126579  52.48463976  59.41495762  48.37602193  63.99654172
  41.55346493  67.32693903  66.32313289  49.02354255  63.17828293
  61.30612583  55.36616452  70.18578671  54.47874915  46.60655969
  55.08391263  51.96111862  62.08849184  54.71123097  61.92351522
  47.72554158  53.6105678   50.06547221  49.61896032  47.01380663
  61.70621723  58.94718133  56.89742182  58.50379677  58.20908097
  70.47429445  47.5473871   60.0711572   67.37875939  49.61896032]","[ 72.04253025  68.94789059  72.79014104  73.92771966  72.97244918
  72.24491944  71.3814439   67.91569394  74.41904495  68.59281803
  71.84422289  66.75905289  65.24702536  71.02252079  68.34066053
  75.57383627  61.5204433   76.97117681  70.30024475  66.79019117
  77.15103121  59.08739389  65.15885197  72.48766075  68.7912192
  74.29516782  63.89054694  58.93710031  67.83342934  76.60869737
  68.80466477  51.40987136  71.18483898  63.25922806  72.15318201
  75.41948218  68.12639766  69.52758647  75.26128106  73.10837146
  73.15635042  76.16195836  63.26826523  69.83763683  69.74903287
  75.37446921  71.04792769  71.97581823  70.1598541   73.47606706
  70.79522059  66.22930363  71.23937339  70.35338093  61.01144116
  68.29451786  71.83489488  68.97637025  61.38792577  63.87452925
  65.94014694  62.85651494  67.60669085  72.31523713  72.83603285
  70.7727429   61.05598304  69.75729265  69.10921083  66.64722397
  67.88744051  74.53775336  69.62855797  65.18394474  60.94107854
  65.3168205   63.01121991  66.75905289  65.24702536  71.02252079
  68.34066053  75.57383627  61.5204433   76.97117681  70.30024475
  66.79019117  77.15103121  73.15635042  76.16195836  63.26826523
  69.83763683  67.36950183  72.04253025  68.94789059  72.79014104
  73.92771966  72.97244918  72.24491944  60.10975176  73.47453329]",,
,,"[ 58.59376069  56.59924389  53.79124028  47.01050627  49.75537418
  51.06764229  52.19904421  47.32469277  55.34365236  53.2458197
  49.94695773  52.27790467  59.72497922  54.44221478  55.02434337
  49.09502121  51.66928661  55.25387824  48.97046398  52.71021208
  47.68964542  58.12239559  49.41938581  53.54516615  51.28647154
  52.6409156   52.94218996  56.15241971  54.49683614  51.08812226
  55.22696912  59.26635472  57.40999536  53.62928988  50.48247394
  57.95439868  56.7389251   53.67263678  54.77075069  53.67661227
  57.91762314  53.64297625  50.84871346  56.60659744  45.55800619
  54.37217282  55.31473857  52.76238369  53.56456459  53.07853956
  58.59293014  52.82116441  46.17686772  55.65404157  52.60851275
  41.92812885  58.95867447  52.18270851  52.5538494   54.7497386
  45.55800619  54.37217282  55.31473857  52.76238369  53.56456459
  53.07853956  53.64451186  46.66608957  46.40284493  49.77559126
  51.40935729  50.45423745  54.94854623  53.78042106  46.35817487
  58.24383625  50.004393    52.60851275  58.90927049  54.53127407
  45.75621821  56.37111888  52.36180424  50.68229399  49.96901362
  57.29341035  55.63771112  56.15241971  54.49683614  51.08812226
  55.22696912  59.26635472  57.40999536  54.40593934  56.43216288
  54.93643883  55.8901609   51.35183028  50.07710539  55.14018489]","[ 68.12510768  63.20868629  71.03794227  68.44694806  59.99518432
  60.85932525  70.76535055  67.70171884  73.56063159  70.89297702
  59.55333421  65.34978853  66.28385626  71.31334561  69.59734611
  68.01373519  60.87754926  70.55666064  66.65060055  66.16419417
  68.04112794  65.15428469  68.63130723  72.21605066  66.45307865
  71.3312674   72.71450977  69.45472639  69.58024554  66.32993932
  68.08539066  62.01942635  71.31334561  69.59734611  68.01373519
  60.87754926  70.55666064  66.65060055  66.16419417  68.04112794
  65.15428469  60.98025779  68.12510768  67.71232676  71.06809764
  62.71903119  73.99001679  63.69326042  68.63130723  72.21605066
  66.45307865  71.3312674   72.71450977  69.45472639  69.64069135
  65.29261871  66.82463624  63.34364317  72.29013339  68.71843965
  63.69265467  60.78704982  60.23679107  62.07131487  65.42202161
  66.32099784  69.35797243  64.77792502  65.71139654  71.16366244
  61.37491535  67.22263843  69.20927269  69.13429411  70.29502503
  68.09155293  71.31334561  69.59734611  68.01373519  60.87754926
  70.55666064  66.65060055  66.16419417  68.04112794  65.15428469
  60.98025779  68.12510768  61.20930456  56.8524023   63.10516277
  68.84657915  69.12740571  67.28250939  69.80943564  66.46225859
  68.83822241  69.41473983  69.20757721  67.13405988  69.64069135]","[ 59.30365243  57.32100379  60.09184975  57.55010068  61.59296989
  56.05796518  60.53993954  56.6637399   57.18394868  53.16805709
  57.21543086  51.98572268  49.11062434  33.21610709  51.15041095
  55.00745156  58.72081348  61.10338062  59.30081805  56.61556185
  62.72617914  61.60389846  59.29425003  44.09280239  59.25568342
  52.20626553  59.52045825  58.80846189  45.73158722  61.10410119
  48.02222741  56.2856169   52.06990056  59.30365243  57.32100379
  60.09184975  57.55010068  61.59296989  56.05796518  60.53993954
  56.6637399   57.18394868  53.18824245  60.58098298  58.16676702
  51.94246309  58.03851669  54.26907676  63.14818944  54.50822759
  50.60864413  51.68880606  66.24362577  59.99193828  64.44857749
  63.26045257  57.85910064  59.25933403  57.72932467  57.50990085
  52.66860472  55.57308988  59.82881813  58.88103703  60.44327525
  65.7840571   57.61329592  61.99165049  57.89898993  47.84004213
  57.93512996  56.51734808  56.2856169   52.06990056  59.30365243
  57.32100379  60.09184975  66.8901015   55.85142557  52.16642649
  59.96520799  49.45904707  58.81855794  56.54030159  56.51688809
  60.03993534  63.52383147  58.97003382  58.64574652  59.78968057
  59.64048708  69.13651993  51.88615374  60.33278919  60.13486292
  55.1589152   66.58147379  63.51830924  55.63537297  59.14117564]",,"[ 63.09831967  66.29621542  57.4958816   57.55682017  60.96660001
  58.18279451  66.17382575  54.73300827  67.2006978   66.66148375
  67.60563437  62.45306176  50.84227766  58.08304933  64.86821006
  55.43397074  59.09985316  66.31385469  52.89165991  63.84577688
  67.81655003  53.02676622  63.09831967  66.29621542  57.4958816
  57.55682017  60.96660001  58.18279451  66.17382575  54.73300827
  67.2006978   66.66148375  60.30949021  58.82092795  61.07813593
  58.92526377  45.87104013  71.35465305  57.00678991  50.21695086
  64.13117585  64.55325479  59.13664289  54.691384    46.76201814
  52.97899138  66.04615541  57.54703544  58.65664731  50.02011292
  55.98813382  69.0281604   67.6967046   55.43348808  61.13899489
  49.83771787  68.97128877  54.52187811  67.11694313  67.65873647
  57.49875446  47.84201825  55.28168654  63.11993432  63.56849034
  61.98143546  55.53472415  54.71488691  60.1745758   55.2349385
  64.13457924  58.73872808  53.36002969  61.43740426  58.95961131
  38.56997063  66.90982886  54.34625973  69.11646617  57.49524016
  65.27353272  54.79232467  69.40211914  63.07707256  62.46432521
  57.97975841  63.96587357  57.49875446  47.84201825  55.28168654
  63.11993432  63.56849034  48.027773    65.2056887   52.99112483
  50.67506787  54.74667202  52.53121045  61.13899489  49.83771787]","[ 73.27972291  70.13080805  72.90263729  64.93107807  74.56545618
  72.53513671  64.28647474  79.82179749  62.7875891   67.03640661
  76.93136122  74.23827209  67.92308013  67.71298678  71.0352384
  69.10988228  72.66804168  60.10936028  66.11503342  70.2015139
  74.39660065  73.10230432  67.01802237  62.29821565  65.22906524
  70.63579081  71.95617587  72.26678575  72.38926161  67.641374
  71.92805704  65.3956885   72.22325312  68.00369789  65.94688558
  72.80283017  74.7194802   66.78912734  74.26749346  67.49081071
  73.78609684  63.81786356  71.17769421  77.46256464  73.18689631
  60.3679083   72.89276899  72.83048145  73.96706317  73.42106032
  69.98200913  68.71597111  77.60195875  69.16269785  70.85284333
  64.11219967  68.56281195  66.30718286  72.17721074  66.53692667
  68.99528589  66.22499794  73.27972291  70.13080805  72.90263729
  64.93107807  73.18689631  60.3679083   72.89276899  72.83048145
  73.96706317  73.42106032  69.98200913  68.71597111  77.60195875
  69.16269785  70.85284333  71.94837398  72.36726453  73.79933509
  74.0473938   69.82540653  72.64919278  71.61264528  73.25060149
  66.20338368  62.96216424  68.82940125  71.3141454   74.23381571
  76.80833105  73.32959095  76.13148981  65.59410346  71.42861448
  68.73729009  73.67687185  69.13725202  72.53513671  64.28647474]",,
,,"[ 57.86701801  59.05968184  51.5430052   56.66235912  50.91950514
  54.78511249  57.78385926  56.60736442  56.29965735  55.19329056
  52.24209211  58.02998381  57.89113543  52.86338269  57.73408589
  52.80312117  58.51318161  56.69184823  53.0204335   56.99825516
  56.56116408  54.67887083  57.23846719  58.37678097  57.80712138
  50.37787387  57.66583999  55.99825262  57.84877616  49.52316929
  55.71179513  55.4866063   56.99825516  56.56116408  54.56975038
  54.11905332  53.09931311  54.21689368  51.86320603  51.27010514
  54.75488554  53.05777345  54.32135825  58.10338748  53.63131827
  52.55829831  60.66224961  54.65566874  52.24209211  58.02998381
  57.89113543  52.86338269  57.73408589  52.80312117  60.53570088
  54.79505267  56.30258021  54.82842196  54.18964647  59.92806921
  50.51544945  52.41801637  43.11743247  55.8491213   62.10244217
  54.75876022  49.79819406  52.62972905  60.31705039  54.31387192
  48.95654833  53.37256374  47.02784929  52.87818206  52.19445208
  43.2736316   55.60533471  61.33203025  52.49040379  56.11928995
  59.58625274  51.74386332  59.61606462  53.10595206  52.72191255
  54.38951752  59.25797703  59.92806921  50.51544945  52.41801637
  43.11743247  55.8491213   62.10244217  51.0116611   53.12190249
  54.41918071  58.31124977  58.3224487   53.67789168  53.37132874]","[ 70.7337909   67.57930287  61.42879731  55.39862704  70.08547409
  64.52284906  72.12805696  67.01549561  65.74973354  64.65653097
  46.06308205  65.88216923  65.02884033  66.92453967  65.02800562
  64.33290146  66.63003246  64.86475178  62.2846376   60.25212798
  65.32155069  61.09751531  65.9640447   78.58851442  57.80207784
  68.12132556  56.20665488  66.38544561  68.90903578  64.99913067
  66.01551567  63.08996591  62.24182491  64.04137546  65.24485295
  64.89423446  64.77032008  70.29399899  72.16153302  61.20778422
  69.61923596  66.97891967  60.63357941  68.47691363  67.57930287
  61.42879731  55.39862704  70.08547409  64.52284906  72.12805696
  67.01549561  65.74973354  64.65653097  46.06308205  60.20156246
  60.20156246  65.34451395  69.25967836  69.8178941   66.66062618
  67.56048237  61.68923296  73.04403312  74.06372386  62.52527247
  64.09414276  67.08488642  68.80285357  60.05612085  69.07207171
  61.06580181  64.41842437  66.45678492  70.39489519  67.9262594
  68.31365618  69.27867591  61.09033833  70.7337909   67.57930287
  61.42879731  55.39862704  70.08547409  64.52284906  72.12805696
  67.01549561  65.74973354  64.65653097  67.10035279  59.6010697
  66.82720104  57.15728723  64.04137546  65.24485295  64.89423446
  64.77032008  70.29399899  72.16153302  61.20778422  67.71161324]","[ 60.63645549  59.97614442  60.95925445  52.39779136  59.11289023
  52.22425033  56.6792945   61.56573787  54.90361798  52.44113224
  60.41613121  44.16005499  50.30003941  56.44170566  59.31683152
  56.31960493  46.27058815  55.76605622  62.06911052  61.58647925
  58.73139202  58.25178271  46.70548753  54.19506312  49.76940056
  59.47400017  63.4328727   53.7556149   53.89889172  55.31717207
  53.7007862   57.43258016  56.63629387  56.99374673  55.92214461
  53.21901717  61.44951944  52.3039429   60.09229347  54.20803076
  59.48458623  57.24060349  55.14057934  63.54565664  53.55952248
  56.51566091  54.36779274  63.01309604  47.28996992  50.61446259
  55.4467416   62.6465366   60.04175133  45.49973153  49.94658342
  60.94380604  52.82488562  53.03649741  60.28780678  52.82352477
  57.92940327  50.84244058  59.10595582  50.12630217  61.90859011
  50.93857266  61.34812043  53.76125264  59.89184215  57.18937408
  52.56434049  53.73528458  57.47512204  58.35647789  56.99374673
  55.92214461  53.21901717  56.16318927  51.63592496  63.29161232
  52.52167697  53.15248307  57.2494627   55.73802965  56.41054378
  62.09179747  60.60924773  60.31898701  62.96648429  55.03080548
  55.20043112  38.23253635  55.47102922  50.12958622  51.80915972
  55.13851533  37.84105788  59.28492529  58.35647789  56.99374673]",,,"[ 55.0494478   67.3631361   79.65507093  60.08272533  69.68306724
  75.70369327  72.24511375  76.16656917  68.89376562  72.28750124
  70.81062111  72.80138057  64.06947596  62.31592495  66.99805619
  67.64758605  64.57744109  70.91317903  70.61976711  70.86321215
  67.46517555  77.91492932  66.3054496   69.01964739  71.45877601
  71.49177857  69.4639916   73.67937952  75.0986129   72.91225648
  78.71988673  71.22444694  77.16054156  66.3054496   69.01964739
  71.45877601  71.49177857  69.4639916   73.67937952  75.0986129
  72.91225648  78.71988673  71.22444694  77.16054156  70.40290762
  61.55583637  65.29365978  61.91857695  66.6547949   66.8935183
  74.7858806   67.51014914  67.90834533  72.46133599  64.84612155
  64.0240175   74.52405429  76.46597637  72.51275001  68.82338255
  64.16005254  62.84550886  61.63429096  69.4242891   64.50592854
  78.90567775  70.60842063  66.572545    72.17347668  79.30215149
  74.50012027  70.76310251  73.32978288  61.3777282   71.86631053
  76.53940741  74.61898682  68.89376562  72.28750124  70.81062111
  70.9214657   75.43127704  70.60842063  66.572545    72.17347668
  79.30215149  74.50012027  70.76310251  75.12546152  73.42785398
  71.16988402  65.77610355  70.23103177  68.48933303  64.6189686
  74.13547663  70.02072325  59.83727739  64.61760558  73.50390313]",,
,,"[ 56.93970972  59.90050879  52.78554781  55.96503566  47.36464894
  48.63005004  54.37104279  50.42648415  60.98021413  56.297262
  61.34698099  53.03924691  60.56331005  52.51943691  54.39485556
  60.72077132  55.71794041  54.58692863  61.71989115  56.93970972
  59.90050879  51.73417171  52.26912767  53.64670405  60.54784544
  53.15894611  51.72276926  54.32593665  58.54482824  60.93778434
  54.78525465  47.39392766  53.64207455  57.41702521  54.71972753
  53.72021598  52.85005598  53.03924691  60.56331005  52.51943691
  54.39485556  60.72077132  55.71794041  54.60875065  53.76119984
  59.25635118  56.0762916   59.29818181  54.32488374  58.32045389
  44.95589653  54.67748267  62.93981574  52.51432799  56.37542482
  53.48830712  54.8805386   42.15711597  45.6122274   54.60875065
  53.76119984  59.25635118  56.0762916   59.29818181  54.32488374
  64.15533008  54.432173    56.34752342  55.61242443  58.16058131
  56.72074405  41.63067634  59.10729749  58.2961534   57.30662711
  55.83145948  56.64558023  52.56025094  45.08465693  49.56269254
  51.82363358  58.90320237  57.50833472  57.67972689  53.29066802
  47.4147797   56.3090317   51.13288858  57.58125373  57.06837162
  58.30098788  62.02404698  53.73364488  55.42288166  56.02310073
  58.65447066  58.01844059  44.86388013  53.89525861  45.18565148]","[ 68.42811548  58.86315898  65.51974926  62.9743057   67.15348734
  64.0198128   70.26369435  73.03710541  73.76734875  64.75991516
  65.30172354  56.94043451  70.22070269  56.05460347  62.47684953
  71.0554893   69.28348251  70.32820996  64.49079648  68.2374909
  59.34045304  67.4440482   59.03410373  67.49753613  63.95347213
  66.37422005  58.82664192  68.42811548  58.86315898  65.51974926
  62.9743057   67.15348734  64.0198128   70.21569153  70.19402329
  59.58625592  67.44573812  60.3050545   60.82807848  67.09790482
  67.14939557  68.0697705   61.28008212  68.83099369  68.83099369
  64.21194816  69.06408031  55.18458897  67.81813581  64.52142374
  62.30981487  66.78674581  73.71876512  66.79959292  64.31587203
  69.26914473  61.66084886  70.21569153  70.19402329  59.58625592
  67.44573812  60.3050545   60.82807848  67.09790482  67.14939557
  59.95419174  54.15907284  57.5358268   59.63676161  61.25421652
  62.82793932  59.3611101   66.72879992  69.46418684  70.92839574
  62.02030534  61.66084886  70.21569153  70.19402329  59.58625592
  67.44573812  60.3050545   60.82807848  67.09790482  67.14939557
  68.0697705   61.28008212  70.22070269  56.05460347  62.47684953
  71.0554893   69.28348251  70.32820996  64.49079648  68.2374909
  59.34045304  67.4440482   61.21717191  65.94782044  73.47783029]",,,,,,
,,"[ 53.04688019  52.84571384  59.31936232  52.09415631  44.56418586
  62.46831313  58.30366308  48.2317314   57.47814188  56.49738743
  57.4955689   58.30366308  48.2317314   57.47814188  56.49738743
  57.4955689   57.12932703  53.73850048  56.46780975  51.46365845
  61.86544652  53.57222392  56.96948612  56.10587658  54.55821728
  56.94851164  52.32774639  47.23206464  55.84307116  55.25251816
  54.34376082  56.85157199  50.5025368   51.33977455  59.56465535
  58.1231767   54.85947297  55.31369797  57.98117425  52.6502407
  58.81957968  57.21099123  59.91939362  56.55775532  45.24677987
  50.13517175  54.66424499  48.17337184  55.65785745  43.95529539
  59.07692209  52.07801863  55.1543811   49.36164041  51.01440429
  48.86568356  53.80940618  55.25238434  59.9442187   55.98528601
  60.99291058  59.35208746  55.74537931  55.4214545   58.93495659
  43.09149858  56.80062975  59.51496878  52.41296299  56.46922422
  53.4654871   47.1424116   57.03244186  55.77557195  57.89781971
  59.05108356  55.4214545   58.93495659  47.97420824  51.07125658
  58.73252374  58.7349546   51.61967257  55.70179982  48.48864755
  49.53140573  55.63850814  58.2981207   59.22693205  42.29412355
  51.38125443  51.01440429  48.86568356  53.80940618  55.25238434
  59.9442187   55.98528601  60.99291058  52.27667781  52.38109184]","[ 57.76498746  65.1005774   61.21758399  69.99025175  70.48013754
  64.30699577  64.1274956   65.23836554  68.77905592  64.24585356
  65.42913955  69.41105254  58.04735097  66.66288828  60.02826976
  65.0979738   64.12448598  71.0207947   66.85620283  61.13198185
  57.28025363  56.63082381  62.39581269  68.15813422  59.84597721
  67.32809906  59.4604814   69.65045134  66.39260593  68.0226889
  67.02849258  66.17939944  60.69669288  52.25717871  62.64878374
  64.42842344  68.83262159  65.32224875  62.57884179  67.14891797
  63.37168762  64.05036564  61.38721736  60.93004863  65.12838536
  65.64543979  67.72650583  66.26313495  68.14471796  53.61686718
  69.97286136  62.31140055  61.74313653  69.92692345  68.53423895
  66.86845298  64.28767053  55.46911859  65.70520453  69.95027339
  65.86352026  60.62593402  66.31194526  66.2651634   64.55113063
  65.51161137  70.06059225  64.12693963  69.41105254  58.04735097
  66.66288828  60.02826976  65.0979738   64.12448598  71.0207947
  66.85620283  61.13198185  72.45813026  64.3088591   61.9739451
  68.82866883  64.49067477  57.76498746  65.1005774   61.21758399
  69.99025175  70.48013754  64.30699577  61.88385119  66.86845298
  64.28767053  55.46911859  65.70520453  69.95027339  65.86352026
  60.62593402  66.31194526  66.2651634   64.55113063  69.41105254]",,,,,,
,,,"[ 62.25398957  64.41634035  60.75042656  59.56468804  55.35170036
  62.96643613  66.83992142  63.08271751  59.81605804  61.29414693
  67.08144245  65.98234383  64.51509183  64.3698271   65.10271979  50.80488
  70.8779359   55.64476839  61.5155317   62.87902504  67.90203986
  69.73103925  64.69102512  58.7300224   55.85801216  67.52656507
  61.92548216  65.35317446  63.44854855  66.93697618  64.05157659
  62.33562453  58.12087388  54.23586157  69.14953049  58.69273676
  53.19087155  63.7194376   67.55668638  63.42052869  63.98204996
  64.11196523  60.4104276   49.47625431  70.30142873  62.39992556
  59.85991803  60.57290409  63.6676076   55.87860118  60.15177618
  63.28772775  60.6404535   60.09442567  66.3769361   61.0076384   63.216988
  60.0542942   65.28549261  58.18896126  62.38634614  59.43849575
  64.67608963  67.0441132   59.65295597  58.7300224   55.85801216
  67.52656507  61.92548216  65.35317446  63.44854855  66.93697618
  64.05157659  62.33562453  58.12087388  52.32449141  59.19515808
  64.91528119  65.98234383  64.51509183  64.3698271   65.10271979  50.80488
  70.8779359   55.64476839  61.5155317   62.87902504  64.91528119
  65.98234383  64.51509183  64.3698271   65.10271979  50.80488     70.8779359
  55.64476839  61.5155317   62.87902504  67.90203986  66.83992142
  63.08271751]",,,,,,
,,,"[ 61.67854517  56.70547705  64.60561521  68.42717054  63.99516511
  67.10388686  61.59485942  60.4169914   64.11188863  66.13903884
  64.89905837  64.41495937  57.34035124  56.2028903   54.75294016
  63.48891716  62.56200617  65.30176835  60.88872236  58.03279686
  64.27792812  65.34541912  64.13675967  60.8062763   65.97986184
  66.84524399  68.08849845  62.78282173  67.92707302  59.05232352
  70.3970867   62.56890356  60.2771983   62.35200366  65.21987012
  61.56229347  62.12825576  53.90791335  60.8124916   70.22676956
  70.74689634  61.34408709  58.91969883  67.75328217  70.22676956
  70.74689634  61.34408709  58.91969883  67.75328217  60.39336931
  59.03004943  63.74409587  65.51705549  69.3300804   62.47104835
  60.67341995  64.41495937  57.34035124  56.2028903   54.75294016
  63.48891716  62.56200617  65.30176835  60.88872236  58.03279686
  64.27792812  65.83119914  59.23373135  60.67785033  67.75603895
  59.1023408   71.65083206  53.90592761  61.38833071  59.28370422
  54.18873911  59.22577052  62.31310285  61.46912668  54.76985592
  64.0117349   66.94946725  65.00858721  59.68762374  62.2033511
  62.15130343  63.15168377  61.33159372  64.13675967  60.8062763
  65.97986184  66.84524399  68.08849845  62.78282173  67.92707302
  59.05232352  70.3970867   62.56890356  64.40598009  58.39245357]",,,,,,
,,,"[ 56.16896177  65.07328612  68.04900106  63.68177741  65.99962015
  61.06700656  67.02067217  62.51117951  61.72871673  64.71653083
  68.03649017  55.86155495  67.17007114  63.25862312  65.99786394
  64.07576477  61.66140655  66.24611873  64.04983037  64.06825542
  64.10734413  67.17007114  63.25862312  65.99786394  64.07576477
  61.66140655  66.24611873  64.04983037  64.06825542  64.10734413
  66.70275248  61.32910759  63.76255075  60.37161005  60.15768583
  63.30902506  58.62843943  61.32184679  59.97265721  63.38773858
  68.66504761  65.33131296  66.42409803  61.4195886   61.2379959
  55.86155495  67.17007114  63.25862312  65.99786394  64.07576477
  61.66140655  66.24611873  64.04983037  64.06825542  56.95810941
  66.7050258   63.90664215  64.79101774  61.95798415  66.26960049
  70.21120844  60.93321531  64.28301354  58.83124003  61.90475015
  65.07328612  68.04900106  63.68177741  65.99962015  61.06700656
  67.02067217  62.51117951  61.72871673  64.71653083  68.03649017
  58.97573527  60.70090228  61.98175051  56.87254415  63.57173702
  65.40173945  68.97602931  65.46599948  66.52368467  64.63599328
  57.13960332  66.30624437  68.59409188  63.12815325  60.26820467
  62.19295701  65.36413361  59.14088998  62.26587835  56.56981995
  63.31306706  61.01690949  63.01823903  71.55198344  63.37290734]",,,,,,
,,,"[ 59.9443632   55.18477961  51.8863788   63.37315613  60.27782463
  61.81184769  61.18440582  56.24916695  56.78818137  60.75290865
  64.91922233  63.08675802  56.98986287  54.47172422  55.96990626
  65.43515351  66.40027969  55.34193635  59.74564056  58.04668761
  59.14478564  60.34197709  59.31286476  62.10196166  63.71157802
  59.52124952  53.79263498  56.77828945  61.10170942  74.19739045
  55.25329508  63.56311028  51.81921205  66.77006492  63.97422695
  62.87072082  57.71708257  60.22663688  52.84848416  57.71565344
  65.30543898  63.26891053  66.79042293  51.21369675  62.54897121
  63.97422695  62.87072082  57.71708257  60.22663688  52.84848416
  57.71565344  65.30543898  63.26891053  66.79042293  51.21369675
  62.54897121  60.22663688  52.84848416  57.71565344  65.30543898
  63.26891053  66.79042293  51.21369675  62.54897121  57.84494204
  57.1833886   59.9443632   64.08278223  61.13375311  57.29292468
  62.06505844  63.23599079  64.3228832   67.10378186  63.49194611
  62.09313592  58.7847473   60.12947117  65.60573081  65.8603333
  59.68337246  62.10196166  63.71157802  59.52124952  53.79263498
  56.77828945  61.10170942  65.53576041  62.09556742  52.34419199
  57.67812111  59.13220433  59.129444    63.25585493  59.04045969
  56.01926565  60.9910154   63.79665451  56.98986287  54.47172422]",,,,,,
