cov0
"[[   8.56708085   -0.3569208     2.51896655 ...,   79.29963814
    50.18041383   -4.25462914]
 [  -0.3569208    -0.37330752   -2.00022551 ...,  -16.95919493
   -12.75468861    1.68555195]
 [   2.51896655   -2.00022551   -9.55629802 ...,  -29.92834003
   -29.05046806   -5.08539641]
 ..., 
 [  79.29963814  -16.95919493  -29.92834003 ...,  127.48955403
    35.61442743  177.93993253]
 [  50.18041383  -12.75468861  -29.05046806 ...,   35.61442743
   -75.71381691   83.40826289]
 [  -4.25462914    1.68555195   -5.08539641 ...,  177.93993253
    83.40826289 -220.46127072]]"
"[[  5.45825592e+00  -3.36523930e-01   1.17256292e+00 ...,  -3.68916915e+00
    5.63351925e+00  -5.03817417e+01]
 [ -3.36523930e-01  -1.34349514e-01  -4.48315589e-01 ...,  -2.39474810e+00
   -4.22005703e+00  -2.99583866e-01]
 [  1.17256292e+00  -4.48315589e-01  -5.98027724e-01 ...,  -1.03160484e+01
   -5.04852126e+00  -1.94924762e+01]
 ..., 
 [ -3.68916915e+00  -2.39474810e+00  -1.03160484e+01 ...,  -8.27136325e+01
    8.25498022e+01   1.05103664e+02]
 [  5.63351925e+00  -4.22005703e+00  -5.04852126e+00 ...,   8.25498022e+01
   -1.01822936e+03  -7.56655680e+02]
 [ -5.03817417e+01  -2.99583866e-01  -1.94924762e+01 ...,   1.05103664e+02
   -7.56655680e+02  -7.74521585e+01]]"
"[[ -1.60571520e+01   1.10537918e+00  -4.44269324e+00 ...,   9.11859958e+00
   -6.49080180e+00  -5.31398572e+01]
 [  1.10537918e+00  -8.72702437e-01  -3.27547311e+00 ...,  -1.04355182e+01
   -9.55890967e-02   5.93008584e+00]
 [ -4.44269324e+00  -3.27547311e+00  -1.81364092e+01 ...,  -3.10124864e+01
   -1.25165232e+01  -7.96952282e+00]
 ..., 
 [  9.11859958e+00  -1.04355182e+01  -3.10124864e+01 ...,  -3.53923207e+02
    2.04262620e+02   1.26839370e+02]
 [ -6.49080180e+00  -9.55890967e-02  -1.25165232e+01 ...,   2.04262620e+02
   -2.56102077e+02  -4.37531564e+01]
 [ -5.31398572e+01   5.93008584e+00  -7.96952282e+00 ...,   1.26839370e+02
   -4.37531564e+01  -2.23293385e+02]]"
"[[ -6.35904647e+00   1.31146478e+00   5.18116655e+00 ...,  -1.08740756e+01
    4.55202650e+01   5.22595109e+01]
 [  1.31146478e+00  -3.74464733e-01  -2.18238910e-01 ...,  -9.03960790e-01
   -6.98853237e+00  -1.56971509e+01]
 [  5.18116655e+00  -2.18238910e-01   1.29991337e-01 ...,   9.28677969e+00
   -1.44039360e+01  -2.29908223e+01]
 ..., 
 [ -1.08740756e+01  -9.03960790e-01   9.28677969e+00 ...,  -1.73289424e+02
    5.99013116e+01  -2.14838991e+02]
 [  4.55202650e+01  -6.98853237e+00  -1.44039360e+01 ...,   5.99013116e+01
   -2.11818987e+02  -3.42936359e+02]
 [  5.22595109e+01  -1.56971509e+01  -2.29908223e+01 ...,  -2.14838991e+02
   -3.42936359e+02  -9.61176961e+02]]"
"[[ -3.57749674e+00   1.90706651e-01   1.05292390e-01 ...,  -3.18894806e+01
   -2.80119390e+01  -1.12990167e+01]
 [  1.90706651e-01  -2.08260052e-01  -1.33276453e+00 ...,   5.41170320e+00
   -9.17014325e+00   7.15586563e+00]
 [  1.05292390e-01  -1.33276453e+00  -8.36961983e+00 ...,   1.63958747e+01
   -6.66020470e+01   4.73781211e+01]
 ..., 
 [ -3.18894806e+01   5.41170320e+00   1.63958747e+01 ...,  -1.85248171e+02
   -5.22234032e+01  -2.01983798e+02]
 [ -2.80119390e+01  -9.17014325e+00  -6.66020470e+01 ...,  -5.22234032e+01
   -4.26647888e+02   3.23841963e+02]
 [ -1.12990167e+01   7.15586563e+00   4.73781211e+01 ...,  -2.01983798e+02
    3.23841963e+02  -1.28243616e+02]]"
"[[ -44.28712544    3.63190578   11.24379784 ...,    2.36983195
   -10.26976349  -93.0467872 ]
 [   3.63190578   -0.46286372   -0.73789749 ...,   -8.78019797
    -7.09537267    2.75756514]
 [  11.24379784   -0.73789749    2.48431616 ...,  -43.67395332
   -34.35684872   -1.06795905]
 ..., 
 [   2.36983195   -8.78019797  -43.67395332 ...,   16.75965814
    72.41675934   20.61003217]
 [ -10.26976349   -7.09537267  -34.35684872 ...,   72.41675934
  -260.74068138 -247.06478193]
 [ -93.0467872     2.75756514   -1.06795905 ...,   20.61003217
  -247.06478193 -347.0618762 ]]"
"[[ -4.94283367e+00   7.22462531e-01   1.44440780e+00 ...,  -1.67419933e+01
   -5.40379818e+01  -3.84099535e+01]
 [  7.22462531e-01  -4.15394190e-02   6.56774056e-01 ...,   3.85234956e+00
   -3.37219432e-01  -3.38145791e+00]
 [  1.44440780e+00   6.56774056e-01   3.06209628e+00 ...,  -3.21749102e+00
   -2.51178147e+01  -2.55109275e+01]
 ..., 
 [ -1.67419933e+01   3.85234956e+00  -3.21749102e+00 ...,  -1.16325010e+02
   -3.12271223e+02  -1.49424658e+02]
 [ -5.40379818e+01  -3.37219432e-01  -2.51178147e+01 ...,  -3.12271223e+02
   -6.80823007e+01  -2.20725441e+02]
 [ -3.84099535e+01  -3.38145791e+00  -2.55109275e+01 ...,  -1.49424658e+02
   -2.20725441e+02  -9.81826474e+02]]"
"[[   15.09517513     2.6316469     29.92153215 ...,     9.07634516
    142.97006717   -37.70180565]
 [    2.6316469     -3.70872372   -21.73873301 ...,    57.13045485
     13.55835116    64.36000792]
 [   29.92153215   -21.73873301  -115.41425236 ...,   377.69526149
    205.00116056   385.95532346]
 ..., 
 [    9.07634516    57.13045485   377.69526149 ...,  -771.74861664
    282.2881365   -946.2308542 ]
 [  142.97006717    13.55835116   205.00116056 ...,   282.2881365
   1373.79182096   -95.22708548]
 [  -37.70180565    64.36000792   385.95532346 ...,  -946.2308542
    -95.22708548 -1154.75515269]]"
"[[ -2.68330596e+01   3.85688783e+00   1.00247714e+01 ...,  -5.32794809e+01
   -1.01682641e+02   8.54877589e+01]
 [  3.85688783e+00  -1.05829010e+00  -4.17949364e+00 ...,   4.02928424e+00
    2.94107999e+00  -1.54354798e+01]
 [  1.00247714e+01  -4.17949364e+00  -1.90182149e+01 ...,  -6.42127567e-01
   -2.10996889e+01  -4.66391189e+01]
 ..., 
 [ -5.32794809e+01   4.02928424e+00  -6.42127567e-01 ...,  -1.68682467e+02
   -3.66533913e+02   1.57910307e+02]
 [ -1.01682641e+02   2.94107999e+00  -2.10996889e+01 ...,  -3.66533913e+02
   -1.32405936e+03   3.68520064e+02]
 [  8.54877589e+01  -1.54354798e+01  -4.66391189e+01 ...,   1.57910307e+02
    3.68520064e+02  -3.83392012e+02]]"
"[[ -3.31986097e+01   3.11322573e+00  -4.91690382e+00 ...,  -3.81427235e+01
   -6.47595722e+01   7.81716520e+00]
 [  3.11322573e+00  -3.85134173e-01   1.80916024e-02 ...,   1.11563283e+00
    6.91000316e+00  -1.46031452e-01]
 [ -4.91690382e+00   1.80916024e-02  -3.46345566e+00 ...,  -1.81379398e+01
   -1.07747299e+01   1.53560981e+00]
 ..., 
 [ -3.81427235e+01   1.11563283e+00  -1.81379398e+01 ...,  -1.33591876e+02
   -5.89395536e+01   2.13161061e+01]
 [ -6.47595722e+01   6.91000316e+00  -1.07747299e+01 ...,  -5.89395536e+01
   -4.99211914e+02   2.81949066e+01]
 [  7.81716520e+00  -1.46031452e-01   1.53560981e+00 ...,   2.13161061e+01
    2.81949066e+01  -2.49107649e+01]]"
"[[  -9.66114268    1.51472314    0.64741458 ...,  -13.74096176
    -0.81320498  -13.73385933]
 [   1.51472314   -1.25225937   -4.95218967 ...,   -7.49013218
    14.96532252   14.39086603]
 [   0.64741458   -4.95218967  -23.52717369 ...,  -44.21512462
    69.82337758   59.77695299]
 ..., 
 [ -13.74096176   -7.49013218  -44.21512462 ..., -141.68845881
   172.82867783  129.06400772]
 [  -0.81320498   14.96532252   69.82337758 ...,  172.82867783
  -285.94586889 -221.85416076]
 [ -13.73385933   14.39086603   59.77695299 ...,  129.06400772
  -221.85416076 -184.74122866]]"
"[[ -4.14559176e+00   9.48965958e-01   2.18925751e+00 ...,  -2.61493610e+01
    9.88574244e+00   1.76264711e-02]
 [  9.48965958e-01  -5.24381711e-01  -2.08298154e+00 ...,   2.33616176e+00
    2.47509433e-01  -6.14405015e+00]
 [  2.18925751e+00  -2.08298154e+00  -9.46989725e+00 ...,  -2.27865479e+00
    8.50551186e+00  -3.14776878e+01]
 ..., 
 [ -2.61493610e+01   2.33616176e+00  -2.27865479e+00 ...,  -9.27140447e+01
   -2.57495483e+01  -3.26830144e+01]
 [  9.88574244e+00   2.47509433e-01   8.50551186e+00 ...,  -2.57495483e+01
    8.19169109e+00  -9.90442222e+00]
 [  1.76264711e-02  -6.14405015e+00  -3.14776878e+01 ...,  -3.26830144e+01
   -9.90442222e+00  -1.34715257e+02]]"
"[[  -5.30157758    0.84742364    0.3163523  ...,   -5.90263578
    -3.05088613   16.78197006]
 [   0.84742364   -0.43508431   -1.58112982 ...,    4.58085604
    -0.70300327   -7.54843204]
 [   0.3163523    -1.58112982   -7.84357203 ...,   19.06126774
    -6.30912068  -28.50057973]
 ..., 
 [  -5.90263578    4.58085604   19.06126774 ...,  -57.5316949    32.838831
    49.81156718]
 [  -3.05088613   -0.70300327   -6.30912068 ...,   32.838831    -51.77931035
   -11.34462633]
 [  16.78197006   -7.54843204  -28.50057973 ...,   49.81156718
   -11.34462633 -110.52840439]]"
"[[ -4.24047438e+00   5.82033842e-01  -5.09229468e-01 ...,   1.01471218e+01
    2.14493101e+00   1.21650974e+00]
 [  5.82033842e-01  -1.30328720e-01  -2.40582620e-01 ...,   1.78363072e+00
    2.41825237e+00  -2.29274399e+00]
 [ -5.09229468e-01  -2.40582620e-01  -1.83240817e+00 ...,   1.52270305e+01
    1.23195493e+01  -1.11984242e+01]
 ..., 
 [  1.01471218e+01   1.78363072e+00   1.52270305e+01 ...,   5.13687243e+01
   -4.13038511e+01   3.50418497e+01]
 [  2.14493101e+00   2.41825237e+00   1.23195493e+01 ...,  -4.13038511e+01
   -1.53412634e+02   6.19207825e+01]
 [  1.21650974e+00  -2.29274399e+00  -1.11984242e+01 ...,   3.50418497e+01
    6.19207825e+01  -7.41330691e+01]]"
"[[ -9.87532603e+00   1.11444190e+00  -3.68814004e+00 ...,   1.34040875e+01
    3.19825388e+01   1.05773308e+01]
 [  1.11444190e+00  -2.25343197e-01   2.43637639e-02 ...,  -2.11303234e+00
   -2.65104260e+00  -1.88543354e+00]
 [ -3.68814004e+00   2.43637639e-02  -2.95748687e+00 ...,   6.44579679e-01
    1.10347020e+01   3.96165196e+00]
 ..., 
 [  1.34040875e+01  -2.11303234e+00   6.44579679e-01 ...,  -8.38406903e+00
   -4.88333046e+01   5.21066032e+01]
 [  3.19825388e+01  -2.65104260e+00   1.10347020e+01 ...,  -4.88333046e+01
   -2.11137062e+02   5.64066471e+01]
 [  1.05773308e+01  -1.88543354e+00   3.96165196e+00 ...,   5.21066032e+01
    5.64066471e+01  -1.80788885e+02]]"
"[[ -10.31476877    1.27540452   -2.65613058 ...,   -0.8386103    16.88177019
    27.92655799]
 [   1.27540452   -0.16670225    0.34776422 ...,   -1.1532451    -3.92815043
    -1.03320207]
 [  -2.65613058    0.34776422   -0.64679949 ...,   -2.15592104
    -8.16230791   18.6279539 ]
 ..., 
 [  -0.8386103    -1.1532451    -2.15592104 ...,  -81.40239171
    35.15945696   21.55107444]
 [  16.88177019   -3.92815043   -8.16230791 ...,   35.15945696
  -130.82186117  -25.95996761]
 [  27.92655799   -1.03320207   18.6279539  ...,   21.55107444
   -25.95996761 -132.08810276]]"
"[[ -6.00544033e+00   9.10594123e-03  -5.95048386e+00 ...,  -1.33641894e+01
    2.51075495e+01   2.83573419e+01]
 [  9.10594123e-03   6.07478672e-02   3.23809723e-01 ...,   1.24909940e+00
   -4.56403553e+00  -5.42394033e-02]
 [ -5.95048386e+00   3.23809723e-01  -3.81143631e+00 ...,  -2.71323458e+00
   -8.76414436e+00   2.29570381e+01]
 ..., 
 [ -1.33641894e+01   1.24909940e+00  -2.71323458e+00 ...,  -2.33106036e+01
    5.10632672e+01   3.07596398e+01]
 [  2.51075495e+01  -4.56403553e+00  -8.76414436e+00 ...,   5.10632672e+01
   -1.55369991e+02  -1.25647747e+01]
 [  2.83573419e+01  -5.42394033e-02   2.29570381e+01 ...,   3.07596398e+01
   -1.25647747e+01  -6.16339800e+01]]"
"[[ -5.18705060e+00   5.24887856e-01  -1.38520226e+00 ...,  -8.63864133e+00
   -6.13900653e+00  -1.23687240e+00]
 [  5.24887856e-01  -1.69394410e-02   3.03457040e-01 ...,   1.62122566e+00
   -3.36640197e-01   5.93670854e-01]
 [ -1.38520226e+00   3.03457040e-01   3.64865903e-01 ...,   1.87542370e+00
   -6.31686440e+00   2.96948151e+00]
 ..., 
 [ -8.63864133e+00   1.62122566e+00   1.87542370e+00 ...,  -3.62158338e+01
   -5.90870497e+00   9.94395229e+00]
 [ -6.13900653e+00  -3.36640197e-01  -6.31686440e+00 ...,  -5.90870497e+00
   -2.88851411e+00   1.67486862e+01]
 [ -1.23687240e+00   5.93670854e-01   2.96948151e+00 ...,   9.94395229e+00
    1.67486862e+01  -8.52616526e+00]]"
"[[ -5.50747297e+00   1.06521956e+00   7.27194645e-01 ...,  -2.46101313e+00
   -9.42367010e+00  -1.51881105e+01]
 [  1.06521956e+00  -2.09687591e-01  -1.31752141e-01 ...,   2.21630866e-01
    2.55665566e+00   3.24984760e+00]
 [  7.27194645e-01  -1.31752141e-01   9.45532672e-03 ...,   2.18381944e-01
    6.24066531e+00   4.87387747e+00]
 ..., 
 [ -2.46101313e+00   2.21630866e-01   2.18381944e-01 ...,  -1.07258594e+01
    4.14455980e+00   1.16220481e+01]
 [ -9.42367010e+00   2.55665566e+00   6.24066531e+00 ...,   4.14455980e+00
   -2.89376002e+01  -4.14081107e+01]
 [ -1.51881105e+01   3.24984760e+00   4.87387747e+00 ...,   1.16220481e+01
   -4.14081107e+01  -9.05425686e+01]]"
"[[ -1.39390644e+00   5.51501429e-01   1.88383507e+00 ...,   1.75182883e+00
    1.40925692e+00  -4.81493607e+00]
 [  5.51501429e-01  -8.54273172e-02  -3.74491875e-03 ...,  -2.78083881e-01
    3.93450279e-01  -3.05056175e-01]
 [  1.88383507e+00  -3.74491875e-03   1.40549040e+00 ...,   1.02302796e+00
    3.26802442e+00  -4.25234085e+00]
 ..., 
 [  1.75182883e+00  -2.78083881e-01   1.02302796e+00 ...,  -3.75648184e-01
   -7.00671992e-01   3.11462198e+00]
 [  1.40925692e+00   3.93450279e-01   3.26802442e+00 ...,  -7.00671992e-01
   -1.63785645e+01  -1.09468446e+01]
 [ -4.81493607e+00  -3.05056175e-01  -4.25234085e+00 ...,   3.11462198e+00
   -1.09468446e+01  -2.28012505e+01]]"
"[[ -2.84700546   0.51092854   0.80106432 ...,   0.06145901   5.73595728
   -5.92030783]
 [  0.51092854  -0.20708702  -0.72627153 ...,  -0.10293792  -0.56207516
    1.50581356]
 [  0.80106432  -0.72627153  -3.11571492 ...,   0.70376371   2.34804838
    4.04138003]
 ..., 
 [  0.06145901  -0.10293792   0.70376371 ...,  -1.76312526  10.54837941
  -10.92899111]
 [  5.73595728  -0.56207516   2.34804838 ...,  10.54837941 -25.11244425
   18.49398351]
 [ -5.92030783   1.50581356   4.04138003 ..., -10.92899111  18.49398351
  -32.83331306]]"
"[[ -4.86900478   0.6334957   -1.05970354 ...,  -5.97828234 -23.22779231
  -15.63192621]
 [  0.6334957   -0.19727752  -0.44820378 ...,   0.69860604  -2.07170128
    3.77758356]
 [ -1.05970354  -0.44820378  -2.86837166 ...,  -0.16613045 -21.55502858
    5.19156414]
 ..., 
 [ -5.97828234   0.69860604  -0.16613045 ...,   1.38130033 -29.24076884
  -11.14408326]
 [-23.22779231  -2.07170128 -21.55502858 ..., -29.24076884 -72.91666412
    4.0211809 ]
 [-15.63192621   3.77758356   5.19156414 ..., -11.14408326   4.0211809
  -68.78557904]]"
"[[ -4.69850399e-01   5.88500757e-02  -7.68913950e-01 ...,  -8.52448588e-01
   -3.15507013e+00  -5.26315217e+00]
 [  5.88500757e-02  -4.89082029e-02  -1.82166570e-03 ...,   1.89296562e+00
   -1.91740929e+00   3.10198588e+00]
 [ -7.68913950e-01  -1.82166570e-03   3.38890158e-04 ...,   1.02009775e+01
   -1.29880212e+01   1.20322001e+01]
 ..., 
 [ -8.52448588e-01   1.89296562e+00   1.02009775e+01 ...,  -2.36849811e+01
   -1.04524372e+01  -8.18734353e+00]
 [ -3.15507013e+00  -1.91740929e+00  -1.29880212e+01 ...,  -1.04524372e+01
   -4.78493935e+01   6.43920405e+00]
 [ -5.26315217e+00   3.10198588e+00   1.20322001e+01 ...,  -8.18734353e+00
    6.43920405e+00  -1.16587233e+01]]"
"[[ -2.52025091e+00  -1.01197137e+00  -6.54131287e+00 ...,   5.02682561e+00
    3.64609426e+00   3.40337841e+01]
 [ -1.01197137e+00   3.41393973e-02  -4.91056699e-01 ...,   2.14580863e+00
   -2.17452304e+00  -6.98884220e-01]
 [ -6.54131287e+00  -4.91056699e-01  -6.79228960e+00 ...,   1.15283379e+01
   -7.77084172e+00   2.29357111e+01]
 ..., 
 [  5.02682561e+00   2.14580863e+00   1.15283379e+01 ...,  -7.47656857e+01
    6.37278440e+00   1.24618264e+01]
 [  3.64609426e+00  -2.17452304e+00  -7.77084172e+00 ...,   6.37278440e+00
    2.90944374e+01   4.96990875e+01]
 [  3.40337841e+01  -6.98884220e-01   2.29357111e+01 ...,   1.24618264e+01
    4.96990875e+01  -1.07038676e+02]]"
"[[ -3.79037873e+01   1.44875165e+00  -1.50382266e+01 ...,  -1.00098053e+01
   -1.43927828e+00   1.00057312e+02]
 [  1.44875165e+00  -1.22387491e+00  -5.18489685e+00 ...,   8.27064080e+00
   -7.16740256e-01  -2.54817453e+00]
 [ -1.50382266e+01  -5.18489685e+00  -4.13323556e+01 ...,   5.37828244e+01
   -3.68764395e+00   2.44927329e+01]
 ..., 
 [ -1.00098053e+01   8.27064080e+00   5.37828244e+01 ...,  -2.62267459e+02
    1.67584761e+02   1.05171620e+02]
 [ -1.43927828e+00  -7.16740256e-01  -3.68764395e+00 ...,   1.67584761e+02
   -4.73860388e+02  -1.58957694e+02]
 [  1.00057312e+02  -2.54817453e+00   2.44927329e+01 ...,   1.05171620e+02
   -1.58957694e+02  -1.63671180e+03]]"
"[[   -8.76636244    12.15492844    55.61688214 ...,   154.85911865
   -170.67060197    26.00038153]
 [   12.15492844    -4.16530478   -11.84068216 ...,   -45.58782594
     60.90306056   -18.50449602]
 [   55.61688214   -11.84068216   -19.41608632 ...,   -98.88887028
    165.10824379   -58.12011204]
 ..., 
 [  154.85911865   -45.58782594   -98.88887028 ...,  -684.81400326
    833.17198408  -268.31981066]
 [ -170.67060197    60.90306056   165.10824379 ...,   833.17198408
  -1141.97048428   282.60639546]
 [   26.00038153   -18.50449602   -58.12011204 ...,  -268.31981066
    282.60639546  -466.74500127]]"
"[[  -63.99587006    13.67120839    36.67328214 ...,  -224.49920773
   -175.41716163  -100.03021093]
 [   13.67120839    -3.67772113   -10.06807848 ...,    14.4927494
     43.4743185     -2.47869505]
 [   36.67328214   -10.06807848   -26.34464636 ...,   -27.67200608
    141.45453388   -88.34239547]
 ..., 
 [ -224.49920773    14.4927494    -27.67200608 ..., -1116.06638234
   -483.823836     -94.54403612]
 [ -175.41716163    43.4743185    141.45453388 ...,  -483.823836
  -1066.81018166   454.1084556 ]
 [ -100.03021093    -2.47869505   -88.34239547 ...,   -94.54403612
    454.1084556   -647.82397022]]"
"[[ -8.95314214e+00   5.74121113e+00   3.08269520e+01 ...,  -1.06845806e+02
   -5.15722492e+01  -1.05853837e+02]
 [  5.74121113e+00  -1.11452155e+00  -4.51450710e-01 ...,  -1.70875614e+01
   -1.06275830e+01  -8.58064621e-01]
 [  3.08269520e+01  -4.51450710e-01   2.35869078e+01 ...,  -1.03729410e+02
   -1.97630224e+01  -9.48691237e+01]
 ..., 
 [ -1.06845806e+02  -1.70875614e+01  -1.03729410e+02 ...,  -5.10492318e+02
   -4.34382190e+02   1.32439543e+02]
 [ -5.15722492e+01  -1.06275830e+01  -1.97630224e+01 ...,  -4.34382190e+02
   -8.34653452e+02   3.83995419e+02]
 [ -1.05853837e+02  -8.58064621e-01  -9.48691237e+01 ...,   1.32439543e+02
    3.83995419e+02  -6.92157275e+02]]"
"[[  -6.18934104    6.77577727   29.50858205 ...,    4.59546032
     1.99140176  -86.24340118]
 [   6.77577727   -2.73056748   -9.1045294  ...,    3.57330104
     7.49659412   42.20967504]
 [  29.50858205   -9.1045294   -27.242442   ...,   24.05141364
    43.48190848  141.69523762]
 ..., 
 [   4.59546032    3.57330104   24.05141364 ...,  -19.81746396
    -4.21927284  -44.88098374]
 [   1.99140176    7.49659412   43.48190848 ...,   -4.21927284
  -125.99507598 -101.15966098]
 [ -86.24340118   42.20967504  141.69523762 ...,  -44.88098374
  -101.15966098 -914.60331432]]"
"[[-13.26799913   2.10137428   2.84059979 ..., -18.69699452 -28.83327991
   -7.66404722]
 [  2.10137428  -0.12725445   1.37458368 ...,   0.66154439   0.59171989
    1.20833723]
 [  2.84059979   1.37458368  16.06987151 ..., -22.82408763 -17.95887369
    1.85242243]
 ..., 
 [-18.69699452   0.66154439 -22.82408763 ...,  37.01727303 -36.55904931
  -48.72889248]
 [-28.83327991   0.59171989 -17.95887369 ..., -36.55904931  85.90599146
    4.10091923]
 [ -7.66404722   1.20833723   1.85242243 ..., -48.72889248   4.10091923
  -82.73606594]]"
"[[ -5.36210666e+01   3.80984778e+00  -6.53051646e+00 ...,  -4.24274062e+01
    9.56162311e+01  -1.08397699e+02]
 [  3.80984778e+00  -2.53099004e+00  -8.73216218e+00 ...,   1.47140544e+01
    7.24695610e+00  -5.57239468e+00]
 [ -6.53051646e+00  -8.73216218e+00  -3.99405350e+01 ...,   4.87252068e+01
    3.97022692e+01  -5.80408052e+01]
 ..., 
 [ -4.24274062e+01   1.47140544e+01   4.87252068e+01 ...,  -9.84683443e+02
   -7.60389427e+02   7.49149359e+01]
 [  9.56162311e+01   7.24695610e+00   3.97022692e+01 ...,  -7.60389427e+02
   -3.57091000e+03  -4.29635813e+01]
 [ -1.08397699e+02  -5.57239468e+00  -5.80408052e+01 ...,   7.49149359e+01
   -4.29635813e+01  -1.21144498e+03]]"
"[[  -87.30476453    21.68471446    45.66950574 ...,    32.89628596
    297.75839674   170.57790842]
 [   21.68471446    -8.25095057   -25.1263082  ...,    21.48524532
   -120.22527656   -85.10303396]
 [   45.66950574   -25.1263082    -92.9644847  ...,   143.84489389
   -424.60745196  -283.3563623 ]
 ..., 
 [   32.89628596    21.48524532   143.84489389 ...,  -778.39338401
    691.57588501   412.77790127]
 [  297.75839674  -120.22527656  -424.60745196 ...,   691.57588501
  -3516.44880926 -1181.32405487]
 [  170.57790842   -85.10303396  -283.3563623  ...,   412.77790127
  -1181.32405487 -1237.34079851]]"
"[[ -1.12100182e+01  -1.58235576e+00  -1.51683389e+01 ...,   2.39471919e+01
    2.30096670e+00   4.33940724e+01]
 [ -1.58235576e+00  -5.56208934e-01  -2.74627136e+00 ...,   2.74725673e+00
    1.61494864e+01  -4.85504387e+00]
 [ -1.51683389e+01  -2.74627136e+00  -2.05623600e+01 ...,   3.35070839e+01
    7.52519137e+01   1.80444598e+01]
 ..., 
 [  2.39471919e+01   2.74725673e+00   3.35070839e+01 ...,  -1.41851537e+02
   -1.46864614e+02  -3.30474424e+01]
 [  2.30096670e+00   1.61494864e+01   7.52519137e+01 ...,  -1.46864614e+02
   -9.08113794e+02  -1.21852843e+02]
 [  4.33940724e+01  -4.85504387e+00   1.80444598e+01 ...,  -3.30474424e+01
   -1.21852843e+02  -3.16749774e+02]]"
"[[ -1.03470812e+01  -8.71170771e-01  -1.14671449e+01 ...,   5.41772904e+00
   -1.42249366e+01  -2.62324420e+01]
 [ -8.71170771e-01  -1.17152078e-01  -3.49252157e-01 ...,  -2.18619876e+00
    9.92329979e+00  -8.30767891e+00]
 [ -1.14671449e+01  -3.49252157e-01  -6.96036369e+00 ...,  -9.15350394e-01
    2.55649878e+01  -4.10708388e+01]
 ..., 
 [  5.41772904e+00  -2.18619876e+00  -9.15350394e-01 ...,  -2.86786143e+02
    7.29069409e+01  -7.90976255e+01]
 [ -1.42249366e+01   9.92329979e+00   2.55649878e+01 ...,   7.29069409e+01
   -7.30803763e+02   1.98636784e+02]
 [ -2.62324420e+01  -8.30767891e+00  -4.10708388e+01 ...,  -7.90976255e+01
    1.98636784e+02  -4.29573192e+02]]"
"[[  5.90276292e+00  -4.36109061e+00  -1.06694352e+01 ...,  -3.92637582e+01
    3.27886985e+01  -2.78105961e+01]
 [ -4.36109061e+00   3.95375590e-01  -9.82991016e-02 ...,   8.64194297e-01
   -1.71301211e+00  -1.56848515e+01]
 [ -1.06694352e+01  -9.82991016e-02  -1.52449565e+00 ...,  -1.27152820e+01
    8.22205297e+00  -6.31557469e+01]
 ..., 
 [ -3.92637582e+01   8.64194297e-01  -1.27152820e+01 ...,  -4.26839270e+02
   -2.44881357e+02   4.68338770e+02]
 [  3.27886985e+01  -1.71301211e+00   8.22205297e+00 ...,  -2.44881357e+02
   -2.81037296e+02   4.54823516e+02]
 [ -2.78105961e+01  -1.56848515e+01  -6.31557469e+01 ...,   4.68338770e+02
    4.54823516e+02  -1.16629680e+03]]"
"[[  1.72962415e+01   2.51979856e+00   1.57093734e+01 ...,  -2.00320963e+01
    3.68754421e+01  -4.96901169e+01]
 [  2.51979856e+00   3.26595120e-02   3.43391149e-01 ...,  -8.17305233e+00
    1.02062832e+01  -5.01908984e+00]
 [  1.57093734e+01   3.43391149e-01   2.30576438e+00 ...,  -4.89734415e+01
    6.76379125e+01  -3.57576246e+01]
 ..., 
 [ -2.00320963e+01  -8.17305233e+00  -4.89734415e+01 ...,  -4.34629915e+01
    1.00772536e+02   5.37945962e+01]
 [  3.68754421e+01   1.02062832e+01   6.76379125e+01 ...,   1.00772536e+02
   -2.11833750e+02   7.20328858e+01]
 [ -4.96901169e+01  -5.01908984e+00  -3.57576246e+01 ...,   5.37945962e+01
    7.20328858e+01   9.81806878e+01]]"
"[[  1.44887352e+00  -4.77874095e-01   1.24001556e+00 ...,  -1.76134508e+01
   -2.00712125e+01  -2.02006461e+01]
 [ -4.77874095e-01  -5.70221287e-01  -3.12054776e+00 ...,  -1.91628560e+00
   -1.28967532e+01   9.34634124e+00]
 [  1.24001556e+00  -3.12054776e+00  -1.38353609e+01 ...,  -1.50271186e+01
   -6.33272136e+01   4.25473791e+01]
 ..., 
 [ -1.76134508e+01  -1.91628560e+00  -1.50271186e+01 ...,  -8.26279593e+01
   -9.75453397e+01   2.42021054e+02]
 [ -2.00712125e+01  -1.28967532e+01  -6.33272136e+01 ...,  -9.75453397e+01
   -2.50096943e+02   5.00842967e+02]
 [ -2.02006461e+01   9.34634124e+00   4.25473791e+01 ...,   2.42021054e+02
    5.00842967e+02  -8.47885266e+02]]"
"[[  2.40037391  -0.32826326   0.12271965 ...,  -4.76651049  -3.10626734
    0.45905759]
 [ -0.32826326   0.12921703   0.42161961 ...,  -1.01102808  -1.04765406
   -1.0705702 ]
 [  0.12271965   0.42161961   1.79819381 ...,  -6.57594168  -5.59053131
   -4.96219764]
 ..., 
 [ -4.76651049  -1.01102808  -6.57594168 ..., -31.27483101 -37.96313399
  -24.48118843]
 [ -3.10626734  -1.04765406  -5.59053131 ..., -37.96313399 -89.20988443
   15.9447678 ]
 [  0.45905759  -1.0705702   -4.96219764 ..., -24.48118843  15.9447678
   39.12303537]]"
"[[  24.84693      -7.5093671   -28.47649847 ...,  -35.5404552   -37.2901252
    32.52951286]
 [  -7.5093671     1.24087134    1.73145777 ...,   -5.40260564
   -16.74381191    6.68845533]
 [ -28.47649847    1.73145777  -16.19757925 ...,  -54.61217139
  -114.81195687   88.98119293]
 ..., 
 [ -35.5404552    -5.40260564  -54.61217139 ..., -165.566973    156.57656386
   229.03668657]
 [ -37.2901252   -16.74381191 -114.81195687 ...,  156.57656386
  -200.94505855  115.47408837]
 [  32.52951286    6.68845533   88.98119293 ...,  229.03668657
   115.47408837 -387.13375264]]"
"[[  -72.22878657     9.71652748     3.51021246 ...,    11.5248617
    131.74150344    54.94832851]
 [    9.71652748    -2.56279352    -6.43983752 ...,    -3.37792555
    -22.22306216    -4.21029057]
 [    3.51021246    -6.43983752   -31.97723847 ...,    -9.54819692
    -52.16965018    24.82467919]
 ..., 
 [   11.5248617     -3.37792555    -9.54819692 ...,  -185.52892676
   -178.52222666  -159.26912784]
 [  131.74150344   -22.22306216   -52.16965018 ...,  -178.52222666
  -1294.19332579  -474.72457009]
 [   54.94832851    -4.21029057    24.82467919 ...,  -159.26912784
   -474.72457009 -1016.12996182]]"
"[[ -3.93702994e+01  -1.33022855e+00  -3.18190706e+01 ...,   6.39732670e+01
   -1.98673143e+00   4.59219874e+01]
 [ -1.33022855e+00  -7.81128062e-01  -3.90273546e+00 ...,  -2.65627938e+01
    1.01569153e+01  -9.81179331e+00]
 [ -3.18190706e+01  -3.90273546e+00  -3.90406336e+01 ...,  -4.95585441e+01
    7.10318606e+01  -3.87700654e+01]
 ..., 
 [  6.39732670e+01  -2.65627938e+01  -4.95585441e+01 ...,  -1.76750212e+03
   -4.11455305e+01  -1.58964624e+02]
 [ -1.98673143e+00   1.01569153e+01   7.10318606e+01 ...,  -4.11455305e+01
   -6.80189461e+02   1.32876426e+02]
 [  4.59219874e+01  -9.81179331e+00  -3.87700654e+01 ...,  -1.58964624e+02
    1.32876426e+02  -9.68812812e+02]]"
"[[ -1.22713676e+01  -3.55769800e-01  -1.18581791e+01 ...,   6.02375500e+01
   -3.24056672e+01  -1.17103723e+01]
 [ -3.55769800e-01  -1.69239358e+00  -6.72645643e+00 ...,  -6.01050480e-01
    3.52809814e+01  -8.73759830e+00]
 [ -1.18581791e+01  -6.72645643e+00  -3.49435662e+01 ...,   4.63816358e+01
    1.14202704e+02  -4.17472117e+01]
 ..., 
 [  6.02375500e+01  -6.01050480e-01   4.63816358e+01 ...,  -6.10998786e+02
    1.50630354e+02  -3.98933224e+01]
 [ -3.24056672e+01   3.52809814e+01   1.14202704e+02 ...,   1.50630354e+02
   -1.14243690e+03   1.23843026e+02]
 [ -1.17103723e+01  -8.73759830e+00  -4.17472117e+01 ...,  -3.98933224e+01
    1.23843026e+02  -6.14372643e+01]]"
"[[ -8.51595238e+00  -3.23377125e-02  -5.95187620e+00 ...,   2.85622177e-01
   -2.43202738e+00  -1.75178117e+01]
 [ -3.23377125e-02   1.04913341e-01   6.97498478e-01 ...,   2.16183695e+00
    5.84028832e+00  -2.10549086e+00]
 [ -5.95187620e+00   6.97498478e-01  -7.06709978e-01 ...,   1.59923371e+01
    3.56595039e+01  -2.93209768e+01]
 ..., 
 [  2.85622177e-01   2.16183695e+00   1.59923371e+01 ...,  -1.36164789e+02
   -5.78598300e+00   1.69695083e+02]
 [ -2.43202738e+00   5.84028832e+00   3.56595039e+01 ...,  -5.78598300e+00
   -5.00320552e+02   5.96471545e+01]
 [ -1.75178117e+01  -2.10549086e+00  -2.93209768e+01 ...,   1.69695083e+02
    5.96471545e+01  -4.33564363e+02]]"
"[[ -2.50117006e+01   3.58453245e-01  -2.06762258e+01 ...,   1.38454177e+01
    3.65889612e+01  -1.12863209e+01]
 [  3.58453245e-01   1.43540247e-01   1.35581577e+00 ...,  -4.23435654e+00
    3.62731218e-01  -2.98124595e+00]
 [ -2.06762258e+01   1.35581577e+00  -1.12781874e+01 ...,  -7.77770577e+00
    2.44983784e+01  -2.01077033e+01]
 ..., 
 [  1.38454177e+01  -4.23435654e+00  -7.77770577e+00 ...,   4.56717243e+01
    7.26347873e+01   3.04146075e+01]
 [  3.65889612e+01   3.62731218e-01   2.44983784e+01 ...,   7.26347873e+01
    7.85331336e+01   1.99087068e+02]
 [ -1.12863209e+01  -2.98124595e+00  -2.01077033e+01 ...,   3.04146075e+01
    1.99087068e+02  -9.27016495e+01]]"
"[[ -7.30382097e+00  -1.29538027e-01  -5.85985293e+00 ...,   1.24782880e+00
    9.39888529e+00   3.50502079e+00]
 [ -1.29538027e-01  -2.72680384e-03   5.11785340e-01 ...,  -4.31054193e-01
    2.47968923e-01  -2.74713485e+00]
 [ -5.85985293e+00   5.11785340e-01  -2.23837310e-01 ...,  -3.87801653e+00
    1.07774397e+01  -2.30680551e+00]
 ..., 
 [  1.24782880e+00  -4.31054193e-01  -3.87801653e+00 ...,   1.21764721e+01
   -4.57037820e+01  -4.84747519e+00]
 [  9.39888529e+00   2.47968923e-01   1.07774397e+01 ...,  -4.57037820e+01
   -6.15248762e+01   2.70685616e+01]
 [  3.50502079e+00  -2.74713485e+00  -2.30680551e+00 ...,  -4.84747519e+00
    2.70685616e+01  -3.16231498e+01]]"
"[[ -7.28780316e+00   5.43377736e-01  -2.90015136e+00 ...,  -2.38086028e-01
    1.63805746e+01  -1.71474216e+01]
 [  5.43377736e-01  -3.90322217e-02   3.80793686e-01 ...,   3.73870992e-02
   -1.21230313e+00   2.54303728e+00]
 [ -2.90015136e+00   3.80793686e-01   2.76505201e-01 ...,  -1.78920109e+00
    7.61066338e+00  -2.48402093e+00]
 ..., 
 [ -2.38086028e-01   3.73870992e-02  -1.78920109e+00 ...,  -1.19651774e+00
    1.54589387e+01  -5.59146011e+00]
 [  1.63805746e+01  -1.21230313e+00   7.61066338e+00 ...,   1.54589387e+01
   -1.10308358e+02   7.56919670e+01]
 [ -1.71474216e+01   2.54303728e+00  -2.48402093e+00 ...,  -5.59146011e+00
    7.56919670e+01  -6.88749110e+01]]"
"[[ -1.51788758  -0.52685728  -5.60511725 ...,  13.10483447  17.25640132
  -12.23436873]
 [ -0.52685728   0.4236925    2.07887472 ...,  -2.20102036  -1.70547985
    2.13026108]
 [ -5.60511725   2.07887472   6.60054311 ...,  -4.18089686  -0.30271596
    8.90567712]
 ..., 
 [ 13.10483447  -2.20102036  -4.18089686 ...,  17.36742241  59.93941886
  -59.54748874]
 [ 17.25640132  -1.70547985  -0.30271596 ...,  59.93941886  51.86246583
  -91.78935377]
 [-12.23436873   2.13026108   8.90567712 ..., -59.54748874 -91.78935377
   77.7757874 ]]"
"[[ -4.99967543e+01   7.03699979e+00   7.06934294e+00 ...,  -3.65841906e+01
    1.92365002e-01  -7.24590758e+01]
 [  7.03699979e+00  -2.97618391e+00  -7.73658660e+00 ...,   1.66036194e+00
    1.50610959e+01   2.37904179e+01]
 [  7.06934294e+00  -7.73658660e+00  -2.76814617e+01 ...,   1.85099837e+00
    4.87734552e+01   4.89241753e+01]
 ..., 
 [ -3.65841906e+01   1.66036194e+00   1.85099837e+00 ...,  -5.56699435e+02
    6.04573267e+02  -4.43266467e+02]
 [  1.92365002e-01   1.50610959e+01   4.87734552e+01 ...,   6.04573267e+02
   -1.03160728e+03   3.98896228e+02]
 [ -7.24590758e+01   2.37904179e+01   4.89241753e+01 ...,  -4.43266467e+02
    3.98896228e+02  -7.70048217e+02]]"
"[[ -5.31386694e+01   1.38421419e+01   2.54519669e+01 ...,  -5.53906070e+01
    1.78855551e+02  -9.26931504e+01]
 [  1.38421419e+01  -2.94946851e+00  -9.75725810e-01 ...,   1.17952812e+01
   -5.23070031e+01   1.47511633e+01]
 [  2.54519669e+01  -9.75725810e-01   8.71497219e+00 ...,   7.24530988e+01
   -8.13214443e+01   2.32572686e+01]
 ..., 
 [ -5.53906070e+01   1.17952812e+01   7.24530988e+01 ...,  -7.13691162e+02
    2.70467710e+02  -4.01451013e+02]
 [  1.78855551e+02  -5.23070031e+01  -8.13214443e+01 ...,   2.70467710e+02
   -1.97646981e+03   4.09820925e+02]
 [ -9.26931504e+01   1.47511633e+01   2.32572686e+01 ...,  -4.01451013e+02
    4.09820925e+02  -5.68474449e+02]]"
"[[ -59.49108327    7.39760412    5.76920225 ...,   12.67706681
    90.53442922   72.75163327]
 [   7.39760412   -0.62582808    0.70405348 ...,   -0.95800743
    -7.75039202   -4.49477803]
 [   5.76920225    0.70405348    2.42037829 ...,   20.13437973
    21.64647003   38.23807023]
 ..., 
 [  12.67706681   -0.95800743   20.13437973 ..., -178.69714194
   -96.52586356 -170.68483929]
 [  90.53442922   -7.75039202   21.64647003 ...,  -96.52586356
  -203.62540582 -143.52138877]
 [  72.75163327   -4.49477803   38.23807023 ..., -170.68483929
  -143.52138877 -339.12998216]]"
"[[ -6.97241782e+00   3.36452103e+00   1.36149428e+01 ...,  -1.13952833e+01
   -3.26059764e-01   1.58944111e+00]
 [  3.36452103e+00   2.52224772e-01   3.03030141e+00 ...,   3.13794366e-01
   -6.49683090e+00   8.49665309e+00]
 [  1.36149428e+01   3.03030141e+00   1.95095153e+01 ...,   1.89196898e+01
   -3.29104817e+01   6.81103383e+01]
 ..., 
 [ -1.13952833e+01   3.13794366e-01   1.89196898e+01 ...,  -2.44891419e+02
    2.56501539e+01  -2.88908481e+02]
 [ -3.26059764e-01  -6.49683090e+00  -3.29104817e+01 ...,   2.56501539e+01
   -2.08806161e+02  -8.99836041e+01]
 [  1.58944111e+00   8.49665309e+00   6.81103383e+01 ...,  -2.88908481e+02
   -8.99836041e+01  -3.84949270e+02]]"
"[[ -1.41064812e+01  -9.19648456e-02  -4.66182201e+00 ...,  -7.78741296e+00
    2.82654068e+01  -7.31149764e+00]
 [ -9.19648456e-02   8.42868159e-01   2.80649883e+00 ...,   1.39544085e+00
   -4.03206630e+00   1.67485354e+00]
 [ -4.66182201e+00   2.80649883e+00   7.80762324e+00 ...,   9.11508780e-01
    1.98095601e-01   9.12179582e+00]
 ..., 
 [ -7.78741296e+00   1.39544085e+00   9.11508780e-01 ...,   1.05827819e+01
    9.39099933e+00  -3.33561016e+01]
 [  2.82654068e+01  -4.03206630e+00   1.98095601e-01 ...,   9.39099933e+00
   -8.21491557e+01  -1.16642571e+02]
 [ -7.31149764e+00   1.67485354e+00   9.12179582e+00 ...,  -3.33561016e+01
   -1.16642571e+02  -2.12377131e+02]]"
"[[ -3.78913220e+01   3.56997341e+00  -1.35582025e+01 ...,   1.23614898e+01
    6.52522119e+01  -8.00180338e-01]
 [  3.56997341e+00  -1.68732842e+00  -4.30121061e+00 ...,  -4.69735792e+00
    9.86788091e+00   1.41699270e+01]
 [ -1.35582025e+01  -4.30121061e+00  -3.20779186e+01 ...,   4.59662763e+00
    1.03080137e+02   7.00921739e+01]
 ..., 
 [  1.23614898e+01  -4.69735792e+00   4.59662763e+00 ...,  -2.61559284e+02
    4.53529533e+01  -2.53950040e-01]
 [  6.52522119e+01   9.86788091e+00   1.03080137e+02 ...,   4.53529533e+01
   -4.22811696e+02  -2.35815630e+01]
 [ -8.00180338e-01   1.41699270e+01   7.00921739e+01 ...,  -2.53950040e-01
   -2.35815630e+01  -6.86942703e+02]]"
"[[ -1.04854921e+02   9.69131183e+00  -4.33965639e+01 ...,  -3.94961319e+01
    3.58304036e+01   1.02967912e+01]
 [  9.69131183e+00  -2.12447210e+00  -9.50765490e-01 ...,  -7.77556988e-02
    7.00998812e+00   1.36416877e+01]
 [ -4.33965639e+01  -9.50765490e-01  -4.06563577e+01 ...,   3.11914636e+00
    7.56777027e+01   6.74506307e+01]
 ..., 
 [ -3.94961319e+01  -7.77556988e-02   3.11914636e+00 ...,  -5.78910343e+02
   -1.29216084e+02   2.97240030e+01]
 [  3.58304036e+01   7.00998812e+00   7.56777027e+01 ...,  -1.29216084e+02
   -3.92754967e+02  -1.84835301e+02]
 [  1.02967912e+01   1.36416877e+01   6.74506307e+01 ...,   2.97240030e+01
   -1.84835301e+02  -2.79537028e+02]]"
"[[  6.38963097e+00  -1.22885075e+00  -5.30310812e-01 ...,  -1.14885407e+01
    1.46704561e+00   7.87749972e+00]
 [ -1.22885075e+00  -1.73594503e+00  -7.52802074e+00 ...,  -2.51496270e+01
   -1.16969254e+01   1.00633416e+01]
 [ -5.30310812e-01  -7.52802074e+00  -3.36034287e+01 ...,  -8.26952453e+01
   -3.07160256e+01   5.21877524e+01]
 ..., 
 [ -1.14885407e+01  -2.51496270e+01  -8.26952453e+01 ...,  -6.13662518e+02
   -2.67506545e+02   1.13486660e+02]
 [  1.46704561e+00  -1.16969254e+01  -3.07160256e+01 ...,  -2.67506545e+02
   -4.25053497e+02   1.07111220e+02]
 [  7.87749972e+00   1.00633416e+01   5.21877524e+01 ...,   1.13486660e+02
    1.07111220e+02  -2.20844755e+02]]"
"[[  8.72303667e+00   2.64227436e-01   6.01427258e+00 ...,  -9.21016985e+00
    2.77109707e-03   8.00610793e+00]
 [  2.64227436e-01  -1.61088256e+00  -6.60939980e+00 ...,  -3.18282061e+00
   -6.32622206e+00   7.10388446e+00]
 [  6.01427258e+00  -6.60939980e+00  -2.69070233e+01 ...,  -3.45300275e+01
   -1.78433792e+00   3.79883487e+01]
 ..., 
 [ -9.21016985e+00  -3.18282061e+00  -3.45300275e+01 ...,  -2.69980885e+02
    8.53599426e+01   9.48004927e+01]
 [  2.77109707e-03  -6.32622206e+00  -1.78433792e+00 ...,   8.53599426e+01
   -2.95638433e+02   3.42071715e+01]
 [  8.00610793e+00   7.10388446e+00   3.79883487e+01 ...,   9.48004927e+01
    3.42071715e+01  -1.33708619e+02]]"
"[[   -7.07088183     6.83223512    17.12830794 ...,   -73.35799785
    212.15690665   115.59468279]
 [    6.83223512    -2.26571176    -4.97068899 ...,     6.24336203
    -51.11467872   -27.72353384]
 [   17.12830794    -4.97068899   -18.68852016 ...,   -63.86776582
     -9.52109109   -24.76336412]
 ..., 
 [  -73.35799785     6.24336203   -63.86776582 ...,  -419.26365695
    837.49741457   341.89623856]
 [  212.15690665   -51.11467872    -9.52109109 ...,   837.49741457
  -1821.11496919  -910.73238573]
 [  115.59468279   -27.72353384   -24.76336412 ...,   341.89623856
   -910.73238573  -584.78486852]]"
"[[ -5.09144616e+00   9.78517666e-01  -5.56912390e+00 ...,  -1.21967169e+01
    1.29035289e+02   5.95990874e+01]
 [  9.78517666e-01  -3.54120703e-01   5.18427896e-01 ...,   5.73830581e+00
   -3.39114222e+01  -1.71155852e+01]
 [ -5.56912390e+00   5.18427896e-01  -1.78848863e+00 ...,   3.63247934e+00
   -5.81174008e+01  -1.25803780e+01]
 ..., 
 [ -1.21967169e+01   5.73830581e+00   3.63247934e+00 ...,  -1.63186621e+01
    2.43824679e+02   4.94097497e+01]
 [  1.29035289e+02  -3.39114222e+01  -5.81174008e+01 ...,   2.43824679e+02
   -1.09203539e+03  -9.36864497e+02]
 [  5.95990874e+01  -1.71155852e+01  -1.25803780e+01 ...,   4.94097497e+01
   -9.36864497e+02  -5.01444189e+02]]"
"[[  22.270951     -0.47085439   15.38693759 ...,   46.41818886
   -18.03930607  -26.05069051]
 [  -0.47085439   -0.67012292   -2.94972557 ...,    4.95261824
    -0.50118895   12.14747628]
 [  15.38693759   -2.94972557    0.55034565 ...,   66.38095356
   -20.05796294   33.42113782]
 ..., 
 [  46.41818886    4.95261824   66.38095356 ...,  229.607313   -175.46678176
  -113.13065309]
 [ -18.03930607   -0.50118895  -20.05796294 ..., -175.46678176
    88.23771948  -74.5435804 ]
 [ -26.05069051   12.14747628   33.42113782 ..., -113.13065309  -74.5435804
  -226.97010418]]"
"[[  1.07065550e+00   4.44619211e+00   2.02734043e+00 ...,   1.44415404e+01
    3.88373515e+02   1.84523029e+02]
 [  4.44619211e+00  -2.57207117e+00  -2.88074504e+00 ...,   1.99312079e+00
   -1.30485384e+02  -6.47936608e+01]
 [  2.02734043e+00  -2.88074504e+00  -6.28725083e+00 ...,  -3.02338624e-01
   -1.76211911e+02  -5.95930083e+01]
 ..., 
 [  1.44415404e+01   1.99312079e+00  -3.02338624e-01 ...,   5.87267723e+01
    3.10041705e+02   9.35185058e+01]
 [  3.88373515e+02  -1.30485384e+02  -1.76211911e+02 ...,   3.10041705e+02
   -3.67696206e+03  -2.43704353e+03]
 [  1.84523029e+02  -6.47936608e+01  -5.95930083e+01 ...,   9.35185058e+01
   -2.43704353e+03  -1.44335614e+03]]"
"[[  1.915876    -0.3873834   -0.20076775 ...,  -2.08038545  15.45265252
    1.94975052]
 [ -0.3873834   -0.0549021   -0.50913393 ...,  -0.13931027  -0.95314592
   -0.65536594]
 [ -0.20076775  -0.50913393  -1.97964385 ...,  -2.44097497  -1.75896004
    0.81240495]
 ..., 
 [ -2.08038545  -0.13931027  -2.44097497 ..., -21.94083121  20.33191673
    6.8956934 ]
 [ 15.45265252  -0.95314592  -1.75896004 ...,  20.33191673  44.1945858
  -46.82798995]
 [  1.94975052  -0.65536594   0.81240495 ...,   6.8956934  -46.82798995
  -44.25581855]]"
"[[ -3.06130350e+01   9.93682331e-01  -2.22375627e+01 ...,   2.05818514e+01
    4.86807103e+01   1.11257529e+02]
 [  9.93682331e-01  -1.07294172e+00  -2.48491613e+00 ...,   7.21796113e-01
    7.31347494e+00  -3.60138344e-02]
 [ -2.22375627e+01  -2.48491613e+00  -2.66853971e+01 ...,   2.56464553e+01
    3.94542688e+01   9.39246120e+01]
 ..., 
 [  2.05818514e+01   7.21796113e-01   2.56464553e+01 ...,  -5.99296628e+02
    2.96207332e+01   4.01968224e+01]
 [  4.86807103e+01   7.31347494e+00   3.94542688e+01 ...,   2.96207332e+01
   -8.43455368e+02  -2.64885155e+02]
 [  1.11257529e+02  -3.60138344e-02   9.39246120e+01 ...,   4.01968224e+01
