varIs0
"[[  7.60603084e-01  -1.15195341e-01  -3.83100880e-01 ...,   5.95464403e+00
    3.88171690e+00  -1.90807095e+00]
 [ -1.15195341e-01   1.99448543e-02   6.82356642e-02 ...,  -7.63146505e-01
   -4.83159812e-01   2.52799239e-01]
 [ -3.83100880e-01   6.82356642e-02   2.40286267e-01 ...,  -2.59353060e+00
   -1.56145674e+00   9.02680025e-01]
 ..., 
 [  5.95464403e+00  -7.63146505e-01  -2.59353060e+00 ...,   5.93871001e+01
    3.73204993e+01  -1.93743239e+01]
 [  3.88171690e+00  -4.83159812e-01  -1.56145674e+00 ...,   3.73204993e+01
    2.56109030e+01  -1.17976160e+01]
 [ -1.90807095e+00   2.52799239e-01   9.02680025e-01 ...,  -1.93743239e+01
   -1.17976160e+01   7.28213237e+00]]"
"[[  1.26593889e+00  -1.37504898e-01   2.17774788e-01 ...,  -2.69725640e+00
   -1.17835594e+01  -2.09386485e+01]
 [ -1.37504898e-01   2.21315185e-02  -3.07247123e-03 ...,   4.01975786e-01
    1.12617824e+00   2.10556160e+00]
 [  2.17774788e-01  -3.07247123e-03   1.09119351e-01 ...,  -8.20836664e-02
   -2.92160871e+00  -4.35726045e+00]
 ..., 
 [ -2.69725640e+00   4.01975786e-01  -8.20836664e-02 ...,   1.00373892e+01
    2.21216260e+01   4.14611636e+01]
 [ -1.17835594e+01   1.12617824e+00  -2.92160871e+00 ...,   2.21216260e+01
    1.38904009e+02   2.23433773e+02]
 [ -2.09386485e+01   2.10556160e+00  -4.35726045e+00 ...,   4.14611636e+01
    2.23433773e+02   3.84419406e+02]]"
"[[  0.44533271  -0.04609197   0.08029387 ...,  -0.93187607   0.35717771
    1.8237642 ]
 [ -0.04609197   0.03479467   0.13203719 ...,   0.34775308   0.04242558
   -0.25614583]
 [  0.08029387   0.13203719   0.70123774 ...,   0.53738293   0.84949445
    0.12716073]
 ..., 
 [ -0.93187607   0.34775308   0.53738293 ...,  13.0837748   -7.96027853
   -6.79779733]
 [  0.35717771   0.04242558   0.84949445 ...,  -7.96027853   8.67272232
    2.58814764]
 [  1.8237642   -0.25614583   0.12716073 ...,  -6.79779733   2.58814764
    9.07419741]]"
"[[  3.92900197e-01  -1.77918413e-02  -9.06091772e-02 ...,   7.74317135e-01
   -1.87047293e+00  -2.10737390e+00]
 [ -1.77918413e-02   2.42046894e-02   5.10178276e-02 ...,   2.05206256e-01
    3.87570581e-01   9.30639800e-01]
 [ -9.06091772e-02   5.10178276e-02   1.30692780e-01 ...,   4.17048685e-01
    1.12533689e+00   2.38069248e+00]
 ..., 
 [  7.74317135e-01   2.05206256e-01   4.17048685e-01 ...,   7.38221324e+00
    6.35828046e-01   1.13767211e+01]
 [ -1.87047293e+00   3.87570581e-01   1.12533689e+00 ...,   6.35828046e-01
    1.37892979e+01   2.33171197e+01]
 [ -2.10737390e+00   9.30639800e-01   2.38069248e+00 ...,   1.13767211e+01
    2.33171197e+01   5.54046994e+01]]"
"[[  1.58374419e-01  -1.54086024e-02  -5.27736950e-02 ...,  -3.16341447e-01
    1.16678347e-01  -7.03533131e-01]
 [ -1.54086024e-02   2.34451414e-02   1.54320077e-01 ...,   1.37541575e-02
    9.88090995e-01  -1.37572757e-01]
 [ -5.27736950e-02   1.54320077e-01   1.04823550e+00 ...,   8.74672792e-02
    7.18134205e+00  -8.74225023e-01]
 ..., 
 [ -3.16341447e-01   1.37541575e-02   8.74672792e-02 ...,   1.26540054e+01
    5.36298659e+00   9.64544788e+00]
 [  1.16678347e-01   9.88090995e-01   7.18134205e+00 ...,   5.36298659e+00
    6.71734389e+01   2.59999548e+00]
 [ -7.03533131e-01  -1.37572757e-01  -8.74225023e-01 ...,   9.64544788e+00
    2.59999548e+00   1.47765799e+01]]"
"[[  7.57635889  -0.73020745  -3.11120887 ...,  10.34978386   6.79598024
   18.20573589]
 [ -0.73020745   0.09037316   0.39734999 ...,  -0.57388581  -0.73919119
   -2.08497209]
 [ -3.11120887   0.39734999   1.93447084 ...,  -3.12647348  -5.06492344
  -10.11827653]
 ..., 
 [ 10.34978386  -0.57388581  -3.12647348 ...,  28.1470276   18.06748977
   24.12113815]
 [  6.79598024  -0.73919119  -5.06492344 ...,  18.06748977  35.43845278
   37.17584517]
 [ 18.20573589  -2.08497209 -10.11827653 ...,  24.12113815  37.17584517
   63.24729954]]"
"[[  9.79245003e-01  -4.34314749e-02   7.72624973e-01 ...,   2.32645868e+00
   -1.59989982e+00   2.16387840e+00]
 [ -4.34314749e-02   8.45600238e-03  -2.00832865e-02 ...,   2.55021317e-01
   -2.26120148e-02   5.01926539e-01]
 [  7.72624973e-01  -2.00832865e-02   1.01308302e+00 ...,   2.28863176e+00
   -3.15494023e+00  -2.00318795e-02]
 ..., 
 [  2.32645868e+00   2.55021317e-01   2.28863176e+00 ...,   3.65858225e+01
    4.89018302e-01   3.65460768e+01]
 [ -1.59989982e+00  -2.26120148e-02  -3.15494023e+00 ...,   4.89018302e-01
    1.82641841e+01  -3.36884675e+00]
 [  2.16387840e+00   5.01926539e-01  -2.00318795e-02 ...,   3.65460768e+01
   -3.36884675e+00   9.33978827e+01]]"
"[[  12.70776006   -4.36299358  -17.69765282 ...,   96.471319    102.51106492
    85.44250336]
 [  -4.36299358    1.50396288    6.11032632 ...,  -33.30009131
   -35.34535163  -29.41436573]
 [ -17.69765282    6.11032632   24.84228462 ..., -135.34437417
  -143.58464808 -119.45263057]
 ..., 
 [  96.471319    -33.30009131 -135.34437417 ...,  738.67916282
   783.29896352  650.56544346]
 [ 102.51106492  -35.34535163 -143.58464808 ...,  783.29896352
   831.64338866  691.00715972]
 [  85.44250336  -29.41436573 -119.45263057 ...,  650.56544346
   691.00715972  575.95770702]]"
"[[  7.84187478e-01  -9.24884778e-02  -1.89024400e-01 ...,   1.75530321e+00
    3.87064981e+00  -2.25074407e+00]
 [ -9.24884778e-02   2.50316750e-02   9.86018574e-02 ...,  -1.09277374e-01
   -1.38884281e-01   3.28541303e-01]
 [ -1.89024400e-01   9.86018574e-02   4.73292108e-01 ...,   1.27742610e-01
    6.16355146e-01   8.35434270e-01]
 ..., 
 [  1.75530321e+00  -1.09277374e-01   1.27742610e-01 ...,   5.52769655e+00
    1.26150023e+01  -4.94383862e+00]
 [  3.87064981e+00  -1.38884281e-01   6.16355146e-01 ...,   1.26150023e+01
    4.71235433e+01  -1.30840354e+01]
 [ -2.25074407e+00   3.28541303e-01   8.35434270e-01 ...,  -4.94383862e+00
   -1.30840354e+01   9.51531614e+00]]"
"[[  7.29237507e-01  -5.89263721e-02   1.39145013e-01 ...,   1.70202393e+00
    1.12592431e+00  -4.25190770e-01]
 [ -5.89263721e-02   7.59441158e-03  -2.16631499e-05 ...,  -4.42988604e-02
   -1.91643535e-01  -1.07168452e-02]
 [  1.39145013e-01  -2.16631499e-05   9.01095381e-02 ...,   7.80929963e-01
   -1.22214760e-01  -1.79003505e-01]
 ..., 
 [  1.70202393e+00  -4.42988604e-02   7.80929963e-01 ...,   8.82083583e+00
   -1.22373863e+00  -2.30470498e+00]
 [  1.12592431e+00  -1.91643535e-01  -1.22214760e-01 ...,  -1.22373863e+00
    1.67998715e+01   3.76937896e-01]
 [ -4.25190770e-01  -1.07168452e-02  -1.79003505e-01 ...,  -2.30470498e+00
    3.76937896e-01   1.72690314e+00]]"
"[[  2.00096938e-01  -1.07359507e-02   8.83880181e-02 ...,   5.41125068e-01
   -3.63705400e-01  -5.11836894e-02]
 [ -1.07359507e-02   5.76747507e-02   2.68940008e-01 ...,   4.42996697e-01
   -6.74605652e-01  -8.31074150e-01]
 [  8.83880181e-02   2.68940008e-01   1.36310332e+00 ...,   2.54446758e+00
   -3.49737584e+00  -4.05127369e+00]
 ..., 
 [  5.41125068e-01   4.42996697e-01   2.54446758e+00 ...,   7.23708510e+00
   -8.48633378e+00  -9.16123158e+00]
 [ -3.63705400e-01  -6.74605652e-01  -3.49737584e+00 ...,  -8.48633378e+00
    1.12903478e+01   1.25225820e+01]
 [ -5.11836894e-02  -8.31074150e-01  -4.05127369e+00 ...,  -9.16123158e+00
    1.25225820e+01   1.70601675e+01]]"
"[[ 0.11540617 -0.0242714  -0.06073741 ...,  0.37502158  0.24744768
   0.21046742]
 [-0.0242714   0.02048491  0.0870798  ..., -0.05435643 -0.0468401
   0.2393729 ]
 [-0.06073741  0.0870798   0.40087128 ...,  0.03385389 -0.26626715
   1.30660888]
 ..., 
 [ 0.37502158 -0.05435643  0.03385389 ...,  3.93549601 -2.69739389
   1.78526183]
 [ 0.24744768 -0.0468401  -0.26626715 ..., -2.69739389  7.02585626
   0.16111273]
 [ 0.21046742  0.2393729   1.30660888 ...,  1.78526183  0.16111273
   6.28497818]]"
"[[ 0.09215468 -0.03690109 -0.12629732 ...,  0.14441465  0.02145173
  -0.32480936]
 [-0.03690109  0.03794959  0.177679   ..., -0.21619026  0.09103323
   0.26286834]
 [-0.12629732  0.177679    0.89305927 ..., -1.15865513  0.5061678
   1.12407377]
 ..., 
 [ 0.14441465 -0.21619026 -1.15865513 ...,  1.98517473 -0.86365884
  -1.06258714]
 [ 0.02145173  0.09103323  0.5061678  ..., -0.86365884  0.87009316
   0.5607815 ]
 [-0.32480936  0.26286834  1.12407377 ..., -1.06258714  0.5607815
   2.51930288]]"
"[[  3.74991742e-02  -5.18296830e-03   6.05356975e-03 ...,  -1.26016632e-01
   -7.87482370e-02   4.82718019e-02]
 [ -5.18296830e-03   2.56290916e-03   9.50991450e-03 ...,   4.54709612e-03
    3.83994391e-03   2.57784186e-03]
 [  6.05356975e-03   9.50991450e-03   6.36265139e-02 ...,  -2.04301453e-01
   -1.23825804e-01   9.64777503e-02]
 ..., 
 [ -1.26016632e-01   4.54709612e-03  -2.04301453e-01 ...,   5.56636014e+00
    4.14312960e+00  -2.59372993e+00]
 [ -7.87482370e-02   3.83994391e-03  -1.23825804e-01 ...,   4.14312960e+00
    3.91791299e+00  -1.95304187e+00]
 [  4.82718019e-02   2.57784186e-03   9.64777503e-02 ...,  -2.59372993e+00
   -1.95304187e+00   1.43821975e+00]]"
"[[  3.02272594e-01  -2.58564734e-02   1.21125934e-01 ...,  -4.34722716e-02
   -9.81175431e-01  -3.65130536e-01]
 [ -2.58564734e-02   5.94153649e-03   6.14666312e-03 ...,  -1.43457293e-01
    1.58480712e-02   1.75224378e-01]
 [  1.21125934e-01   6.14666312e-03   1.30805080e-01 ...,  -8.29504294e-01
   -7.75205876e-01   5.39400599e-01]
 ..., 
 [ -4.34722716e-02  -1.43457293e-01  -8.29504294e-01 ...,   1.18520479e+01
    7.35853446e+00  -8.78595859e+00]
 [ -9.81175431e-01   1.58480712e-02  -7.75205876e-01 ...,   7.35853446e+00
    9.13825577e+00  -3.80049340e+00]
 [ -3.65130536e-01   1.75224378e-01   5.39400599e-01 ...,  -8.78595859e+00
   -3.80049340e+00   8.25419307e+00]]"
"[[  4.35849143e-01  -4.82496449e-02   1.12460667e-01 ...,   5.42372352e-01
   -6.82590178e-01  -1.14520014e+00]
 [ -4.82496449e-02   7.47714003e-03  -3.09697695e-03 ...,  -7.28329183e-02
    1.13984988e-01   1.41395229e-01]
 [  1.12460667e-01  -3.09697695e-03   8.02547658e-02 ...,  -2.10741504e-02
    1.54962635e-02  -2.21693689e-01]
 ..., 
 [  5.42372352e-01  -7.28329183e-02  -2.10741504e-02 ...,   3.52666866e+00
   -1.24903764e+00  -3.12419985e+00]
 [ -6.82590178e-01   1.13984988e-01   1.54962635e-02 ...,  -1.24903764e+00
    2.87074686e+00   1.54768120e+00]
 [ -1.14520014e+00   1.41395229e-01  -2.21693689e-01 ...,  -3.12419985e+00
    1.54768120e+00   5.18440635e+00]]"
"[[  4.92297058e-01  -6.40268276e-02   6.78100281e-02 ...,   7.45567787e-01
   -2.01893879e-01  -1.30459473e+00]
 [ -6.40268276e-02   9.84545487e-03  -2.25947624e-03 ...,  -1.27002908e-01
    9.90604518e-02   1.86602483e-01]
 [  6.78100281e-02  -2.25947624e-03   3.88013581e-02 ...,  -1.54197061e-02
    2.58907651e-01  -1.14795727e-01]
 ..., 
 [  7.45567787e-01  -1.27002908e-01  -1.54197061e-02 ...,   2.51832581e+00
   -2.64607996e+00  -2.45212905e+00]
 [ -2.01893879e-01   9.90604518e-02   2.58907651e-01 ...,  -2.64607996e+00
    5.11528108e+00   1.71772479e+00]
 [ -1.30459473e+00   1.86602483e-01  -1.14795727e-01 ...,  -2.45212905e+00
    1.71772479e+00   3.88366592e+00]]"
"[[  1.08203904e-01  -5.02478847e-03   5.46941359e-02 ...,   8.86589786e-02
    3.29433441e-02  -5.93035187e-02]
 [ -5.02478847e-03   6.56646502e-04  -3.35604724e-04 ...,  -3.07821205e-04
   -1.05043588e-02   6.80066588e-03]
 [  5.46941359e-02  -3.35604724e-04   3.95692600e-02 ...,   6.09417239e-02
   -3.28319726e-02  -1.01963530e-02]
 ..., 
 [  8.86589786e-02  -3.07821205e-04   6.09417239e-02 ...,   3.38869924e-01
   -9.99086975e-02   1.09384946e-01]
 [  3.29433441e-02  -1.05043588e-02  -3.28319726e-02 ...,  -9.99086975e-02
    3.22721347e-01  -1.26703541e-01]
 [ -5.93035187e-02   6.80066588e-03  -1.01963530e-02 ...,   1.09384946e-01
   -1.26703541e-01   3.61875207e-01]]"
"[[ 0.08123269 -0.01834225 -0.02967378 ..., -0.04606725 -0.00755379
   0.197431  ]
 [-0.01834225  0.00509615  0.0111353  ...,  0.01733808  0.00411647
  -0.05205571]
 [-0.02967378  0.0111353   0.03214259 ...,  0.04142394  0.01457792
  -0.12012935]
 ..., 
 [-0.04606725  0.01733808  0.04142394 ...,  0.19826845  0.00984521
  -0.03784453]
 [-0.00755379  0.00411647  0.01457792 ...,  0.00984521  0.19741232
  -0.17626475]
 [ 0.197431   -0.05205571 -0.12012935 ..., -0.03784453 -0.17626475
   1.05266097]]"
"[[ 0.06274849 -0.0039221   0.02291338 ...,  0.0531396  -0.05140835
   0.05200799]
 [-0.0039221   0.00205174  0.00772741 ..., -0.00143247 -0.00089601
  -0.01497531]
 [ 0.02291338  0.00772741  0.05590427 ...,  0.01369929 -0.04697956
  -0.04960681]
 ..., 
 [ 0.0531396  -0.00143247  0.01369929 ...,  0.31227412  0.06232408
   0.25974255]
 [-0.05140835 -0.00089601 -0.04697956 ...,  0.06232408  0.13961009
   0.05478576]
 [ 0.05200799 -0.01497531 -0.04960681 ...,  0.25974255  0.05478576
   0.64500517]]"
"[[ 0.0647007  -0.00538294  0.02486429 ...,  0.11399422 -0.11029966
   0.15981705]
 [-0.00538294  0.00140698  0.00308734 ..., -0.00975371  0.01068555
  -0.02191041]
 [ 0.02486429  0.00308734  0.03894403 ...,  0.03527171 -0.03815257
   0.0185212 ]
 ..., 
 [ 0.11399422 -0.00975371  0.03527171 ...,  0.34682724 -0.16143379
   0.43160236]
 [-0.11029966  0.01068555 -0.03815257 ..., -0.16143379  0.34437331
  -0.28523918]
 [ 0.15981705 -0.02191041  0.0185212  ...,  0.43160236 -0.28523918
   0.82039322]]"
"[[  8.09464889e-02  -8.61359435e-03   2.38191356e-02 ...,   1.64484266e-01
   -1.18809820e-01   3.02047403e-01]
 [ -8.61359435e-03   1.61768477e-03   2.32262685e-03 ...,  -1.07474152e-02
    7.61904998e-02  -4.14314487e-02]
 [  2.38191356e-02   2.32262685e-03   4.08931475e-02 ...,   9.61548785e-02
    4.18616037e-01   2.57924546e-02]
 ..., 
 [  1.64484266e-01  -1.07474152e-02   9.61548785e-02 ...,   4.25557264e-01
    4.83297199e-01   5.24082481e-01]
 [ -1.18809820e-01   7.61904998e-02   4.18616037e-01 ...,   4.83297199e-01
    6.90243901e+00  -1.25922939e+00]
 [  3.02047403e-01  -4.14314487e-02   2.57924546e-02 ...,   5.24082481e-01
   -1.25922939e+00   1.31067937e+00]]"
"[[ 0.05637536 -0.01052567 -0.01464483 ...,  0.15779103  0.03189331
   0.16653366]
 [-0.01052567  0.00367448  0.01397495 ..., -0.03918067 -0.0044745
  -0.02635471]
 [-0.01464483  0.01397495  0.07845492 ..., -0.10661323 -0.00446267
  -0.0073579 ]
 ..., 
 [ 0.15779103 -0.03918067 -0.10661323 ...,  0.52305201  0.26384117
   0.38480257]
 [ 0.03189331 -0.0044745  -0.00446267 ...,  0.26384117  2.20978153
  -0.4968043 ]
 [ 0.16653366 -0.02635471 -0.0073579  ...,  0.38480257 -0.4968043
   0.81230782]]"
"[[  4.35239152e-01   3.87227528e-02   5.90043431e-01 ...,   2.61560112e-01
   -6.33900026e-01  -4.11004337e+00]
 [  3.87227528e-02   4.09207188e-03   5.75669386e-02 ...,   4.87085412e-02
   -8.03711103e-02  -4.40281084e-01]
 [  5.90043431e-01   5.75669386e-02   8.41235667e-01 ...,   5.87711498e-01
   -1.07547789e+00  -6.22057628e+00]
 ..., 
 [  2.61560112e-01   4.87085412e-02   5.87711498e-01 ...,   1.96421720e+00
   -1.95853184e+00  -6.86844317e+00]
 [ -6.33900026e-01  -8.03711103e-02  -1.07547789e+00 ...,  -1.95853184e+00
    2.33896074e+00   9.94343729e+00]
 [ -4.11004337e+00  -4.40281084e-01  -6.22057628e+00 ...,  -6.86844317e+00
    9.94343729e+00   5.01733060e+01]]"
"[[  1.53887223e+00  -5.49277468e-02   4.65245213e-01 ...,   9.35687317e-01
   -1.11764888e+00  -7.58369835e+00]
 [ -5.49277468e-02   3.76559750e-02   1.42472104e-01 ...,  -3.16826980e-01
    1.68389348e-01   7.09913339e-02]
 [  4.65245213e-01   1.42472104e-01   1.05234680e+00 ...,  -1.61203201e+00
    5.44760673e-01  -2.38803248e+00]
 ..., 
 [  9.35687317e-01  -3.16826980e-01  -1.61203201e+00 ...,   9.89479289e+00
   -9.87202459e+00  -9.13778440e+00]
 [ -1.11764888e+00   1.68389348e-01   5.44760673e-01 ...,  -9.87202459e+00
    2.07860440e+01   1.58090403e+01]
 [ -7.58369835e+00   7.09913339e-02  -2.38803248e+00 ...,  -9.13778440e+00
    1.58090403e+01   1.07520684e+02]]"
"[[  2.88368097e-01  -7.14872924e-02  -1.42925555e-01 ...,  -8.80181426e-01
    1.05859555e+00  -7.65646428e-01]
 [ -7.14872924e-02   4.81305038e-01   2.36296353e+00 ...,   5.76099249e+00
   -7.38231940e+00   6.84579066e-01]
 [ -1.42925555e-01   2.36296353e+00   1.18093813e+01 ...,   2.78973829e+01
   -3.56216438e+01   2.46759164e+00]
 ..., 
 [ -8.80181426e-01   5.76099249e+00   2.78973829e+01 ...,   7.32980203e+01
   -9.49369029e+01   9.79028601e+00]
 [  1.05859555e+00  -7.38231940e+00  -3.56216438e+01 ...,  -9.49369029e+01
    1.27451384e+02  -1.29559441e+01]
 [ -7.65646428e-01   6.84579066e-01   2.46759164e+00 ...,   9.79028601e+00
   -1.29559441e+01   1.11376460e+01]]"
"[[   4.56422284   -1.29074908   -4.15485691 ...,   17.76684359
    15.42978567   10.49352844]
 [  -1.29074908    0.47875002    1.81248928 ...,   -5.16024427
    -6.60192226   -1.88989293]
 [  -4.15485691    1.81248928    7.62800931 ...,  -20.76114511
   -30.98646984   -0.65328529]
 ..., 
 [  17.76684359   -5.16024427  -20.76114511 ...,  130.07437749
   126.82107216   -1.11208793]
 [  15.42978567   -6.60192226  -30.98646984 ...,  126.82107216
   171.80754207  -37.86478244]
 [  10.49352844   -1.88989293   -0.65328529 ...,   -1.11208793
   -37.86478244   75.9905317 ]]"
"[[  3.14437119e+00  -3.38686237e-01  -8.89130355e-02 ...,   8.58854498e+00
    6.36059900e+00   9.97721637e+00]
 [ -3.38686237e-01   1.37046069e-01   4.94685488e-01 ...,  -1.07718473e+00
   -4.55011804e-01  -1.47555785e+00]
 [ -8.89130355e-02   4.94685488e-01   2.86021491e+00 ...,  -6.87332907e+00
   -5.73560188e+00   7.88358138e-01]
 ..., 
 [  8.58854498e+00  -1.07718473e+00  -6.87332907e+00 ...,   1.00245104e+02
    9.19511111e+01   4.24540767e+00]
 [  6.36059900e+00  -4.55011804e-01  -5.73560188e+00 ...,   9.19511111e+01
    1.01519132e+02  -1.97242207e+01]
 [  9.97721637e+00  -1.47555785e+00   7.88358138e-01 ...,   4.24540767e+00
   -1.97242207e+01   6.58207782e+01]]"
"[[  2.08054602  -0.65945185  -0.9934419  ...,  -1.96588262  -3.98395411
   11.86595802]
 [ -0.65945185   0.30582707   0.82341341 ...,   0.56218466   1.5501639
   -4.49231136]
 [ -0.9934419    0.82341341   3.21580781 ...,   0.5969652    2.99391405
   -9.44732661]
 ..., 
 [ -1.96588262   0.56218466   0.5969652  ...,   2.61427597   5.09231548
   -9.53374107]
 [ -3.98395411   1.5501639    2.99391405 ...,   5.09231548  14.95785479
  -22.82472186]
 [ 11.86595802  -4.49231136  -9.44732661 ...,  -9.53374107 -22.82472186
   78.28486309]]"
"[[  1.64520498e+00  -2.82709979e-01  -4.75632445e-01 ...,  -3.38564824e-02
    3.95303611e+00   2.61789614e-01]
 [ -2.82709979e-01   5.94831362e-02   1.49299885e-01 ...,  -2.05879634e-01
   -9.84386696e-01  -2.30900876e-01]
 [ -4.75632445e-01   1.49299885e-01   1.29796400e+00 ...,  -3.02887102e+00
    4.69571057e-01   2.62638735e+00]
 ..., 
 [ -3.38564824e-02  -2.05879634e-01  -3.02887102e+00 ...,   8.26157464e+00
   -2.19861860e+00  -5.44868318e+00]
 [  3.95303611e+00  -9.84386696e-01   4.69571057e-01 ...,  -2.19861860e+00
    3.48366385e+01   2.40967673e+01]
 [  2.61789614e-01  -2.30900876e-01   2.62638735e+00 ...,  -5.44868318e+00
    2.40967673e+01   2.36435941e+01]]"
"[[  2.36334651e+00  -4.44486645e-02   8.41732485e-01 ...,  -1.46452416e+00
   -4.59596069e+00   7.30385408e+00]
 [ -4.44486645e-02   7.22256895e-02   2.89069384e-01 ...,  -4.01587046e-01
    2.53451391e-01   3.97578170e-01]
 [  8.41732485e-01   2.89069384e-01   1.65946920e+00 ...,  -2.41624145e+00
    6.75869323e-01   4.90255208e+00]
 ..., 
 [ -1.46452416e+00  -4.01587046e-01  -2.41624145e+00 ...,   2.78071344e+01
    2.76782530e+01  -1.21587292e+01]
 [ -4.59596069e+00   2.53451391e-01   6.75869323e-01 ...,   2.76782530e+01
    1.53982907e+02   1.68042063e+01]
 [  7.30385408e+00   3.97578170e-01   4.90255208e+00 ...,  -1.21587292e+01
    1.68042063e+01   7.18095009e+01]]"
"[[  13.83659412   -3.21780251   -6.66416416 ...,   10.96171554  -56.476485
   -21.36639215]
 [  -3.21780251    0.92308466    2.34573132 ...,   -4.09632513
    16.22139169    8.03960017]
 [  -6.66416416    2.34573132    6.97562141 ...,  -13.98537681   43.3619155
    23.79795945]
 ..., 
 [  10.96171554   -4.09632513  -13.98537681 ...,   56.8479095  -111.51908983
   -45.70680342]
 [ -56.476485     16.22139169   43.3619155  ..., -111.51908983
   366.09201062  147.46482722]
 [ -21.36639215    8.03960017   23.79795945 ...,  -45.70680342
   147.46482722   97.84985225]]"
"[[  5.39326717e-01   2.71372494e-02   3.67001410e-01 ...,  -7.76902795e-01
   -6.07253655e-02  -6.16537520e-01]
 [  2.71372494e-02   7.76915926e-03   4.69475329e-02 ...,  -4.75693708e-02
   -1.62585835e-01   2.76250336e-02]
 [  3.67001410e-01   4.69475329e-02   4.17001381e-01 ...,  -7.34965187e-01
   -7.76039139e-01  -4.37312424e-01]
 ..., 
 [ -7.76902795e-01  -4.75693708e-02  -7.34965187e-01 ...,   2.70578229e+00
    6.36206062e-01   1.08093587e+00]
 [ -6.07253655e-02  -1.62585835e-01  -7.76039139e-01 ...,   6.36206062e-01
    3.01851823e+01   3.39968426e+00]
 [ -6.16537520e-01   2.76250336e-02  -4.37312424e-01 ...,   1.08093587e+00
    3.39968426e+00   9.54317813e+00]]"
"[[  2.83202576e-01   1.55695865e-02   2.33124466e-01 ...,  -1.15941243e-01
    1.52824739e-01   6.47191418e-01]
 [  1.55695865e-02   1.58655923e-02   7.55924048e-02 ...,   1.33734308e-01
   -3.50382804e-01   2.13138942e-01]
 [  2.33124466e-01   7.55924048e-02   4.86676666e-01 ...,   5.45271992e-01
   -1.43468319e+00   1.26696869e+00]
 ..., 
 [ -1.15941243e-01   1.33734308e-01   5.45271992e-01 ...,   4.94945656e+00
   -2.40308725e+00   2.06801161e+00]
 [  1.52824739e-01  -3.50382804e-01  -1.43468319e+00 ...,  -2.40308725e+00
    1.57418235e+01  -4.39336604e+00]
 [  6.47191418e-01   2.13138942e-01   1.26696869e+00 ...,   2.06801161e+00
   -4.39336604e+00   7.44962836e+00]]"
"[[  2.23948100e-01  -1.39587393e-03   1.79276108e-01 ...,   6.10994568e-01
    8.72688587e-01  -1.13276385e+00]
 [ -1.39587393e-03   2.91461906e-02   8.40383201e-02 ...,  -2.49792485e-02
   -3.44784955e-01   1.01552750e+00]
 [  1.79276108e-01   8.40383201e-02   5.03493606e-01 ...,   5.00029113e-01
   -1.00007797e+00   5.05416400e-01]
 ..., 
 [  6.10994568e-01  -2.49792485e-02   5.00029113e-01 ...,   8.14702031e+00
    3.46218834e+00  -1.49200402e+01]
 [  8.72688587e-01  -3.44784955e-01  -1.00007797e+00 ...,   3.46218834e+00
    1.50380049e+01  -8.13160544e+00]
 [ -1.13276385e+00   1.01552750e+00   5.05416400e-01 ...,  -1.49200402e+01
   -8.13160544e+00   7.98727997e+01]]"
"[[  5.96073563e+00  -9.73664554e-02   4.80628159e-01 ...,  -1.67225792e+01
    1.24759826e+01  -9.54752178e+00]
 [ -9.73664554e-02   7.16946803e-03   2.72188774e-02 ...,   3.66643305e-01
   -2.79443100e-01   2.03237712e-01]
 [  4.80628159e-01   2.72188774e-02   2.67951814e-01 ...,  -7.16953641e-01
    5.44889146e-01  -4.48582643e-01]
 ..., 
 [ -1.67225792e+01   3.66643305e-01  -7.16953641e-01 ...,   4.95052519e+01
   -3.75208142e+01   2.82823371e+01]
 [  1.24759826e+01  -2.79443100e-01   5.44889146e-01 ...,  -3.75208142e+01
    3.28870556e+01  -2.05345074e+01]
 [ -9.54752178e+00   2.03237712e-01  -4.48582643e-01 ...,   2.82823371e+01
   -2.05345074e+01   1.68316545e+01]]"
"[[  0.37089469   0.06489551   0.38068449 ...,  -0.25641362   1.59730153
   -0.8484128 ]
 [  0.06489551   0.08775843   0.44228512 ...,  -0.38587658  -0.20963252
   -1.35021363]
 [  0.38068449   0.44228512   2.30028337 ...,  -1.73119647  -0.44192815
   -8.21864808]
 ..., 
 [ -0.25641362  -0.38587658  -1.73119647 ...,   4.71496425   3.88273001
   -2.31338771]
 [  1.59730153  -0.20963252  -0.44192815 ...,   3.88273001  13.31869234
   -6.30847304]
 [ -0.8484128   -1.35021363  -8.21864808 ...,  -2.31338771  -6.30847304
   59.78742673]]"
"[[  1.17565605e+00  -9.53133769e-02   3.19530965e-01 ...,  -4.31738708e-01
    1.22031928e+00  -3.79831996e+00]
 [ -9.53133769e-02   9.45668911e-03  -2.11792253e-02 ...,   1.68776272e-02
   -5.95795315e-02   2.80048228e-01]
 [  3.19530965e-01  -2.11792253e-02   1.09376218e-01 ...,  -1.60688389e-01
    4.67672244e-01  -1.16277029e+00]
 ..., 
 [ -4.31738708e-01   1.68776272e-02  -1.60688389e-01 ...,   2.47065546e+00
   -1.06331830e+00   1.99354674e+00]
 [  1.22031928e+00  -5.95795315e-02   4.67672244e-01 ...,  -1.06331830e+00
    3.32310266e+00  -4.24252158e+00]
 [ -3.79831996e+00   2.80048228e-01  -1.16277029e+00 ...,   1.99354674e+00
   -4.24252158e+00   1.45324425e+01]]"
"[[  5.91706646  -0.56001309   1.87964951 ...,   5.47228475  10.66279893
  -15.29775224]
 [ -0.56001309   0.1373721    0.10822592 ...,  -1.81959566  -1.19318492
    2.26250496]
 [  1.87964951   0.10822592   1.57099268 ...,  -2.45803761   2.775452
   -2.20175178]
 ..., 
 [  5.47228475  -1.81959566  -2.45803761 ...,  41.71391011  13.42143568
  -34.01311514]
 [ 10.66279893  -1.19318492   2.775452   ...,  13.42143568  19.79624682
  -29.60001889]
 [-15.29775224   2.26250496  -2.20175178 ..., -34.01311514 -29.60001889
   51.07456615]]"
"[[  3.49872174  -0.4857203   -0.45950227 ...,  -4.20038221  -8.55828657
   -2.11625002]
 [ -0.4857203    0.10913938   0.2798644  ...,   0.76380177   1.53855501
    0.21475651]
 [ -0.45950227   0.2798644    1.32597474 ...,   0.71606276   4.58045513
   -0.31860368]
 ..., 
 [ -4.20038221   0.76380177   0.71606276 ...,  39.96922019  -1.93668297
    5.12056101]
 [ -8.55828657   1.53855501   4.58045513 ...,  -1.93668297  73.53445008
   20.73501819]
 [ -2.11625002   0.21475651  -0.31860368 ...,   5.12056101  20.73501819
   29.49466215]]"
"[[  1.54949385e+00   6.55937414e-03   1.12732951e+00 ...,  -7.17550855e+00
   -7.73343985e-01  -5.94125809e-01]
 [  6.55937414e-03   3.80998313e-02   1.93783190e-01 ...,   8.11982402e-01
    2.36542238e-01   1.87692063e-01]
 [  1.12732951e+00   1.93783190e-01   1.97252223e+00 ...,  -4.06922789e+00
    1.54555694e+00   8.36349917e-01]
 ..., 
 [ -7.17550855e+00   8.11982402e-01  -4.06922789e+00 ...,   1.26780792e+02
   -6.35936918e+00   1.27154104e+01]
 [ -7.73343985e-01   2.36542238e-01   1.54555694e+00 ...,  -6.35936918e+00
    3.99355788e+01  -5.08359823e+00]
 [ -5.94125809e-01   1.87692063e-01   8.36349917e-01 ...,   1.27154104e+01
   -5.08359823e+00   2.30596921e+01]]"
"[[  8.73537278e-01   2.55932601e-02   7.55637412e-01 ...,  -2.55417228e+00
    6.08225229e-01   3.02770096e-01]
 [  2.55932601e-02   4.80863089e-02   2.12597130e-01 ...,  -3.17889477e-01
   -8.98489571e-01   6.75788371e-02]
 [  7.55637412e-01   2.12597130e-01   1.48719213e+00 ...,  -4.32310592e+00
   -2.64150396e+00   8.02773091e-02]
 ..., 
 [ -2.55417228e+00  -3.17889477e-01  -4.32310592e+00 ...,   3.37330219e+01
   -5.78893321e+00   8.69081581e+00]
 [  6.08225229e-01  -8.98489571e-01  -2.64150396e+00 ...,  -5.78893321e+00
    2.76707536e+01  -3.21609382e+00]
 [  3.02770096e-01   6.75788371e-02   8.02773091e-02 ...,   8.69081581e+00
   -3.21609382e+00   5.77579722e+00]]"
"[[  1.23358495e+00  -2.91147768e-02   8.58823807e-01 ...,  -7.32660099e-01
    1.42550416e+00   2.43843958e-01]
 [ -2.91147768e-02   8.24739513e-03   1.43559299e-02 ...,  -3.85058352e-02
    9.70077175e-02   6.35845634e-02]
 [  8.58823807e-01   1.43559299e-02   8.06563124e-01 ...,  -1.04421583e+00
    1.34648387e+00   3.08810523e-01]
 ..., 
 [ -7.32660099e-01  -3.85058352e-02  -1.04421583e+00 ...,   2.92041309e+00
   -1.71427176e+00   2.02098838e-01]
 [  1.42550416e+00   9.70077175e-02   1.34648387e+00 ...,  -1.71427176e+00
    1.61100280e+01  -3.00146748e-01]
 [  2.43843958e-01   6.35845634e-02   3.08810523e-01 ...,   2.02098838e-01
   -3.00146748e-01   7.40028950e+00]]"
"[[  3.84285377e+00  -1.87439844e-01   1.90695461e+00 ...,   7.36623029e+00
    5.56879071e+00   1.24709027e+01]
 [ -1.87439844e-01   1.82030951e-02  -4.55348717e-02 ...,  -5.50538321e-01
   -6.05389012e-02  -7.10850333e-01]
 [  1.90695461e+00  -4.55348717e-02   1.26179509e+00 ...,   1.91301992e+00
    4.07699669e+00   4.83839710e+00]
 ..., 
 [  7.36623029e+00  -5.50538321e-01   1.91301992e+00 ...,   2.69184257e+01
    4.21014650e+00   3.48525075e+01]
 [  5.56879071e+00  -6.05389012e-02   4.07699669e+00 ...,   4.21014650e+00
    1.50668991e+01   1.35058598e+01]
 [  1.24709027e+01  -7.10850333e-01   4.83839710e+00 ...,   3.48525075e+01
    1.35058598e+01   5.31351327e+01]]"
"[[  2.89132275e-01  -4.85002427e-03   2.61826477e-01 ...,  -3.48495439e-01
    7.05760296e-01   1.07492742e-01]
 [ -4.85002427e-03   2.01530721e-02   5.70679470e-02 ...,   3.31697867e-02
   -2.64096781e-02   7.66463766e-02]
 [  2.61826477e-01   5.70679470e-02   4.53727746e-01 ...,  -3.87637444e-01
    7.12160610e-01   2.86022314e-01]
 ..., 
 [ -3.48495439e-01   3.31697867e-02  -3.87637444e-01 ...,   1.66354134e+00
   -7.77628639e-01   2.09961843e-01]
 [  7.05760296e-01  -2.64096781e-02   7.12160610e-01 ...,  -7.77628639e-01
    5.54709653e+00   4.11842245e-02]
 [  1.07492742e-01   7.66463766e-02   2.86022314e-01 ...,   2.09961843e-01
    4.11842245e-02   7.21261904e-01]]"
"[[  1.96071598e-01  -2.09885975e-02   5.24442480e-02 ...,   5.79605996e-02
   -1.03619165e-01   2.80989629e-02]
 [ -2.09885975e-02   4.83685558e-03   3.77421498e-03 ...,  -1.42748172e-02
    1.43914744e-02  -2.26795219e-02]
 [  5.24442480e-02   3.77421498e-03   6.43553824e-02 ...,  -5.97577062e-03
   -6.14830004e-02   2.06253951e-01]
 ..., 
 [  5.79605996e-02  -1.42748172e-02  -5.97577062e-03 ...,   2.12434582e-01
    6.78829357e-02   3.49806614e-01]
 [ -1.03619165e-01   1.43914744e-02  -6.14830004e-02 ...,   6.78829357e-02
    2.32577169e+00  -3.34653899e-01]
 [  2.80989629e-02  -2.26795219e-02   2.06253951e-01 ...,   3.49806614e-01
   -3.34653899e-01   5.63170864e+00]]"
"[[ 0.21052897 -0.04003549 -0.06873935 ...,  0.26163077  0.72631903
  -0.93943751]
 [-0.04003549  0.01616739  0.0540735  ..., -0.04283346 -0.15183013
   0.16201321]
 [-0.06873935  0.0540735   0.23265729 ..., -0.10849513 -0.33228686
   0.25343698]
 ..., 
 [ 0.26163077 -0.04283346 -0.10849513 ...,  0.71697126  0.98483623
  -1.20756017]
 [ 0.72631903 -0.15183013 -0.33228686 ...,  0.98483623  3.49929836
  -3.46332066]
 [-0.93943751  0.16201321  0.25343698 ..., -1.20756017 -3.46332066
   5.09171252]]"
"[[  4.57938535e+00  -3.47794668e-01   3.06554431e-01 ...,  -1.03459483e+00
    6.56341571e+00  -6.26028893e-01]
 [ -3.47794668e-01   1.14512790e-01   2.86613109e-01 ...,   4.03102381e-02
   -8.16029497e-01  -1.01428893e+00]
 [  3.06554431e-01   2.86613109e-01   1.31046981e+00 ...,   3.21291825e-01
   -2.04687512e+00  -2.70255349e+00]
 ..., 
 [ -1.03459483e+00   4.03102381e-02   3.21291825e-01 ...,   1.89872420e+01
   -2.45205760e+01   1.63053080e+01]
 [  6.56341571e+00  -8.16029497e-01  -2.04687512e+00 ...,  -2.45205760e+01
    5.45475062e+01  -2.00281274e+01]
 [ -6.26028893e-01  -1.01428893e+00  -2.70255349e+00 ...,   1.63053080e+01
   -2.00281274e+01   3.85401498e+01]]"
"[[   4.90971692   -0.78262495   -0.20203694 ...,    7.82928915   -8.4308697
     6.67911652]
 [  -0.78262495    0.30420046    0.36600922 ...,    0.42807914
     5.90670163   -0.67975388]
 [  -0.20203694    0.36600922    1.09321012 ...,    0.90393278
    11.34869305   -1.23659608]
 ..., 
 [   7.82928915    0.42807914    0.90393278 ...,   56.57199753
    12.66325841   32.17856053]
 [  -8.4308697     5.90670163   11.34869305 ...,   12.66325841  150.5861464
   -12.08287729]
 [   6.67911652   -0.67975388   -1.23659608 ...,   32.17856053
   -12.08287729   32.36261651]]"
"[[  2.55412169  -0.37761465  -0.3556749  ...,  -0.54427985  -4.35248911
   -3.36304137]
 [ -0.37761465   0.07207959   0.08193836 ...,   0.36744793   1.00845251
    0.86180655]
 [ -0.3556749    0.08193836   0.29786929 ...,  -0.50475626   0.2487574
   -1.21666458]
 ..., 
 [ -0.54427985   0.36744793  -0.50475626 ...,  12.19587123  14.11187297
   21.22159766]
 [ -4.35248911   1.00845251   0.2487574  ...,  14.11187297  22.97959073
   27.27137799]
 [ -3.36304137   0.86180655  -1.21666458 ...,  21.22159766  27.27137799
   44.77772801]]"
"[[  5.66714608e-01  -4.10142201e-02  -8.89628821e-03 ...,   1.25213146e+00
   -3.81168165e-01   3.19777415e+00]
 [ -4.10142201e-02   4.01396820e-02   1.48342619e-01 ...,   2.27173393e-01
    1.59714275e-01   2.72443022e-01]
 [ -8.89628821e-03   1.48342619e-01   6.29730575e-01 ...,   9.26080197e-01
    8.22455804e-01   1.63488985e+00]
 ..., 
 [  1.25213146e+00   2.27173393e-01   9.26080197e-01 ...,   8.30471189e+00
   -2.32211476e+00   1.45586292e+01]
 [ -3.81168165e-01   1.59714275e-01   8.22455804e-01 ...,  -2.32211476e+00
    4.47934602e+00  -2.43509533e+00]
 [  3.19777415e+00   2.72443022e-01   1.63488985e+00 ...,   1.45586292e+01
   -2.43509533e+00   3.16361829e+01]]"
"[[  1.15174012e+00  -2.00172136e-01  -3.16712572e-01 ...,   3.69389688e-01
   -5.86505829e-01  -1.02093275e+00]
 [ -2.00172136e-01   4.59630185e-02   9.46661908e-02 ...,  -2.64519562e-02
   -3.90103720e-02  -1.20485336e-01]
 [ -3.16712572e-01   9.46661908e-02   2.40721327e-01 ...,  -8.19362840e-03
   -2.35253335e-01  -8.65462024e-01]
 ..., 
 [  3.69389688e-01  -2.64519562e-02  -8.19362840e-03 ...,   8.64905714e-01
   -1.08100448e+00  -1.27979256e+00]
 [ -5.86505829e-01  -3.90103720e-02  -2.35253335e-01 ...,  -1.08100448e+00
    3.58929129e+00   4.09035175e+00]
 [ -1.02093275e+00  -1.20485336e-01  -8.65462024e-01 ...,  -1.27979256e+00
    4.09035175e+00   1.42413802e+01]]"
"[[  1.25925771  -0.10928328   0.65421949 ...,  -0.79468462  -3.80045042
    0.06945061]
 [ -0.10928328   0.06237955   0.14725631 ...,   0.3461135   -0.24481108
   -0.28872249]
 [  0.65421949   0.14725631   1.35321794 ...,  -0.52846231  -4.68906652
   -1.99983193]
 ..., 
 [ -0.79468462   0.3461135   -0.52846231 ...,  12.05024314   1.94000704
    2.41417589]
 [ -3.80045042  -0.24481108  -4.68906652 ...,   1.94000704  25.40430032
    3.83606016]
 [  0.06945061  -0.28872249  -1.99983193 ...,   2.41417589   3.83606016
   20.53291495]]"
"[[ 27.14736399  -3.24118813   9.43599841 ..., -27.52751637 -28.1560924
  -10.67073895]
 [ -3.24118813   0.47286357  -0.80502108 ...,   3.87387732   2.5709901
    0.35184921]
 [  9.43599841  -0.80502108   4.55799709 ...,  -8.60999424 -13.63359516
   -7.48035014]
 ..., 
 [-27.52751637   3.87387732  -8.60999424 ...,  56.57525751  39.14955635
   10.35136332]
 [-28.1560924    2.5709901  -13.63359516 ...,  39.14955635  54.57667797
   25.43037353]
 [-10.67073895   0.35184921  -7.48035014 ...,  10.35136332  25.43037353
   19.17670096]]"
"[[  0.74687434  -0.26020353  -0.75871646 ...,  -2.23295348  -0.84744416
    1.91537228]
 [ -0.26020353   0.13105859   0.40929995 ...,   1.36246837   0.61651714
   -0.92780748]
 [ -0.75871646   0.40929995   1.46651721 ...,   3.20171999   1.24584185
   -3.10865212]
 ..., 
 [ -2.23295348   1.36246837   3.20171999 ...,  29.77608399  11.02170857
   -7.58572644]
 [ -0.84744416   0.61651714   1.24584185 ...,  11.02170857  16.14038462
   -5.26536983]
 [  1.91537228  -0.92780748  -3.10865212 ...,  -7.58572644  -5.26536983
   10.21910425]]"
"[[  0.16727344  -0.04971135  -0.22018858 ...,  -1.02342233   0.97460051
    0.52733173]
 [ -0.04971135   0.08583495   0.37068798 ...,   0.1655244    0.31850833
   -0.56659009]
 [ -0.22018858   0.37068798   1.82231409 ...,   2.38421918  -0.7603967
   -2.13596525]
 ..., 
 [ -1.02342233   0.1655244    2.38421918 ...,  21.56006521 -22.39481135
   -0.91323071]
 [  0.97460051   0.31850833  -0.7603967  ..., -22.39481135  31.83055536
   -4.35471569]
 [  0.52733173  -0.56659009  -2.13596525 ...,  -0.91323071  -4.35471569
    6.72344427]]"
"[[  8.87469829e-01  -3.13865360e-01  -5.95750234e-01 ...,   5.11931414e-02
   -9.51245801e+00  -6.07377739e+00]
 [ -3.13865360e-01   1.60480526e-01   4.21470037e-01 ...,  -1.70567053e-01
    4.23717819e+00   2.35110601e+00]
 [ -5.95750234e-01   4.21470037e-01   1.97186255e+00 ...,   4.40474920e+00
    6.42868986e+00   4.31545203e+00]
 ..., 
 [  5.11931414e-02  -1.70567053e-01   4.40474920e+00 ...,   3.94773156e+01
   -3.23960881e+01  -7.13859677e+00]
 [ -9.51245801e+00   4.23717819e+00   6.42868986e+00 ...,  -3.23960881e+01
    1.51076582e+02   8.28664928e+01]
 [ -6.07377739e+00   2.35110601e+00   4.31545203e+00 ...,  -7.13859677e+00
    8.28664928e+01   5.41452792e+01]]"
"[[  1.49478363e+00  -3.50912657e-01  -7.00586181e-02 ...,  -9.06456652e-01
   -8.52008261e+00  -5.11346429e+00]
 [ -3.50912657e-01   1.06937735e-01   1.08398921e-01 ...,   2.28987931e-01
    2.35233341e+00   1.06805155e+00]
 [ -7.00586181e-02   1.08398921e-01   4.06520251e-01 ...,   1.69812785e-01
    5.28176016e-01  -3.98250238e-01]
 ..., 
 [ -9.06456652e-01   2.28987931e-01   1.69812785e-01 ...,   1.12486122e+00
    4.72571911e+00   2.84876765e+00]
 [ -8.52008261e+00   2.35233341e+00   5.28176016e-01 ...,   4.72571911e+00
    1.04789539e+02   4.06110711e+01]
 [ -5.11346429e+00   1.06805155e+00  -3.98250238e-01 ...,   2.84876765e+00
    4.06110711e+01   2.32254021e+01]]"
"[[  0.95378607   0.20149213   1.56789813 ...,   3.03124855  -0.63598559
   -4.04634797]
 [  0.20149213   0.05933847   0.40151884 ...,   0.66304684  -0.12800458
   -1.30894548]
 [  1.56789813   0.40151884   2.87271157 ...,   5.15821661  -1.0487055
   -8.50525803]
 ..., 
 [  3.03124855   0.66304684   5.15821661 ...,  30.61798274  -9.71579193
   -0.90124546]
 [ -0.63598559  -0.12800458  -1.0487055  ...,  -9.71579193   3.3529367
   -2.14016166]
 [ -4.04634797  -1.30894548  -8.50525803 ...,  -0.90124546  -2.14016166
   37.4866992 ]]"
"[[  2.85596236e+00  -1.23659760e+00  -1.08525451e+00 ...,  -5.72102038e+00
   -5.23666046e+01  -2.69574580e+01]
 [ -1.23659760e+00   6.19923256e-01   5.17048287e-01 ...,   3.12856325e+00
    2.95105069e+01   1.42100164e+01]
 [ -1.08525451e+00   5.17048287e-01   5.07043783e-01 ...,   2.44752572e+00
    2.34353899e+01   1.12801453e+01]
 ..., 
 [ -5.72102038e+00   3.12856325e+00   2.44752572e+00 ...,   1.79038685e+01
    1.57832556e+02   7.49872405e+01]
 [ -5.23666046e+01   2.95105069e+01   2.34353899e+01 ...,   1.57832556e+02
    1.52489849e+03   7.01795803e+02]
 [ -2.69574580e+01   1.42100164e+01   1.12801453e+01 ...,   7.49872405e+01
    7.01795803e+02   3.34806804e+02]]"
"[[  1.37678554e+01  -1.98815538e-02   1.04152732e+01 ...,   1.24124459e+01
   -5.04531512e+00  -6.01656950e+01]
 [ -1.98815538e-02   9.23326063e-04  -8.52239427e-03 ...,  -1.09995561e-02
   -3.63238121e-03   7.58176948e-02]
 [  1.04152732e+01  -8.52239427e-03   7.94588683e+00 ...,   9.52620764e+00
   -4.00821141e+00  -4.57132144e+01]
 ..., 
 [  1.24124459e+01  -1.09995561e-02   9.52620764e+00 ...,   1.18340531e+01
   -5.19111250e+00  -5.46767025e+01]
 [ -5.04531512e+00  -3.63238121e-03  -4.00821141e+00 ...,  -5.19111250e+00
    2.87615528e+00   2.23643724e+01]
 [ -6.01656950e+01   7.58176948e-02  -4.57132144e+01 ...,  -5.46767025e+01
    2.23643724e+01   2.65411051e+02]]"
"[[  1.02692036e+00   2.35495558e-02   9.37511576e-01 ...,  -8.34480469e-01
   -2.33216075e+00  -3.78668356e+00]
 [  2.35495558e-02   3.26032342e-02   1.15204147e-01 ...,  -1.82653749e-01
   -2.21736578e-01  -2.08870478e-01]
 [  9.37511576e-01   1.15204147e-01   1.19859913e+00 ...,  -1.78443993e+00
   -1.71501807e+00  -3.66976028e+00]
 ..., 
 [ -8.34480469e-01  -1.82653749e-01  -1.78443993e+00 ...,   1.93094609e+01
   -1.56510458e+00   3.13600089e+00]
 [ -2.33216075e+00  -2.21736578e-01  -1.71501807e+00 ...,  -1.56510458e+00
    2.74444786e+01   1.28277922e+01]
 [ -3.78668356e+00  -2.08870478e-01  -3.66976028e+00 ...,   3.13600089e+00
    1.28277922e+01   6.78238856e+01]]"
"[[  1.22980436e+02   6.76288715e+00   1.04544231e+02 ...,  -2.41565094e+02
   -3.72447289e+02   2.15922808e+02]
 [  6.76288715e+00   5.72504798e-01   6.13195981e+00 ...,  -1.34865129e+01
   -2.59968875e+01   1.35516873e+01]
 [  1.04544231e+02   6.13195981e+00   8.97452627e+01 ...,  -2.04711806e+02
   -3.25681803e+02   1.85759318e+02]
 ..., 
 [ -2.41565094e+02  -1.34865129e+01  -2.04711806e+02 ...,   4.89896334e+02
    7.54839760e+02  -4.34570863e+02]
 [ -3.72447289e+02  -2.59968875e+01  -3.25681803e+02 ...,   7.54839760e+02
    1.30733061e+03  -7.14674741e+02]
 [  2.15922808e+02   1.35516873e+01   1.85759318e+02 ...,  -4.34570863e+02
   -7.14674741e+02   4.14061068e+02]]"
"[[   9.57491135    2.27082674   14.75336597 ...,  -12.43399603
   -57.29990352    7.57345828]
 [   2.27082674    1.1496168     6.25271103 ...,   -9.48365032
   -20.08398147    1.47146352]
 [  14.75336597    6.25271103   35.29396413 ...,  -51.03285232
  -118.55510703   11.01985591]
 ..., 
 [ -12.43399603   -9.48365032  -51.03285232 ...,  129.7310121   162.80166411
   -23.82480847]
 [ -57.29990352  -20.08398147 -118.55510703 ...,  162.80166411
